MONTH,DAY_OF_MONTH,DAY_OF_WEEK,OP_UNIQUE_CARRIER,TAIL_NUM,OP_CARRIER_FL_NUM,ORIGIN_AIRPORT_ID,ORIGIN,ORIGIN_CITY_NAME,DEST_AIRPORT_ID,DEST,DEST_CITY_NAME,CRS_DEP_TIME,DEP_TIME,DEP_DELAY_NEW,DEP_DEL15,DEP_TIME_BLK,CRS_ARR_TIME,ARR_TIME,ARR_DELAY_NEW,ARR_TIME_BLK,CANCELLED,CANCELLATION_CODE,CRS_ELAPSED_TIME,ACTUAL_ELAPSED_TIME,DISTANCE,DISTANCE_GROUP,CARRIER_DELAY,WEATHER_DELAY,NAS_DELAY,SECURITY_DELAY,LATE_AIRCRAFT_DELAY,...33
1,9,3,9E,N923XJ,5271,12478,JFK,"New York, NY",10792,BUF,"Buffalo, NY",2129,2147,18,1,2100-2159,2305,2303,0,2300-2359,0,,96,76,301,2,,,,,,
1,16,3,DL,N776DE,1012,12892,LAX,"Los Angeles, CA",14492,RDU,"Raleigh/Durham, NC",1035,1035,0,0,1000-1059,1815,1815,0,1800-1859,0,,280,280,2239,9,,,,,,
1,12,6,OO,N710SK,3257,11298,DFW,"Dallas/Fort Worth, TX",13377,MLU,"Monroe, LA",2050,2040,0,0,2000-2059,2205,2150,0,2200-2259,0,,75,70,293,2,,,,,,
1,19,6,NK,N903NK,762,15304,TPA,"Tampa, FL",10397,ATL,"Atlanta, GA",1130,1210,40,1,1100-1159,1309,1343,34,1300-1359,0,,99,93,406,2,9,0,25,0,0,
1,20,7,MQ,N263NN,3990,13930,ORD,"Chicago, IL",11618,EWR,"Newark, NJ",1512,,,,1500-1559,1827,,,1800-1859,1,C,135,,719,3,,,,,,
1,22,2,YX,N115HQ,4482,14122,PIT,"Pittsburgh, PA",11278,DCA,"Washington, DC",0621,0621,0,0,0600-0659,0739,0810,31,0700-0759,0,,78,109,204,1,0,0,31,0,0,
1,2,3,9E,N934XJ,5406,10792,BUF,"Buffalo, NY",12953,LGA,"New York, NY",0630,0627,0,0,0600-0659,0816,0744,0,0800-0859,0,,106,77,292,2,,,,,,
1,17,4,OO,N715SK,3139,12892,LAX,"Los Angeles, CA",11638,FAT,"Fresno, CA",1032,1032,0,0,1000-1059,1138,1145,7,1100-1159,0,,66,73,209,1,,,,,,
1,4,5,DL,N828DN,2555,12889,LAS,"Las Vegas, NV",13487,MSP,"Minneapolis, MN",1437,1451,14,0,1400-1459,1945,1937,0,1900-1959,0,,188,166,1299,6,,,,,,
1,15,2,WN,N7752B,310,12339,IND,"Indianapolis, IN",10821,BWI,"Baltimore, MD",0720,0716,0,0,0700-0759,0855,0853,0,0800-0859,0,,95,97,516,3,,,,,,
1,12,6,OO,N262SY,3736,13487,MSP,"Minneapolis, MN",13930,ORD,"Chicago, IL",1518,1557,39,1,1500-1559,1706,1731,25,1700-1759,0,,108,94,334,2,0,0,23,0,2,
1,22,2,AS,N848VA,1642,14057,PDX,"Portland, OR",12889,LAS,"Las Vegas, NV",1825,1902,37,1,1800-1859,2030,2100,30,2000-2059,0,,125,118,763,4,0,0,0,0,30,
1,28,1,WN,N733SA,1766,14893,SMF,"Sacramento, CA",14057,PDX,"Portland, OR",0635,0628,0,0,0600-0659,0805,0759,0,0800-0859,0,,90,91,479,2,,,,,,
1,23,3,F9,N719FR,100,10397,ATL,"Atlanta, GA",14843,SJU,"San Juan, PR",1112,1104,0,0,1100-1159,1547,1537,0,1500-1559,0,,215,213,1547,7,,,,,,
1,22,2,WN,N710SW,775,12889,LAS,"Las Vegas, NV",12892,LAX,"Los Angeles, CA",2140,2139,0,0,2100-2159,2255,2241,0,2200-2259,0,,75,62,236,1,,,,,,
1,23,3,OO,N208SY,5396,14771,SFO,"San Francisco, CA",15376,TUS,"Tucson, AZ",1910,1905,0,0,1900-1959,2218,2154,0,2200-2259,0,,128,109,751,4,,,,,,
1,13,7,AA,N975AN,2390,13303,MIA,"Miami, FL",13204,MCO,"Orlando, FL",1935,1933,0,0,1900-1959,2043,2034,0,2000-2059,0,,68,61,192,1,,,,,,
1,30,3,DL,N848DN,2184,10140,ABQ,"Albuquerque, NM",10397,ATL,"Atlanta, GA",0605,0559,0,0,0600-0659,1105,1047,0,1100-1159,0,,180,168,1269,6,,,,,,
1,31,4,NK,N692NK,734,11298,DFW,"Dallas/Fort Worth, TX",11433,DTW,"Detroit, MI",2025,2055,30,1,2000-2059,2359,0047,48,2300-2359,0,,154,172,986,4,0,0,18,0,30,
1,26,6,AA,N585UW,1694,11057,CLT,"Charlotte, NC",13303,MIA,"Miami, FL",0735,0734,0,0,0700-0759,0945,0936,0,0900-0959,0,,130,122,650,3,,,,,,
1,14,1,DL,N390DA,1386,13244,MEM,"Memphis, TN",12892,LAX,"Los Angeles, CA",0601,0553,0,0,0600-0659,0820,0818,0,0800-0859,0,,259,265,1619,7,,,,,,
1,2,3,WN,N7752B,362,12889,LAS,"Las Vegas, NV",14831,SJC,"San Jose, CA",1415,1415,0,0,1400-1459,1545,1531,0,1500-1559,0,,90,76,386,2,,,,,,
1,10,4,OO,N760SK,3268,11298,DFW,"Dallas/Fort Worth, TX",12448,JAN,"Jackson/Vicksburg, MS",1430,1444,14,0,1400-1459,1554,1600,6,1500-1559,0,,84,76,408,2,,,,,,
1,3,4,DL,N915AT,2443,14869,SLC,"Salt Lake City, UT",14831,SJC,"San Jose, CA",2215,2207,0,0,2200-2259,2323,2249,0,2300-2359,0,,128,102,584,3,,,,,,
1,27,7,OH,N725PS,5251,11057,CLT,"Charlotte, NC",11617,EWN,"New Bern/Morehead/Beaufort, NC",2220,2214,0,0,2200-2259,2320,2320,0,2300-2359,0,,60,66,221,1,,,,,,
1,11,5,B6,N589JB,675,12478,JFK,"New York, NY",13495,MSY,"New Orleans, LA",0728,0728,0,0,0700-0759,1001,0936,0,1000-1059,0,,213,188,1182,5,,,,,,
1,17,4,AS,N844VA,1958,14771,SFO,"San Francisco, CA",14679,SAN,"San Diego, CA",1500,1455,0,0,1500-1559,1630,1629,0,1600-1659,0,,90,94,447,2,,,,,,
1,31,4,UA,N68817,444,12889,LAS,"Las Vegas, NV",12892,LAX,"Los Angeles, CA",0745,0737,0,0,0700-0759,0919,0951,32,0900-0959,0,,94,134,236,1,0,0,32,0,0,
1,2,3,OH,N516AE,5580,11057,CLT,"Charlotte, NC",11953,GNV,"Gainesville, FL",2210,2208,0,0,2200-2259,2334,2340,6,2300-2359,0,,84,92,388,2,,,,,,
1,3,4,OO,N429SW,3594,14869,SLC,"Salt Lake City, UT",14252,PSC,"Pasco/Kennewick/Richland, WA",1511,1504,0,0,1500-1559,1608,1544,0,1600-1659,0,,117,100,521,3,,,,,,
1,9,3,UA,N418UA,816,14747,SEA,"Seattle, WA",14771,SFO,"San Francisco, CA",1435,1426,0,0,1400-1459,1648,1632,0,1600-1659,0,,133,126,679,3,,,,,,
1,11,5,YX,N649RW,3757,10693,BNA,"Nashville, TN",12266,IAH,"Houston, TX",1825,1816,0,0,1800-1859,2050,2040,0,2000-2059,0,,145,144,657,3,,,,,,
1,21,1,AA,N952UW,2138,11278,DCA,"Washington, DC",10721,BOS,"Boston, MA",2200,,,,2200-2259,2326,,,2300-2359,1,B,86,,399,2,,,,,,
1,17,4,G4,222NV,412,15412,TYS,"Knoxville, TN",14112,PIE,"St. Petersburg, FL",1243,1236,0,0,1200-1259,1423,1408,0,1400-1459,0,,100,92,550,3,,,,,,
1,21,1,UA,N407UA,427,13930,ORD,"Chicago, IL",12953,LGA,"New York, NY",0730,0729,0,0,0700-0759,1041,1057,16,1000-1059,0,,131,148,733,3,0,0,16,0,0,
1,4,5,WN,N8515X,2728,13232,MDW,"Chicago, IL",10821,BWI,"Baltimore, MD",0530,0527,0,0,0001-0559,0815,0802,0,0800-0859,0,,105,95,611,3,,,,,,
1,2,3,WN,N766SW,4963,13232,MDW,"Chicago, IL",12892,LAX,"Los Angeles, CA",0720,0719,0,0,0700-0759,1005,0940,0,1000-1059,0,,285,261,1750,8,,,,,,
1,22,2,B6,N590JB,22,14027,PBI,"West Palm Beach/Palm Beach, FL",10721,BOS,"Boston, MA",2020,0101,281,1,2000-2059,2317,0349,272,2300-2359,0,,177,168,1197,5,238,0,0,0,34,
1,7,1,YX,N441YX,4642,11278,DCA,"Washington, DC",13487,MSP,"Minneapolis, MN",1509,1457,0,0,1500-1559,1711,1654,0,1700-1759,0,,182,177,931,4,,,,,,
1,28,1,DL,N353NB,883,14574,ROA,"Roanoke, VA",10397,ATL,"Atlanta, GA",0710,0734,24,1,0700-0759,0853,0918,25,0800-0859,0,,103,104,357,2,24,0,1,0,0,
1,2,3,WN,N447WN,3328,10423,AUS,"Austin, TX",12206,HRL,"Harlingen/San Benito, TX",1850,1935,45,1,1800-1859,1955,2044,49,1900-1959,0,,65,69,273,2,16,0,4,0,29,
1,3,4,UA,N45440,1900,14771,SFO,"San Francisco, CA",14679,SAN,"San Diego, CA",1100,1119,19,1,1100-1159,1229,1244,15,1200-1259,0,,89,85,447,2,15,0,0,0,0,
1,25,5,AA,N978UY,1677,10721,BOS,"Boston, MA",14100,PHL,"Philadelphia, PA",1617,1610,0,0,1600-1659,1805,1746,0,1800-1859,0,,108,96,280,2,,,,,,
1,19,6,WN,N7739A,4271,14107,PHX,"Phoenix, AZ",11259,DAL,"Dallas, TX",0630,0629,0,0,0600-0659,0945,0938,0,0900-0959,0,,135,129,879,4,,,,,,
1,10,4,YV,N922FJ,5753,12896,LBB,"Lubbock, TX",11298,DFW,"Dallas/Fort Worth, TX",0824,0818,0,0,0800-0859,0950,0940,0,0900-0959,0,,86,82,282,2,,,,,,
1,4,5,OO,N275SY,3762,12478,JFK,"New York, NY",11298,DFW,"Dallas/Fort Worth, TX",1820,1818,0,0,1800-1859,2153,2113,0,2100-2159,0,,273,235,1391,6,,,,,,
1,5,6,DL,N336DX,2715,10397,ATL,"Atlanta, GA",11433,DTW,"Detroit, MI",2243,2229,0,0,2200-2259,0038,0018,0,0001-0559,0,,115,109,594,3,,,,,,
1,18,5,EV,N13989,4282,14524,RIC,"Richmond, VA",13930,ORD,"Chicago, IL",1705,,,,1700-1759,1831,,,1800-1859,1,B,146,,642,3,,,,,,
1,16,3,WN,N8303R,186,14679,SAN,"San Diego, CA",14107,PHX,"Phoenix, AZ",1100,1111,11,0,1100-1159,1315,1318,3,1300-1359,0,,75,67,304,2,,,,,,
1,28,1,WN,N7726A,2285,15016,STL,"St. Louis, MO",11423,DSM,"Des Moines, IA",2050,2102,12,0,2000-2059,2155,2153,0,2100-2159,0,,65,51,259,2,,,,,,
1,26,6,WN,N8639B,4583,11697,FLL,"Fort Lauderdale, FL",10821,BWI,"Baltimore, MD",1135,1135,0,0,1100-1159,1415,1352,0,1400-1459,0,,160,137,925,4,,,,,,
1,11,5,MQ,N245NN,4116,15249,TLH,"Tallahassee, FL",11298,DFW,"Dallas/Fort Worth, TX",0638,0634,0,0,0600-0659,0805,0808,3,0800-0859,0,,147,154,767,4,,,,,,
1,13,7,DL,N334NW,2152,10397,ATL,"Atlanta, GA",11278,DCA,"Washington, DC",2109,2248,99,1,2100-2159,2250,0137,167,2200-2259,0,,101,169,547,3,89,0,68,0,10,
1,25,5,AA,N992AN,1522,10529,BDL,"Hartford, CT",11298,DFW,"Dallas/Fort Worth, TX",1756,1748,0,0,1700-1759,2114,2110,0,2100-2159,0,,258,262,1471,6,,,,,,
1,22,2,AA,N153AN,1042,11298,DFW,"Dallas/Fort Worth, TX",13303,MIA,"Miami, FL",0525,0517,0,0,0001-0559,0906,0859,0,0900-0959,0,,161,162,1121,5,,,,,,
1,29,2,B6,N183JB,854,11278,DCA,"Washington, DC",10721,BOS,"Boston, MA",1849,1950,61,1,1800-1859,2018,2127,69,2000-2059,0,,89,97,399,2,40,0,8,0,21,
1,11,5,B6,N179JB,2479,10721,BOS,"Boston, MA",11618,EWR,"Newark, NJ",1113,1103,0,0,1100-1159,1239,1217,0,1200-1259,0,,86,74,200,1,,,,,,
1,10,4,OH,N592NN,5149,15096,SYR,"Syracuse, NY",11057,CLT,"Charlotte, NC",1433,1441,8,0,1400-1459,1655,1659,4,1600-1659,0,,142,138,603,3,,,,,,
1,16,3,AS,N618AS,65,15841,WRG,"Wrangell, AK",14256,PSG,"Petersburg, AK",1045,1154,69,1,1000-1059,1105,,,1100-1159,0,,20,,31,1,,,,,,
1,18,5,AA,N715UW,1829,15096,SYR,"Syracuse, NY",11057,CLT,"Charlotte, NC",1928,1914,0,0,1900-1959,2141,2124,0,2100-2159,0,,133,130,603,3,,,,,,
1,4,5,OH,N583NN,5442,11042,CLE,"Cleveland, OH",11057,CLT,"Charlotte, NC",1954,1943,0,0,1900-1959,2145,2136,0,2100-2159,0,,111,113,430,2,,,,,,
1,29,2,MQ,N843AE,3437,11298,DFW,"Dallas/Fort Worth, TX",10155,ACT,"Waco, TX",1700,1656,0,0,1700-1759,1745,1740,0,1700-1759,0,,45,44,89,1,,,,,,
1,15,2,WN,N797MX,1471,15016,STL,"St. Louis, MO",12191,HOU,"Houston, TX",1150,1208,18,1,1100-1159,1405,1416,11,1400-1459,0,,135,128,687,3,,,,,,
1,20,7,UA,N56859,1767,11292,DEN,"Denver, CO",11278,DCA,"Washington, DC",0945,0942,0,0,0900-0959,1456,1445,0,1400-1459,0,,191,183,1476,6,,,,,,
1,23,3,AA,N738US,2116,11278,DCA,"Washington, DC",10721,BOS,"Boston, MA",1730,1817,47,1,1700-1759,1904,2002,58,1900-1959,0,,94,105,399,2,0,0,57,0,1,
1,20,7,AA,N835NN,2209,15016,STL,"St. Louis, MO",13930,ORD,"Chicago, IL",0941,0936,0,0,0900-0959,1104,1051,0,1100-1159,0,,83,75,258,2,,,,,,
1,21,1,WN,N8302F,48,14683,SAT,"San Antonio, TX",12892,LAX,"Los Angeles, CA",0620,0627,7,0,0600-0659,0745,0759,14,0700-0759,0,,205,212,1211,5,,,,,,
1,13,7,MQ,N905JH,3711,10685,BMI,"Bloomington/Normal, IL",13930,ORD,"Chicago, IL",0611,,,,0600-0659,0724,,,0700-0759,1,B,73,,116,1,,,,,,
1,31,4,WN,N215WN,542,14831,SJC,"San Jose, CA",14908,SNA,"Santa Ana, CA",0945,0944,0,0,0900-0959,1100,1056,0,1100-1159,0,,75,72,342,2,,,,,,
1,4,5,UA,N408UA,1935,14027,PBI,"West Palm Beach/Palm Beach, FL",11618,EWR,"Newark, NJ",1900,1854,0,0,1900-1959,2152,2132,0,2100-2159,0,,172,158,1023,5,,,,,,
1,25,5,WN,N8574Z,860,12191,HOU,"Houston, TX",10423,AUS,"Austin, TX",1420,1433,13,0,1400-1459,1520,1517,0,1500-1559,0,,60,44,148,1,,,,,,
1,18,5,UA,N837UA,2144,11292,DEN,"Denver, CO",11775,FSD,"Sioux Falls, SD",1735,1735,0,0,1700-1759,2008,1954,0,2000-2059,0,,93,79,483,2,,,,,,
1,13,7,DL,N831NW,2592,12892,LAX,"Los Angeles, CA",10397,ATL,"Atlanta, GA",2330,2331,1,0,2300-2359,0640,0625,0,0600-0659,0,,250,234,1947,8,,,,,,
1,20,7,OO,N659BR,3706,13487,MSP,"Minneapolis, MN",11637,FAR,"Fargo, ND",0844,0846,2,0,0800-0859,1010,1022,12,1000-1059,0,,86,96,223,1,,,,,,
1,29,2,WN,N791SW,2024,12892,LAX,"Los Angeles, CA",11540,ELP,"El Paso, TX",1435,1430,0,0,1400-1459,1725,1711,0,1700-1759,0,,110,101,715,3,,,,,,
1,31,4,YX,N421YX,4598,12953,LGA,"New York, NY",11433,DTW,"Detroit, MI",1859,1921,22,1,1800-1859,2115,2133,18,2100-2159,0,,136,132,502,3,18,0,0,0,0,
1,12,6,DL,N802DN,1181,10397,ATL,"Atlanta, GA",15304,TPA,"Tampa, FL",1528,1525,0,0,1500-1559,1656,1638,0,1600-1659,0,,88,73,406,2,,,,,,
1,1,2,OO,N983SW,5664,14771,SFO,"San Francisco, CA",10713,BOI,"Boise, ID",1615,1614,0,0,1600-1659,1856,1908,12,1800-1859,0,,101,114,522,3,,,,,,
1,21,1,AS,N448AS,903,12173,HNL,"Honolulu, HI",14747,SEA,"Seattle, WA",1210,1201,0,0,1200-1259,1955,1935,0,1900-1959,0,,345,334,2677,11,,,,,,
1,2,3,WN,N7858A,4299,14679,SAN,"San Diego, CA",14893,SMF,"Sacramento, CA",1535,1531,0,0,1500-1559,1710,1702,0,1700-1759,0,,95,91,480,2,,,,,,
1,21,1,MQ,N905JH,3650,13930,ORD,"Chicago, IL",15048,SUX,"Sioux City, IA",1325,1325,0,0,1300-1359,1513,1458,0,1500-1559,0,,108,93,436,2,,,,,,
1,5,6,OO,N909SW,5136,13930,ORD,"Chicago, IL",10431,AVL,"Asheville, NC",1415,1411,0,0,1400-1459,1705,1657,0,1700-1759,0,,110,106,536,3,,,,,,
1,1,2,WN,N8613K,1828,13931,ORF,"Norfolk, VA",13232,MDW,"Chicago, IL",1650,1701,11,0,1600-1659,1800,1839,39,1800-1859,0,,130,158,704,3,0,0,28,0,11,
1,8,2,WN,N202WN,5412,12889,LAS,"Las Vegas, NV",12954,LGB,"Long Beach, CA",1330,1351,21,1,1300-1359,1445,1449,4,1400-1459,0,,75,58,231,1,,,,,,
1,6,7,WN,N8551Q,6188,14831,SJC,"San Jose, CA",14747,SEA,"Seattle, WA",0700,0700,0,0,0700-0759,0915,0904,0,0900-0959,0,,135,124,696,3,,,,,,
1,17,4,G4,319NV,37,13367,MLI,"Moline, IL",12889,LAS,"Las Vegas, NV",1315,1306,0,0,1300-1359,1453,1445,0,1400-1459,0,,218,219,1376,6,,,,,,
1,10,4,AA,N665AW,2020,15304,TPA,"Tampa, FL",11057,CLT,"Charlotte, NC",0703,0658,0,0,0700-0759,0850,0844,0,0800-0859,0,,107,106,507,3,,,,,,
1,7,1,WN,N255WN,441,14893,SMF,"Sacramento, CA",14869,SLC,"Salt Lake City, UT",0910,0907,0,0,0900-0959,1145,1134,0,1100-1159,0,,95,87,532,3,,,,,,
1,12,6,WN,N943WN,4874,13796,OAK,"Oakland, CA",12892,LAX,"Los Angeles, CA",1100,1100,0,0,1100-1159,1225,1210,0,1200-1259,0,,85,70,337,2,,,,,,
1,25,5,OH,N712PS,5114,11057,CLT,"Charlotte, NC",11973,GPT,"Gulfport/Biloxi, MS",1451,1519,28,1,1400-1459,1553,1606,13,1500-1559,0,,122,107,577,3,,,,,,
1,11,5,B6,N197JB,515,10721,BOS,"Boston, MA",10792,BUF,"Buffalo, NY",0800,0751,0,0,0800-0859,0938,0919,0,0900-0959,0,,98,88,395,2,,,,,,
1,30,3,OO,N873AS,3742,12884,LAN,"Lansing, MI",11433,DTW,"Detroit, MI",1016,1049,33,1,1000-1059,1114,1157,43,1100-1159,0,,58,68,74,1,0,26,10,0,7,
1,10,4,DL,N317NB,1609,13487,MSP,"Minneapolis, MN",13198,MCI,"Kansas City, MO",0652,0647,0,0,0600-0659,0836,0806,0,0800-0859,0,,104,79,393,2,,,,,,
1,3,4,OH,N257PS,5041,11278,DCA,"Washington, DC",12323,ILM,"Wilmington, NC",0720,0720,0,0,0700-0759,0853,0852,0,0800-0859,0,,93,92,319,2,,,,,,
1,24,4,YX,N437YX,4513,12339,IND,"Indianapolis, IN",13303,MIA,"Miami, FL",0651,0646,0,0,0600-0659,0945,1017,32,0900-0959,0,,174,211,1020,5,0,0,32,0,0,
1,16,3,EV,N17159,4133,12266,IAH,"Houston, TX",13198,MCI,"Kansas City, MO",1215,1210,0,0,1200-1259,1421,1432,11,1400-1459,0,,126,142,643,3,,,,,,
1,15,2,YV,N952LR,5756,11298,DFW,"Dallas/Fort Worth, TX",11140,CRP,"Corpus Christi, TX",1440,1443,3,0,1400-1459,1558,1606,8,1500-1559,0,,78,83,354,2,,,,,,
1,26,6,AS,N281VA,1509,14908,SNA,"Santa Ana, CA",14747,SEA,"Seattle, WA",1920,1906,0,0,1900-1959,2210,2155,0,2200-2259,0,,170,169,978,4,,,,,,
1,16,3,OH,N539EA,5192,11057,CLT,"Charlotte, NC",11423,DSM,"Des Moines, IA",1320,1325,5,0,1300-1359,1458,1502,4,1400-1459,0,,158,157,815,4,,,,,,
1,9,3,AA,N715UW,1829,11057,CLT,"Charlotte, NC",15096,SYR,"Syracuse, NY",1647,1718,31,1,1600-1659,1842,1903,21,1800-1859,0,,115,105,603,3,0,0,0,0,21,
1,11,5,OO,N806SK,3631,13487,MSP,"Minneapolis, MN",13485,MSN,"Madison, WI",1331,1328,0,0,1300-1359,1451,1426,0,1400-1459,0,,80,58,228,1,,,,,,
1,3,4,NK,N536NK,504,13495,MSY,"New Orleans, LA",15304,TPA,"Tampa, FL",1847,1834,0,0,1800-1859,2114,2103,0,2100-2159,0,,87,89,488,2,,,,,,
1,3,4,B6,N779JB,576,13495,MSY,"New Orleans, LA",12478,JFK,"New York, NY",1714,1709,0,0,1700-1759,2106,2103,0,2100-2159,0,,172,174,1182,5,,,,,,
1,4,5,OH,N202PS,5120,14100,PHL,"Philadelphia, PA",10874,CAK,"Akron, OH",1809,1805,0,0,1800-1859,1948,1928,0,1900-1959,0,,99,83,335,2,,,,,,
1,29,2,WN,N551WN,1414,12953,LGA,"New York, NY",11259,DAL,"Dallas, TX",1735,1728,0,0,1700-1759,2040,2019,0,2000-2059,0,,245,231,1381,6,,,,,,
1,10,4,AA,N544UW,661,14100,PHL,"Philadelphia, PA",12889,LAS,"Las Vegas, NV",2059,2057,0,0,2000-2059,2336,2324,0,2300-2359,0,,337,327,2176,9,,,,,,
1,6,7,WN,N459WN,3621,13342,MKE,"Milwaukee, WI",12953,LGA,"New York, NY",1435,1450,15,1,1400-1459,1735,1741,6,1700-1759,0,,120,111,738,3,,,,,,
1,18,5,EV,N16178,4196,12266,IAH,"Houston, TX",11540,ELP,"El Paso, TX",1220,1215,0,0,1200-1259,1334,1330,0,1300-1359,0,,134,135,667,3,,,,,,
1,29,2,EV,N14180,4313,11042,CLE,"Cleveland, OH",12953,LGA,"New York, NY",2005,2001,0,0,2000-2059,2149,2158,9,2100-2159,0,,104,117,419,2,,,,,,
1,8,2,YV,N920FJ,5969,13485,MSN,"Madison, WI",14107,PHX,"Phoenix, AZ",0711,0705,0,0,0700-0759,1010,1012,2,1000-1059,0,,239,247,1396,6,,,,,,
1,30,3,UA,N37466,644,10423,AUS,"Austin, TX",11292,DEN,"Denver, CO",1640,1637,0,0,1600-1659,1800,1749,0,1800-1859,0,,140,132,775,4,,,,,,
1,5,6,WN,N294WN,3858,12892,LAX,"Los Angeles, CA",13796,OAK,"Oakland, CA",1745,1740,0,0,1700-1759,1905,1916,11,1900-1959,0,,80,96,337,2,,,,,,
1,2,3,AA,N753US,1846,14122,PIT,"Pittsburgh, PA",11057,CLT,"Charlotte, NC",0701,0654,0,0,0700-0759,0849,0828,0,0800-0859,0,,108,94,366,2,,,,,,
1,7,1,9E,N197PQ,3320,14524,RIC,"Richmond, VA",12953,LGA,"New York, NY",1228,1217,0,0,1200-1259,1359,1323,0,1300-1359,0,,91,66,292,2,,,,,,
1,14,1,AA,N935AN,2502,11298,DFW,"Dallas/Fort Worth, TX",10693,BNA,"Nashville, TN",1052,1049,0,0,1000-1059,1242,1228,0,1200-1259,0,,110,99,631,3,,,,,,
1,31,4,DL,N588NW,2657,12892,LAX,"Los Angeles, CA",10397,ATL,"Atlanta, GA",1305,1340,35,1,1300-1359,2022,2058,36,2000-2059,0,,257,258,1947,8,0,0,28,0,8,
1,31,4,DL,N928AT,1763,12892,LAX,"Los Angeles, CA",14893,SMF,"Sacramento, CA",2155,0611,496,1,2100-2159,2328,0739,491,2300-2359,0,,93,88,373,2,491,0,0,0,0,
1,13,7,DL,N960DL,1855,13244,MEM,"Memphis, TN",10397,ATL,"Atlanta, GA",1043,1047,4,0,1000-1059,1305,1258,0,1300-1359,0,,82,71,332,2,,,,,,
1,29,2,DL,N386DA,2319,14747,SEA,"Seattle, WA",11292,DEN,"Denver, CO",1950,1948,0,0,1900-1959,2331,2310,0,2300-2359,0,,161,142,1024,5,,,,,,
1,31,4,OO,N976SW,5763,11638,FAT,"Fresno, CA",12892,LAX,"Los Angeles, CA",0923,0918,0,0,0900-0959,1050,1219,89,1000-1059,0,,87,181,209,1,0,0,89,0,0,
1,13,7,HA,N490HA,514,12982,LIH,"Lihue, HI",12173,HNL,"Honolulu, HI",1906,1857,0,0,1900-1959,1942,1932,0,1900-1959,0,,36,35,102,1,,,,,,
1,20,7,EV,N21537,4082,11618,EWR,"Newark, NJ",14576,ROC,"Rochester, NY",1710,1733,23,1,1700-1759,1834,1917,43,1800-1859,0,,84,104,246,1,0,0,20,0,23,
1,7,1,YX,N104HQ,4645,12953,LGA,"New York, NY",11066,CMH,"Columbus, OH",0554,0551,0,0,0001-0559,0750,0737,0,0700-0759,0,,116,106,479,2,,,,,,
1,2,3,WN,N8561Z,2834,14893,SMF,"Sacramento, CA",14107,PHX,"Phoenix, AZ",1555,1608,13,0,1500-1559,1840,1902,22,1800-1859,0,,105,114,647,3,13,0,9,0,0,
1,17,4,WN,N932WN,359,11697,FLL,"Fort Lauderdale, FL",10423,AUS,"Austin, TX",1630,1635,5,0,1600-1659,1845,1904,19,1800-1859,0,,195,209,1105,5,0,0,19,0,0,
1,13,7,9E,N176PQ,3285,11433,DTW,"Detroit, MI",12339,IND,"Indianapolis, IN",0955,1011,16,1,0900-0959,1124,1116,0,1100-1159,0,,89,65,231,1,,,,,,
1,21,1,OO,N609SK,4124,10397,ATL,"Atlanta, GA",10781,BTR,"Baton Rouge, LA",1618,1645,27,1,1600-1659,1659,1716,17,1600-1659,0,,101,91,448,2,0,0,0,0,17,
1,20,7,AA,N657AW,579,14122,PIT,"Pittsburgh, PA",14107,PHX,"Phoenix, AZ",1724,1716,0,0,1700-1759,2008,1945,0,2000-2059,0,,284,269,1814,8,,,,,,
1,28,1,WN,N7853B,2033,14683,SAT,"San Antonio, TX",11259,DAL,"Dallas, TX",1755,1750,0,0,1700-1759,1900,1847,0,1900-1959,0,,65,57,247,1,,,,,,
1,24,4,OO,N752EV,3169,12892,LAX,"Los Angeles, CA",10372,ASE,"Aspen, CO",0810,0821,11,0,0800-0859,1122,1139,17,1100-1159,0,,132,138,737,3,8,0,6,0,3,
1,18,5,NK,N652NK,643,11433,DTW,"Detroit, MI",15304,TPA,"Tampa, FL",0800,0748,0,0,0800-0859,1045,1020,0,1000-1059,0,,165,152,983,4,,,,,,
1,26,6,YV,N946LR,5959,13367,MLI,"Moline, IL",11298,DFW,"Dallas/Fort Worth, TX",1322,1359,37,1,1300-1359,1544,1636,52,1500-1559,0,,142,157,691,3,0,0,15,0,37,
1,26,6,OO,N873AS,3925,11433,DTW,"Detroit, MI",10785,BTV,"Burlington, VT",1544,1651,67,1,1500-1559,1735,1827,52,1700-1759,0,,111,96,537,3,52,0,0,0,0,
1,7,1,UA,,500,12339,IND,"Indianapolis, IN",14771,SFO,"San Francisco, CA",0716,,,,0700-0759,0928,,,0900-0959,1,B,312,,1943,8,,,,,,
1,8,2,9E,N197PQ,5193,10599,BHM,"Birmingham, AL",11433,DTW,"Detroit, MI",1147,1144,0,0,1100-1159,1452,1444,0,1400-1459,0,,125,120,625,3,,,,,,
1,18,5,WN,N470WN,2188,14831,SJC,"San Jose, CA",14107,PHX,"Phoenix, AZ",1245,1249,4,0,1200-1259,1540,1525,0,1500-1559,0,,115,96,621,3,,,,,,
1,15,2,WN,N7734H,843,12889,LAS,"Las Vegas, NV",13891,ONT,"Ontario, CA",2100,2351,171,1,2100-2159,2200,0046,166,2200-2259,0,,60,55,197,1,22,0,0,0,144,
1,23,3,WN,N7741C,1688,10397,ATL,"Atlanta, GA",14100,PHL,"Philadelphia, PA",0840,0837,0,0,0800-0859,1040,1022,0,1000-1059,0,,120,105,666,3,,,,,,
1,1,2,UA,N69806,1791,12266,IAH,"Houston, TX",12892,LAX,"Los Angeles, CA",1840,1835,0,0,1800-1859,2023,2021,0,2000-2059,0,,223,226,1379,6,,,,,,
1,31,4,UA,,620,13930,ORD,"Chicago, IL",13487,MSP,"Minneapolis, MN",1605,,,,1600-1659,1740,,,1700-1759,1,B,95,,334,2,,,,,,
1,19,6,YX,N108HQ,4655,15016,STL,"St. Louis, MO",14100,PHL,"Philadelphia, PA",0543,0537,0,0,0001-0559,0900,0836,0,0900-0959,0,,137,119,814,4,,,,,,
1,31,4,OO,N920EV,3758,11433,DTW,"Detroit, MI",11003,CID,"Cedar Rapids/Iowa City, IA",2030,2032,2,0,2000-2059,2132,2129,0,2100-2159,0,,122,117,430,2,,,,,,
1,16,3,YX,N810MD,5911,13487,MSP,"Minneapolis, MN",11066,CMH,"Columbus, OH",0846,0836,0,0,0800-0859,1207,1132,0,1200-1259,0,,141,116,626,3,,,,,,
1,20,7,OO,N907EV,3132,14794,SGU,"St. George, UT",14107,PHX,"Phoenix, AZ",0738,0736,0,0,0700-0759,0857,0845,0,0800-0859,0,,79,69,262,2,,,,,,
1,3,4,YX,N120HQ,4542,13244,MEM,"Memphis, TN",11278,DCA,"Washington, DC",0605,0559,0,0,0600-0659,0916,0900,0,0900-0959,0,,131,121,762,4,,,,,,
1,10,4,AS,N284VA,1633,12889,LAS,"Las Vegas, NV",14747,SEA,"Seattle, WA",1425,1422,0,0,1400-1459,1710,1659,0,1700-1759,0,,165,157,867,4,,,,,,
1,11,5,EV,N15555,4041,12339,IND,"Indianapolis, IN",12266,IAH,"Houston, TX",1715,1708,0,0,1700-1759,1900,1848,0,1900-1959,0,,165,160,844,4,,,,,,
1,14,1,OH,N566NN,5323,15370,TUL,"Tulsa, OK",11057,CLT,"Charlotte, NC",1348,1336,0,0,1300-1359,1710,1639,0,1700-1759,0,,142,123,842,4,,,,,,
1,29,2,YX,N131HQ,4498,12953,LGA,"New York, NY",10397,ATL,"Atlanta, GA",1000,,,,1000-1059,1245,,,1200-1259,1,C,165,,762,4,,,,,,
1,22,2,YV,N242LR,5754,11540,ELP,"El Paso, TX",14107,PHX,"Phoenix, AZ",1529,1657,88,1,1500-1559,1705,1819,74,1700-1759,0,,96,82,347,2,4,0,0,0,70,
1,10,4,G4,314NV,741,15376,TUS,"Tucson, AZ",10666,BLI,"Bellingham, WA",1942,1942,0,0,1900-1959,2159,2154,0,2100-2159,0,,197,192,1299,6,,,,,,
1,6,7,HA,N475HA,563,12173,HNL,"Honolulu, HI",12982,LIH,"Lihue, HI",2023,2023,0,0,2000-2059,2104,2101,0,2100-2159,0,,41,38,102,1,,,,,,
1,13,7,EV,N870AS,4428,13930,ORD,"Chicago, IL",13342,MKE,"Milwaukee, WI",1413,1403,0,0,1400-1459,1501,1453,0,1500-1559,0,,48,50,67,1,,,,,,
1,9,3,WN,N7862A,358,14747,SEA,"Seattle, WA",14893,SMF,"Sacramento, CA",0700,0653,0,0,0700-0759,0850,0836,0,0800-0859,0,,110,103,605,3,,,,,,
1,21,1,AS,N277AK,760,14679,SAN,"San Diego, CA",13204,MCO,"Orlando, FL",1005,1019,14,0,1000-1059,1750,1735,0,1700-1759,0,,285,256,2149,9,,,,,,
1,9,3,WN,N297WN,1436,10397,ATL,"Atlanta, GA",10693,BNA,"Nashville, TN",1045,1040,0,0,1000-1059,1055,1041,0,1000-1059,0,,70,61,214,1,,,,,,
1,19,6,WN,N763SW,5328,15016,STL,"St. Louis, MO",14107,PHX,"Phoenix, AZ",1355,1356,1,0,1300-1359,1630,1559,0,1600-1659,0,,215,183,1262,6,,,,,,
1,13,7,DL,N818DA,2736,11433,DTW,"Detroit, MI",12889,LAS,"Las Vegas, NV",1608,1603,0,0,1600-1659,1749,1719,0,1700-1759,0,,281,256,1749,7,,,,,,
1,27,7,YX,N417YX,4538,11057,CLT,"Charlotte, NC",12339,IND,"Indianapolis, IN",1135,1127,0,0,1100-1159,1322,1300,0,1300-1359,0,,107,93,427,2,,,,,,
1,27,7,WN,N8648A,2507,10693,BNA,"Nashville, TN",10821,BWI,"Baltimore, MD",1100,1058,0,0,1100-1159,1340,1331,0,1300-1359,0,,100,93,587,3,,,,,,
1,20,7,UA,N39416,394,14771,SFO,"San Francisco, CA",12889,LAS,"Las Vegas, NV",2009,2006,0,0,2000-2059,2137,2138,1,2100-2159,0,,88,92,414,2,,,,,,
1,16,3,AA,N835NN,1151,10397,ATL,"Atlanta, GA",13303,MIA,"Miami, FL",0556,0553,0,0,0001-0559,0750,0752,2,0700-0759,0,,114,119,594,3,,,,,,
1,25,5,DL,N586NW,1929,10397,ATL,"Atlanta, GA",12892,LAX,"Los Angeles, CA",0944,1008,24,1,0900-0959,1145,1210,25,1100-1159,0,,301,302,1947,8,20,0,5,0,0,
1,27,7,DL,N706TW,2498,10397,ATL,"Atlanta, GA",12478,JFK,"New York, NY",0810,0807,0,0,0800-0859,1021,1009,0,1000-1059,0,,131,122,760,4,,,,,,
1,25,5,MQ,N240NN,3729,11298,DFW,"Dallas/Fort Worth, TX",13256,MFE,"Mission/McAllen/Edinburg, TX",2225,2219,0,0,2200-2259,0001,2348,0,0001-0559,0,,96,89,469,2,,,,,,
1,13,7,AA,N509AY,1724,14100,PHL,"Philadelphia, PA",15304,TPA,"Tampa, FL",2045,2035,0,0,2000-2059,2332,2311,0,2300-2359,0,,167,156,920,4,,,,,,
1,25,5,F9,N336FR,2822,14107,PHX,"Phoenix, AZ",11109,COS,"Colorado Springs, CO",1607,1555,0,0,1600-1659,1757,1736,0,1700-1759,0,,110,101,551,3,,,,,,
1,8,2,WN,N554WN,1441,10821,BWI,"Baltimore, MD",10721,BOS,"Boston, MA",1910,2053,103,1,1900-1959,2035,2204,89,2000-2059,0,,85,71,369,2,89,0,0,0,0,
1,10,4,MQ,N613AE,3644,13930,ORD,"Chicago, IL",11042,CLE,"Cleveland, OH",1805,1802,0,0,1800-1859,2021,2026,5,2000-2059,0,,76,84,315,2,,,,,,
1,13,7,UA,N16732,1482,15024,STT,"Charlotte Amalie, VI",11618,EWR,"Newark, NJ",1525,1550,25,1,1500-1559,1856,1856,0,1800-1859,0,,271,246,1634,7,,,,,,
1,1,2,9E,N922XJ,3444,12478,JFK,"New York, NY",14492,RDU,"Raleigh/Durham, NC",1130,1122,0,0,1100-1159,1324,1255,0,1300-1359,0,,114,93,427,2,,,,,,
1,14,1,9E,N8894A,3372,12953,LGA,"New York, NY",15096,SYR,"Syracuse, NY",1647,1644,0,0,1600-1659,1814,1758,0,1800-1859,0,,87,74,198,1,,,,,,
1,14,1,OO,N116SY,5193,10792,BUF,"Buffalo, NY",13930,ORD,"Chicago, IL",0800,0752,0,0,0800-0859,0909,0905,0,0900-0959,0,,129,133,473,2,,,,,,
1,27,7,DL,N910AT,2386,10397,ATL,"Atlanta, GA",11057,CLT,"Charlotte, NC",0904,0903,0,0,0900-0959,1023,1005,0,1000-1059,0,,79,62,226,1,,,,,,
1,17,4,OH,N582NN,5631,14321,PWM,"Portland, ME",11057,CLT,"Charlotte, NC",1805,1800,0,0,1800-1859,2050,2037,0,2000-2059,0,,165,157,813,4,,,,,,
1,1,2,B6,N559JB,131,13204,MCO,"Orlando, FL",12892,LAX,"Los Angeles, CA",2023,2019,0,0,2000-2059,2309,2232,0,2300-2359,0,,346,313,2218,9,,,,,,
1,4,5,DL,N994AT,2933,11884,GEG,"Spokane, WA",12892,LAX,"Los Angeles, CA",0646,0636,0,0,0600-0659,0945,0929,0,0900-0959,0,,179,173,945,4,,,,,,
1,14,1,WN,N792SW,2174,10713,BOI,"Boise, ID",11884,GEG,"Spokane, WA",1915,1906,0,0,1900-1959,1925,1900,0,1900-1959,0,,70,54,287,2,,,,,,
1,8,2,OO,N821SK,3863,10620,BIL,"Billings, MT",14869,SLC,"Salt Lake City, UT",1319,1319,0,0,1300-1359,1453,1439,0,1400-1459,0,,94,80,387,2,,,,,,
1,5,6,UA,N37474,286,12264,IAD,"Washington, DC",11292,DEN,"Denver, CO",2200,2159,0,0,2200-2259,2351,2359,8,2300-2359,0,,231,240,1452,6,,,,,,
1,20,7,B6,N353JB,489,10721,BOS,"Boston, MA",11278,DCA,"Washington, DC",1128,,,,1100-1159,1310,,,1300-1359,1,B,102,,399,2,,,,,,
1,9,3,OO,N189SY,3403,14679,SAN,"San Diego, CA",14831,SJC,"San Jose, CA",2030,2019,0,0,2000-2059,2200,2141,0,2200-2259,0,,90,82,417,2,,,,,,
1,15,2,OO,N719SK,3019,13930,ORD,"Chicago, IL",12197,HPN,"White Plains, NY",1243,1234,0,0,1200-1259,1558,1559,1,1500-1559,0,,135,145,738,3,,,,,,
1,6,7,WN,N711HK,3273,14747,SEA,"Seattle, WA",13796,OAK,"Oakland, CA",1610,1608,0,0,1600-1659,1820,1756,0,1800-1859,0,,130,108,672,3,,,,,,
1,10,4,WN,N7704B,1950,14747,SEA,"Seattle, WA",13796,OAK,"Oakland, CA",0700,0700,0,0,0700-0759,0905,0859,0,0900-0959,0,,125,119,672,3,,,,,,
1,2,3,OO,N179SY,3480,14679,SAN,"San Diego, CA",13198,MCI,"Kansas City, MO",1830,1843,13,0,1800-1859,2345,2356,11,2300-2359,0,,195,193,1334,6,,,,,,
1,30,3,YV,N503MJ,6034,13198,MCI,"Kansas City, MO",12264,IAD,"Washington, DC",1230,1224,0,0,1200-1259,1545,1534,0,1500-1559,0,,135,130,926,4,,,,,,
1,29,2,AA,N863NN,1211,11298,DFW,"Dallas/Fort Worth, TX",13495,MSY,"New Orleans, LA",1345,1358,13,0,1300-1359,1505,1525,20,1500-1559,0,,80,87,447,2,13,0,7,0,0,
1,5,6,AA,N552UW,1695,13204,MCO,"Orlando, FL",11057,CLT,"Charlotte, NC",1400,1356,0,0,1400-1459,1540,1540,0,1500-1559,0,,100,104,468,2,,,,,,
1,20,7,AA,N112AN,179,12478,JFK,"New York, NY",14771,SFO,"San Francisco, CA",1100,1100,0,0,1100-1159,1441,1447,6,1400-1459,0,,401,407,2586,11,,,,,,
1,14,1,MQ,N239NN,3995,11066,CMH,"Columbus, OH",13930,ORD,"Chicago, IL",1448,1442,0,0,1400-1459,1523,1452,0,1500-1559,0,,95,70,296,2,,,,,,
1,3,4,UA,N57870,864,12892,LAX,"Los Angeles, CA",13930,ORD,"Chicago, IL",1351,1654,183,1,1300-1359,1959,2255,176,1900-1959,0,,248,241,1744,7,145,0,0,0,31,
1,26,6,WN,N8603F,2921,13204,MCO,"Orlando, FL",13296,MHT,"Manchester, NH",1855,1856,1,0,1800-1859,2145,2123,0,2100-2159,0,,170,147,1142,5,,,,,,
1,11,5,UA,N409UA,744,12953,LGA,"New York, NY",11292,DEN,"Denver, CO",0856,0853,0,0,0800-0859,1135,1137,2,1100-1159,0,,279,284,1620,7,,,,,,
1,31,4,OO,N437SW,3698,13487,MSP,"Minneapolis, MN",11775,FSD,"Sioux Falls, SD",1547,1543,0,0,1500-1559,1706,1644,0,1700-1759,0,,79,61,196,1,,,,,,
1,21,1,DL,N361DN,2383,10721,BOS,"Boston, MA",10397,ATL,"Atlanta, GA",0930,1114,104,1,0900-0959,1231,1355,84,1200-1259,0,,181,161,946,4,0,23,61,0,0,
1,17,4,OO,N906EV,5845,13930,ORD,"Chicago, IL",11775,FSD,"Sioux Falls, SD",1545,1623,38,1,1500-1559,1735,1756,21,1700-1759,0,,110,93,463,2,0,0,0,0,21,
1,25,5,WN,N799SW,170,14683,SAT,"San Antonio, TX",11259,DAL,"Dallas, TX",0725,0721,0,0,0700-0759,0830,0816,0,0800-0859,0,,65,55,247,1,,,,,,
1,18,5,OH,N207PS,5378,12953,LGA,"New York, NY",11066,CMH,"Columbus, OH",1405,1433,28,1,1400-1459,1605,1642,37,1600-1659,0,,120,129,479,2,14,0,9,0,14,
1,29,2,WN,N8616C,1317,13296,MHT,"Manchester, NH",15304,TPA,"Tampa, FL",0730,0728,0,0,0700-0759,1100,1111,11,1100-1159,0,,210,223,1204,5,,,,,,
1,31,4,YV,N85351,6367,11298,DFW,"Dallas/Fort Worth, TX",12266,IAH,"Houston, TX",1905,1858,0,0,1900-1959,2019,2018,0,2000-2059,0,,74,80,224,1,,,,,,
1,22,2,AA,N982TW,2309,11298,DFW,"Dallas/Fort Worth, TX",11193,CVG,"Cincinnati, OH",1900,1904,4,0,1900-1959,2213,2201,0,2200-2259,0,,133,117,812,4,,,,,,
1,13,7,UA,N14107,1156,11503,EGE,"Eagle, CO",11618,EWR,"Newark, NJ",1310,1300,0,0,1300-1359,1910,1918,8,1900-1959,0,,240,258,1725,7,,,,,,
1,19,6,F9,N205FR,938,13871,OMA,"Omaha, NE",14635,RSW,"Fort Myers, FL",1706,1737,31,1,1700-1759,2104,2148,44,2100-2159,0,,178,191,1299,6,1,0,13,0,30,
1,2,3,OH,N251PS,5422,13296,MHT,"Manchester, NH",11278,DCA,"Washington, DC",1209,1205,0,0,1200-1259,1359,1348,0,1300-1359,0,,110,103,406,2,,,,,,
1,4,5,WN,N8684F,2372,11259,DAL,"Dallas, TX",11278,DCA,"Washington, DC",0615,0614,0,0,0600-0659,0955,0946,0,0900-0959,0,,160,152,1184,5,,,,,,
1,18,5,9E,N8943A,3330,13931,ORF,"Norfolk, VA",12478,JFK,"New York, NY",0728,0723,0,0,0700-0759,0851,0844,0,0800-0859,0,,83,81,290,2,,,,,,
1,30,3,AA,N913US,489,14747,SEA,"Seattle, WA",14107,PHX,"Phoenix, AZ",1804,1805,1,0,1800-1859,2155,2149,0,2100-2159,0,,171,164,1107,5,,,,,,
1,5,6,DL,N933AT,1308,14492,RDU,"Raleigh/Durham, NC",13487,MSP,"Minneapolis, MN",1139,1137,0,0,1100-1159,1333,1323,0,1300-1359,0,,174,166,980,4,,,,,,
1,27,7,UA,N66837,1672,12266,IAH,"Houston, TX",11292,DEN,"Denver, CO",1448,1443,0,0,1400-1459,1622,1615,0,1600-1659,0,,154,152,862,4,,,,,,
1,25,5,UA,N37419,434,11618,EWR,"Newark, NJ",13204,MCO,"Orlando, FL",1800,1800,0,0,1800-1859,2056,2058,2,2000-2059,0,,176,178,937,4,,,,,,
1,14,1,OO,N941SW,5240,13930,ORD,"Chicago, IL",10599,BHM,"Birmingham, AL",1535,1530,0,0,1500-1559,1733,1719,0,1700-1759,0,,118,109,583,3,,,,,,
1,9,3,AS,N264AK,378,14679,SAN,"San Diego, CA",10821,BWI,"Baltimore, MD",2210,2159,0,0,2200-2259,0610,0608,0,0600-0659,0,,300,309,2295,10,,,,,,
1,8,2,AA,N928AM,1099,10721,BOS,"Boston, MA",13303,MIA,"Miami, FL",1307,1304,0,0,1300-1359,1650,1627,0,1600-1659,0,,223,203,1258,6,,,,,,
1,24,4,NK,N533NK,726,12889,LAS,"Las Vegas, NV",13204,MCO,"Orlando, FL",2210,2207,0,0,2200-2259,0527,0511,0,0001-0559,0,,257,244,2039,9,,,,,,
1,14,1,DL,N931DN,880,14576,ROC,"Rochester, NY",10397,ATL,"Atlanta, GA",1759,1756,0,0,1700-1759,2019,1955,0,2000-2059,0,,140,119,749,3,,,,,,
1,14,1,WN,N956WN,2205,11292,DEN,"Denver, CO",14107,PHX,"Phoenix, AZ",2015,2015,0,0,2000-2059,2220,2206,0,2200-2259,0,,125,111,602,3,,,,,,
1,31,4,AA,N994NN,2409,13930,ORD,"Chicago, IL",15304,TPA,"Tampa, FL",1852,,,,1800-1859,2231,,,2200-2259,1,B,159,,1011,5,,,,,,
1,28,1,DL,N906DL,2076,10397,ATL,"Atlanta, GA",13360,MLB,"Melbourne, FL",0909,0906,0,0,0900-0959,1036,1048,12,1000-1059,0,,87,102,442,2,,,,,,
1,5,6,DL,N344NB,1113,11433,DTW,"Detroit, MI",10721,BOS,"Boston, MA",0720,0716,0,0,0700-0759,0915,0912,0,0900-0959,0,,115,116,632,3,,,,,,
1,5,6,OH,N257PS,5451,11057,CLT,"Charlotte, NC",14108,PIA,"Peoria, IL",1820,1810,0,0,1800-1859,1942,1908,0,1900-1959,0,,142,118,607,3,,,,,,
1,15,2,EV,N16559,4436,12266,IAH,"Houston, TX",11140,CRP,"Corpus Christi, TX",1805,1935,90,1,1800-1859,1912,2053,101,1900-1959,0,,67,78,201,1,12,0,11,0,78,
1,5,6,AA,N561UW,2024,14100,PHL,"Philadelphia, PA",14747,SEA,"Seattle, WA",0800,0759,0,0,0800-0859,1115,1114,0,1100-1159,0,,375,375,2378,10,,,,,,
1,12,6,YX,N137HQ,4685,11278,DCA,"Washington, DC",12451,JAX,"Jacksonville, FL",1359,1352,0,0,1300-1359,1614,1552,0,1600-1659,0,,135,120,634,3,,,,,,
1,6,7,F9,N210FR,572,14869,SLC,"Salt Lake City, UT",11292,DEN,"Denver, CO",0515,0505,0,0,0001-0559,0659,0632,0,0600-0659,0,,104,87,391,2,,,,,,
1,31,4,YV,N903FJ,5809,13158,MAF,"Midland/Odessa, TX",11298,DFW,"Dallas/Fort Worth, TX",1047,1030,0,0,1000-1059,1206,1153,0,1200-1259,0,,79,83,309,2,,,,,,
1,8,2,NK,N635NK,960,14635,RSW,"Fort Myers, FL",11042,CLE,"Cleveland, OH",1958,1951,0,0,1900-1959,2238,2235,0,2200-2259,0,,160,164,1025,5,,,,,,
1,6,7,OH,N557NN,5574,11995,GSO,"Greensboro/High Point, NC",11057,CLT,"Charlotte, NC",1803,1806,3,0,1800-1859,1905,1845,0,1900-1959,0,,62,39,83,1,,,,,,
1,15,2,YV,N519LR,6010,10529,BDL,"Hartford, CT",12264,IAD,"Washington, DC",1500,1453,0,0,1500-1559,1625,1614,0,1600-1659,0,,85,81,326,2,,,,,,
1,30,3,OO,N954SW,5856,15376,TUS,"Tucson, AZ",11292,DEN,"Denver, CO",0650,0640,0,0,0600-0659,0903,0850,0,0900-0959,0,,133,130,639,3,,,,,,
1,14,1,OO,N606SK,4168,10781,BTR,"Baton Rouge, LA",10397,ATL,"Atlanta, GA",0710,0705,0,0,0700-0759,0950,0937,0,0900-0959,0,,100,92,448,2,,,,,,
1,3,4,AA,N937AN,293,13303,MIA,"Miami, FL",11278,DCA,"Washington, DC",1531,1534,3,0,1500-1559,1801,1757,0,1800-1859,0,,150,143,919,4,,,,,,
1,11,5,OO,N928EV,5713,11292,DEN,"Denver, CO",14689,SBA,"Santa Barbara, CA",1215,1208,0,0,1200-1259,1409,1410,1,1400-1459,0,,174,182,916,4,,,,,,
1,3,4,9E,N8877A,5019,10397,ATL,"Atlanta, GA",14108,PIA,"Peoria, IL",0944,0941,0,0,0900-0959,1045,1025,0,1000-1059,0,,121,104,565,3,,,,,,
1,24,4,WN,N7724A,16,12191,HOU,"Houston, TX",11259,DAL,"Dallas, TX",1000,1000,0,0,1000-1059,1110,1106,0,1100-1159,0,,70,66,239,1,,,,,,
1,17,4,YX,N865RW,3475,11618,EWR,"Newark, NJ",10693,BNA,"Nashville, TN",1610,1603,0,0,1600-1659,1749,1737,0,1700-1759,0,,159,154,748,3,,,,,,
1,2,3,YV,N85323,6305,13158,MAF,"Midland/Odessa, TX",12266,IAH,"Houston, TX",1854,1911,17,1,1800-1859,2020,2059,39,2000-2059,0,,86,108,429,2,0,39,0,0,0,
1,17,4,B6,N306JB,2802,12478,JFK,"New York, NY",10792,BUF,"Buffalo, NY",0606,0600,0,0,0600-0659,0732,0723,0,0700-0759,0,,86,83,301,2,,,,,,
1,15,2,OO,N255SY,3640,15389,TWF,"Twin Falls, ID",14869,SLC,"Salt Lake City, UT",1800,1744,0,0,1800-1859,1906,1835,0,1900-1959,0,,66,51,175,1,,,,,,
1,18,5,AA,N818NN,2784,12264,IAD,"Washington, DC",11298,DFW,"Dallas/Fort Worth, TX",1859,1853,0,0,1800-1859,2128,2128,0,2100-2159,0,,209,215,1172,5,,,,,,
1,3,4,YX,N747YX,3690,13930,ORD,"Chicago, IL",10397,ATL,"Atlanta, GA",1400,1359,0,0,1400-1459,1704,1700,0,1700-1759,0,,124,121,606,3,,,,,,
1,1,2,DL,N944AT,131,10397,ATL,"Atlanta, GA",11996,GSP,"Greer, SC",1746,1748,2,0,1700-1759,1840,1832,0,1800-1859,0,,54,44,153,1,,,,,,
1,22,2,WN,N921WN,626,14057,PDX,"Portland, OR",14831,SJC,"San Jose, CA",1555,1555,0,0,1500-1559,1735,1727,0,1700-1759,0,,100,92,569,3,,,,,,
1,21,1,AA,N990AN,315,11433,DTW,"Detroit, MI",11298,DFW,"Dallas/Fort Worth, TX",1920,1916,0,0,1900-1959,2129,2123,0,2100-2159,0,,189,187,986,4,,,,,,
1,13,7,G4,233NV,1718,11697,FLL,"Fort Lauderdale, FL",12917,LCK,"Columbus, OH",1618,1756,98,1,1600-1659,1848,2039,111,1800-1859,0,,150,163,961,4,0,0,13,0,98,
1,21,1,AA,N968AN,2328,10397,ATL,"Atlanta, GA",12892,LAX,"Los Angeles, CA",0640,0651,11,0,0600-0659,0857,0853,0,0800-0859,0,,317,302,1947,8,,,,,,
1,22,2,DL,N542US,1397,14747,SEA,"Seattle, WA",13830,OGG,"Kahului, HI",1240,1236,0,0,1200-1259,1712,1854,,1700-1759,0,,392,,2640,11,,,,,,
1,8,2,EV,N23139,4426,14524,RIC,"Richmond, VA",11618,EWR,"Newark, NJ",0545,0539,0,0,0001-0559,0711,0655,0,0700-0759,0,,86,76,277,2,,,,,,
1,15,2,DL,N972DL,1338,10397,ATL,"Atlanta, GA",15249,TLH,"Tallahassee, FL",2234,2232,0,0,2200-2259,2339,2338,0,2300-2359,0,,65,66,223,1,,,,,,
1,17,4,WN,N7843A,2183,13232,MDW,"Chicago, IL",14492,RDU,"Raleigh/Durham, NC",0950,0945,0,0,0900-0959,1235,1232,0,1200-1259,0,,105,107,632,3,,,,,,
1,25,5,AA,N741UW,1710,14100,PHL,"Philadelphia, PA",14492,RDU,"Raleigh/Durham, NC",0807,0801,0,0,0800-0859,0938,1003,25,0900-0959,0,,91,122,337,2,0,0,25,0,0,
1,5,6,YX,N215JQ,5887,11433,DTW,"Detroit, MI",11298,DFW,"Dallas/Fort Worth, TX",2015,2026,11,0,2000-2059,2234,2214,0,2200-2259,0,,199,168,986,4,,,,,,
1,31,4,WN,N8312C,1386,10423,AUS,"Austin, TX",14107,PHX,"Phoenix, AZ",1235,1232,0,0,1200-1259,1415,1347,0,1400-1459,0,,160,135,872,4,,,,,,
1,17,4,AA,N840AW,2036,12953,LGA,"New York, NY",11057,CLT,"Charlotte, NC",1015,1010,0,0,1000-1059,1234,1246,12,1200-1259,0,,139,156,544,3,,,,,,
1,22,2,9E,N8894A,5293,11193,CVG,"Cincinnati, OH",10821,BWI,"Baltimore, MD",0700,0658,0,0,0700-0759,0848,0827,0,0800-0859,0,,108,89,430,2,,,,,,
1,15,2,EV,N17115,4231,14307,PVD,"Providence, RI",11618,EWR,"Newark, NJ",1230,1221,0,0,1200-1259,1402,1355,0,1400-1459,0,,92,94,160,1,,,,,,
1,22,2,AA,N660AW,1910,10713,BOI,"Boise, ID",14107,PHX,"Phoenix, AZ",0625,0707,42,1,0600-0659,0839,0859,20,0800-0859,0,,134,112,735,3,20,0,0,0,0,
1,31,4,DL,N912DE,2392,11481,ECP,"Panama City, FL",10397,ATL,"Atlanta, GA",1815,1810,0,0,1800-1859,2030,2012,0,2000-2059,0,,75,62,240,1,,,,,,
1,24,4,AA,N125UW,1806,15304,TPA,"Tampa, FL",14100,PHL,"Philadelphia, PA",0650,0641,0,0,0600-0659,0924,0903,0,0900-0959,0,,154,142,920,4,,,,,,
1,20,7,B6,N306JB,1272,11697,FLL,"Fort Lauderdale, FL",12953,LGA,"New York, NY",1605,1632,27,1,1600-1659,1859,1915,16,1800-1859,0,,174,163,1076,5,16,0,0,0,0,
1,7,1,9E,N676CA,5319,12953,LGA,"New York, NY",10792,BUF,"Buffalo, NY",2159,2151,0,0,2100-2159,2331,2322,0,2300-2359,0,,92,91,292,2,,,,,,
1,9,3,YX,N214JQ,6056,12953,LGA,"New York, NY",14492,RDU,"Raleigh/Durham, NC",0930,1017,47,1,0900-0959,1130,1229,59,1100-1159,0,,120,132,431,2,46,0,12,0,1,
1,4,5,YV,N245LR,5725,11298,DFW,"Dallas/Fort Worth, TX",15624,VPS,"Valparaiso, FL",0700,0657,0,0,0700-0759,0856,0848,0,0800-0859,0,,116,111,641,3,,,,,,
1,20,7,MQ,N817AE,3344,13931,ORF,"Norfolk, VA",12953,LGA,"New York, NY",0910,0904,0,0,0900-0959,1048,1150,62,1000-1059,0,,98,166,296,2,0,0,62,0,0,
1,13,7,UA,N421UA,1116,12264,IAD,"Washington, DC",14492,RDU,"Raleigh/Durham, NC",2225,2241,16,1,2200-2259,2330,0007,37,2300-2359,0,,65,86,224,1,0,16,21,0,0,
1,11,5,OH,N706PS,5180,11057,CLT,"Charlotte, NC",12197,HPN,"White Plains, NY",1120,1114,0,0,1100-1159,1315,1313,0,1300-1359,0,,115,119,564,3,,,,,,
1,5,6,HA,N489HA,329,13830,OGG,"Kahului, HI",12982,LIH,"Lihue, HI",1550,1552,2,0,1500-1559,1641,1636,0,1600-1659,0,,51,44,201,1,,,,,,
1,22,2,YX,N878RW,5938,12953,LGA,"New York, NY",11278,DCA,"Washington, DC",1459,1521,22,1,1400-1459,1629,1643,14,1600-1659,0,,90,82,214,1,,,,,,
1,8,2,OO,N197SY,3312,11259,DAL,"Dallas, TX",14057,PDX,"Portland, OR",0705,0649,0,0,0700-0759,0925,0909,0,0900-0959,0,,260,260,1626,7,,,,,,
1,31,4,YX,N856RW,3417,11278,DCA,"Washington, DC",13930,ORD,"Chicago, IL",0945,,,,0900-0959,1054,,,1000-1059,1,B,129,,612,3,,,,,,
1,20,7,YV,N906FJ,5899,12954,LGB,"Long Beach, CA",14107,PHX,"Phoenix, AZ",1918,1909,0,0,1900-1959,2138,2127,0,2100-2159,0,,80,78,355,2,,,,,,
1,8,2,OH,N706PS,5295,12478,JFK,"New York, NY",11278,DCA,"Washington, DC",1715,1710,0,0,1700-1759,1836,1824,0,1800-1859,0,,81,74,213,1,,,,,,
1,31,4,OH,N587NN,5492,11042,CLE,"Cleveland, OH",11057,CLT,"Charlotte, NC",1652,1652,0,0,1600-1659,1845,1825,0,1800-1859,0,,113,93,430,2,,,,,,
1,9,3,MQ,N846AE,3840,11298,DFW,"Dallas/Fort Worth, TX",14783,SGF,"Springfield, MO",1625,1618,0,0,1600-1659,1742,1730,0,1700-1759,0,,77,72,364,2,,,,,,
1,3,4,MQ,N905JH,3825,14730,SDF,"Louisville, KY",13930,ORD,"Chicago, IL",1520,1601,41,1,1500-1559,1555,1622,27,1500-1559,0,,95,81,286,2,2,0,0,0,25,
1,5,6,MQ,N265NN,3345,12266,IAH,"Houston, TX",13930,ORD,"Chicago, IL",0624,0623,0,0,0600-0659,0909,0903,0,0900-0959,0,,165,160,925,4,,,,,,
1,4,5,OO,N898SK,3661,11648,FCA,"Kalispell, MT",14869,SLC,"Salt Lake City, UT",1355,1347,0,0,1300-1359,1553,1530,0,1500-1559,0,,118,103,531,3,,,,,,
1,14,1,DL,N361NB,1537,12953,LGA,"New York, NY",11697,FLL,"Fort Lauderdale, FL",1727,1716,0,0,1700-1759,2053,2017,0,2000-2059,0,,206,181,1076,5,,,,,,
1,24,4,UA,N37471,401,14570,RNO,"Reno, NV",11292,DEN,"Denver, CO",1337,1422,45,1,1300-1359,1645,1723,38,1600-1659,0,,128,121,804,4,0,0,0,0,38,
1,31,4,AA,N758AN,1034,13303,MIA,"Miami, FL",11298,DFW,"Dallas/Fort Worth, TX",1220,1216,0,0,1200-1259,1429,1439,10,1400-1459,0,,189,203,1121,5,,,,,,
1,18,5,UA,N466UA,1954,12889,LAS,"Las Vegas, NV",12266,IAH,"Houston, TX",1355,1415,20,1,1300-1359,1859,1936,37,1800-1859,0,,184,201,1222,5,0,0,17,0,20,
1,24,4,UA,N75425,2168,12892,LAX,"Los Angeles, CA",11042,CLE,"Cleveland, OH",1031,1023,0,0,1000-1059,1757,1748,0,1700-1759,0,,266,265,2052,9,,,,,,
1,26,6,NK,N685NK,605,11433,DTW,"Detroit, MI",14635,RSW,"Fort Myers, FL",0605,0603,0,0,0600-0659,0905,0848,0,0900-0959,0,,180,165,1084,5,,,,,,
1,30,3,WN,N920WN,1315,14107,PHX,"Phoenix, AZ",14679,SAN,"San Diego, CA",1850,1846,0,0,1800-1859,1855,1858,3,1800-1859,0,,65,72,304,2,,,,,,
1,5,6,DL,N335NB,1595,10140,ABQ,"Albuquerque, NM",14869,SLC,"Salt Lake City, UT",0600,0604,4,0,0600-0659,0743,0807,24,0700-0759,0,,103,123,493,2,0,0,24,0,0,
1,13,7,AA,N961NN,2407,12889,LAS,"Las Vegas, NV",13930,ORD,"Chicago, IL",1156,1153,0,0,1100-1159,1739,1736,0,1700-1759,0,,223,223,1514,7,,,,,,
1,6,7,WN,N468WN,3414,14107,PHX,"Phoenix, AZ",14679,SAN,"San Diego, CA",2020,2037,17,1,2000-2059,2030,2047,17,2000-2059,0,,70,70,304,2,16,0,0,0,1,
1,1,2,WN,N8313F,2166,14107,PHX,"Phoenix, AZ",11259,DAL,"Dallas, TX",1620,1653,33,1,1600-1659,1940,1956,16,1900-1959,0,,140,123,879,4,3,0,0,0,13,
1,29,2,WN,N254WN,5,11259,DAL,"Dallas, TX",12191,HOU,"Houston, TX",0800,0754,0,0,0800-0859,0915,0851,0,0900-0959,0,,75,57,239,1,,,,,,
1,16,3,MQ,N813AE,3681,14842,SJT,"San Angelo, TX",11298,DFW,"Dallas/Fort Worth, TX",1841,1834,0,0,1800-1859,1949,1938,0,1900-1959,0,,68,64,229,1,,,,,,
1,28,1,DL,N998AT,1718,14057,PDX,"Portland, OR",12892,LAX,"Los Angeles, CA",1809,1807,0,0,1800-1859,2022,2027,5,2000-2059,0,,133,140,834,4,,,,,,
1,16,3,UA,N805UA,2416,12953,LGA,"New York, NY",11292,DEN,"Denver, CO",1819,1814,0,0,1800-1859,2058,2035,0,2000-2059,0,,279,261,1620,7,,,,,,
1,28,1,HA,N361HA,11,14771,SFO,"San Francisco, CA",12173,HNL,"Honolulu, HI",0850,0843,0,0,0800-0859,1245,1203,0,1200-1259,0,,355,320,2398,10,,,,,,
1,3,4,WN,N8511K,1220,10821,BWI,"Baltimore, MD",11292,DEN,"Denver, CO",1340,1353,13,0,1300-1359,1555,1543,0,1500-1559,0,,255,230,1491,6,,,,,,
1,18,5,OO,N945SW,5377,11292,DEN,"Denver, CO",11775,FSD,"Sioux Falls, SD",0955,0949,0,0,0900-0959,1244,1253,9,1200-1259,0,,109,124,483,2,,,,,,
1,21,1,WN,N714CB,2196,10821,BWI,"Baltimore, MD",10397,ATL,"Atlanta, GA",1825,1833,8,0,1800-1859,2020,2025,5,2000-2059,0,,115,112,577,3,,,,,,
1,22,2,EV,N11544,4024,11618,EWR,"Newark, NJ",14307,PVD,"Providence, RI",1510,1632,82,1,1500-1559,1615,1743,88,1600-1659,0,,65,71,160,1,77,0,6,0,5,
1,14,1,WN,N932WN,1576,14570,RNO,"Reno, NV",12889,LAS,"Las Vegas, NV",1000,0959,0,0,1000-1059,1115,1131,16,1100-1159,0,,75,92,345,2,0,0,16,0,0,
1,22,2,AA,N870NN,1052,14683,SAT,"San Antonio, TX",11057,CLT,"Charlotte, NC",0500,0448,0,0,0001-0559,0842,0834,0,0800-0859,0,,162,166,1095,5,,,,,,
1,9,3,WN,N8676A,3407,12889,LAS,"Las Vegas, NV",13232,MDW,"Chicago, IL",1455,1508,13,0,1400-1459,2025,2024,0,2000-2059,0,,210,196,1521,7,,,,,,
1,24,4,F9,N941FR,410,11292,DEN,"Denver, CO",13930,ORD,"Chicago, IL",0625,0622,0,0,0600-0659,1006,1014,8,1000-1059,0,,161,172,888,4,,,,,,
1,23,3,AA,N924US,2075,13204,MCO,"Orlando, FL",11298,DFW,"Dallas/Fort Worth, TX",0547,0546,0,0,0001-0559,0745,0733,0,0700-0759,0,,178,167,985,4,,,,,,
1,30,3,WN,N562WN,489,10693,BNA,"Nashville, TN",13495,MSY,"New Orleans, LA",1445,1440,0,0,1400-1459,1620,1616,0,1600-1659,0,,95,96,471,2,,,,,,
1,3,4,WN,N767SW,1926,13891,ONT,"Ontario, CA",14893,SMF,"Sacramento, CA",1100,1115,15,1,1100-1159,1220,1219,0,1200-1259,0,,80,64,390,2,,,,,,
1,12,6,WN,N8679A,3859,13204,MCO,"Orlando, FL",12889,LAS,"Las Vegas, NV",1735,1729,0,0,1700-1759,1950,1937,0,1900-1959,0,,315,308,2039,9,,,,,,
1,5,6,B6,N905JB,525,12478,JFK,"New York, NY",15304,TPA,"Tampa, FL",0735,0812,37,1,0700-0759,1034,1056,22,1000-1059,0,,179,164,1005,5,13,0,0,0,9,
1,25,5,9E,N903XJ,5193,10599,BHM,"Birmingham, AL",11433,DTW,"Detroit, MI",1147,1151,4,0,1100-1159,1452,1441,0,1400-1459,0,,125,110,625,3,,,,,,
1,26,6,DL,N340DN,773,10397,ATL,"Atlanta, GA",11697,FLL,"Fort Lauderdale, FL",0800,0758,0,0,0800-0859,0949,1003,14,0900-0959,0,,109,125,581,3,,,,,,
1,21,1,UA,N845UA,2197,14869,SLC,"Salt Lake City, UT",13930,ORD,"Chicago, IL",1619,1631,12,0,1600-1659,2025,2026,1,2000-2059,0,,186,175,1250,6,,,,,,
1,21,1,9E,N834AY,5362,12478,JFK,"New York, NY",10821,BWI,"Baltimore, MD",0830,0927,57,1,0800-0859,1005,1041,36,1000-1059,0,,95,74,184,1,0,36,0,0,0,
1,26,6,OH,N507AE,5639,14100,PHL,"Philadelphia, PA",11193,CVG,"Cincinnati, OH",1505,1501,0,0,1500-1559,1701,1652,0,1700-1759,0,,116,111,507,3,,,,,,
1,27,7,AA,N949AN,1101,13930,ORD,"Chicago, IL",15304,TPA,"Tampa, FL",1155,1156,1,0,1100-1159,1532,1548,16,1500-1559,0,,157,172,1011,5,0,1,15,0,0,
1,3,4,AA,N803NN,349,13930,ORD,"Chicago, IL",12953,LGA,"New York, NY",0930,0929,0,0,0900-0959,1235,1219,0,1200-1259,0,,125,110,733,3,,,,,,
1,31,4,AA,N975UY,540,11057,CLT,"Charlotte, NC",14107,PHX,"Phoenix, AZ",1300,1306,6,0,1300-1359,1533,1523,0,1500-1559,0,,273,257,1773,8,,,,,,
1,23,3,OO,N936SW,7407,14869,SLC,"Salt Lake City, UT",15389,TWF,"Twin Falls, ID",2210,2201,0,0,2200-2259,2305,2256,0,2300-2359,0,,55,55,175,1,,,,,,
1,22,2,OO,N925SW,5857,11292,DEN,"Denver, CO",13502,MTJ,"Montrose/Delta, CO",0751,0757,6,0,0700-0759,0900,0922,22,0900-0959,0,,69,85,196,1,0,0,16,0,6,
1,17,4,WN,N774SW,497,14492,RDU,"Raleigh/Durham, NC",15304,TPA,"Tampa, FL",2045,2045,0,0,2000-2059,2230,2231,1,2200-2259,0,,105,106,587,3,,,,,,
1,25,5,UA,N78506,533,10397,ATL,"Atlanta, GA",11292,DEN,"Denver, CO",0827,0820,0,0,0800-0859,1005,0958,0,1000-1059,0,,218,218,1199,5,,,,,,
1,9,3,WN,N8508W,575,13232,MDW,"Chicago, IL",13891,ONT,"Ontario, CA",1915,1922,7,0,1900-1959,2150,2151,1,2100-2159,0,,275,269,1706,7,,,,,,
1,7,1,YX,N871RW,5960,11066,CMH,"Columbus, OH",10721,BOS,"Boston, MA",0619,0614,0,0,0600-0659,0829,0805,0,0800-0859,0,,130,111,640,3,,,,,,
1,10,4,YV,N928LR,5739,11298,DFW,"Dallas/Fort Worth, TX",12951,LFT,"Lafayette, LA",2225,2228,3,0,2200-2259,2343,2340,0,2300-2359,0,,78,72,351,2,,,,,,
1,1,2,OO,N746SK,2988,14107,PHX,"Phoenix, AZ",16218,YUM,"Yuma, AZ",1623,1620,0,0,1600-1659,1718,1708,0,1700-1759,0,,55,48,160,1,,,,,,
1,7,1,MQ,N825AE,3574,11298,DFW,"Dallas/Fort Worth, TX",13061,LRD,"Laredo, TX",0905,0858,0,0,0900-0959,1038,1036,0,1000-1059,0,,93,98,396,2,,,,,,
1,7,1,OO,N899SK,3659,14122,PIT,"Pittsburgh, PA",13487,MSP,"Minneapolis, MN",0952,0942,0,0,0900-0959,1130,1105,0,1100-1159,0,,158,143,726,3,,,,,,
1,14,1,OO,N404SY,3369,13487,MSP,"Minneapolis, MN",14679,SAN,"San Diego, CA",1505,1457,0,0,1500-1559,1715,1730,15,1700-1759,0,,250,273,1532,7,0,0,15,0,0,
1,15,2,WN,N442WN,283,11697,FLL,"Fort Lauderdale, FL",15304,TPA,"Tampa, FL",1540,1826,166,1,1500-1559,1655,1919,144,1600-1659,0,,75,53,197,1,16,0,0,0,128,
1,17,4,AA,N800NN,2788,11109,COS,"Colorado Springs, CO",11298,DFW,"Dallas/Fort Worth, TX",0544,0544,0,0,0001-0559,0844,0824,0,0800-0859,0,,120,100,592,3,,,,,,
1,14,1,EV,N14916,4297,12953,LGA,"New York, NY",11042,CLE,"Cleveland, OH",0610,0645,35,1,0600-0659,0800,0827,27,0800-0859,0,,110,102,419,2,0,27,0,0,0,
1,30,3,OO,N262SY,3745,13487,MSP,"Minneapolis, MN",15370,TUL,"Tulsa, OK",0854,0854,0,0,0800-0859,1115,1056,0,1100-1159,0,,141,122,615,3,,,,,,
1,19,6,AA,N143AN,2460,12892,LAX,"Los Angeles, CA",11298,DFW,"Dallas/Fort Worth, TX",0950,0955,5,0,0900-0959,1455,1505,10,1400-1459,0,,185,190,1235,5,,,,,,
1,8,2,AA,N893NN,1398,13487,MSP,"Minneapolis, MN",13930,ORD,"Chicago, IL",1422,1413,0,0,1400-1459,1600,1531,0,1600-1659,0,,98,78,334,2,,,,,,
1,21,1,YX,N656RW,3413,10397,ATL,"Atlanta, GA",13930,ORD,"Chicago, IL",1545,1544,0,0,1500-1559,1653,1719,26,1600-1659,0,,128,155,606,3,0,0,26,0,0,
1,23,3,OO,N923SW,5305,10599,BHM,"Birmingham, AL",13930,ORD,"Chicago, IL",1805,,,,1800-1859,2015,,,2000-2059,1,C,130,,583,3,,,,,,
1,14,1,YX,N650RW,3530,11618,EWR,"Newark, NJ",11433,DTW,"Detroit, MI",2150,2150,0,0,2100-2159,2356,2344,0,2300-2359,0,,126,114,488,2,,,,,,
1,13,7,UA,N68821,482,11292,DEN,"Denver, CO",14747,SEA,"Seattle, WA",1540,1536,0,0,1500-1559,1743,1708,0,1700-1759,0,,183,152,1024,5,,,,,,
1,6,7,DL,N910DE,2061,13360,MLB,"Melbourne, FL",10397,ATL,"Atlanta, GA",1432,1425,0,0,1400-1459,1609,1600,0,1600-1659,0,,97,95,442,2,,,,,,
1,11,5,B6,N907JB,883,12478,JFK,"New York, NY",13204,MCO,"Orlando, FL",1632,1639,7,0,1600-1659,1937,1931,0,1900-1959,0,,185,172,944,4,,,,,,
1,19,6,OO,N980SW,5071,14952,SPI,"Springfield, IL",13930,ORD,"Chicago, IL",1535,,,,1500-1559,1654,,,1600-1659,1,B,79,,174,1,,,,,,
1,6,7,UA,N23721,1443,12264,IAD,"Washington, DC",15024,STT,"Charlotte Amalie, VI",0820,0813,0,0,0800-0859,1307,1309,2,1300-1359,0,,227,236,1606,7,,,,,,
1,24,4,OO,N174SY,3494,14570,RNO,"Reno, NV",14831,SJC,"San Jose, CA",0600,0552,0,0,0600-0659,0705,0707,2,0700-0759,0,,65,75,188,1,,,,,,
1,11,5,DL,N959AT,2975,10397,ATL,"Atlanta, GA",13851,OKC,"Oklahoma City, OK",1102,1100,0,0,1100-1159,1226,1222,0,1200-1259,0,,144,142,761,4,,,,,,
1,8,2,OO,N594SW,2990,10747,BRO,"Brownsville, TX",11298,DFW,"Dallas/Fort Worth, TX",0600,1151,351,1,0600-0659,0742,1330,348,0700-0759,0,,102,99,482,2,327,0,0,0,21,
1,1,2,OH,N253PS,5146,10874,CAK,"Akron, OH",14100,PHL,"Philadelphia, PA",1530,1522,0,0,1500-1559,1700,1625,0,1700-1759,0,,90,63,335,2,,,,,,
1,12,6,WN,N8579Z,2388,14869,SLC,"Salt Lake City, UT",14107,PHX,"Phoenix, AZ",1155,1207,12,0,1100-1159,1335,1332,0,1300-1359,0,,100,85,507,3,,,,,,
1,8,2,WN,N7860A,6513,12954,LGB,"Long Beach, CA",14893,SMF,"Sacramento, CA",1045,1045,0,0,1000-1059,1210,1201,0,1200-1259,0,,85,76,387,2,,,,,,
1,9,3,OO,N710SK,2995,11298,DFW,"Dallas/Fort Worth, TX",10372,ASE,"Aspen, CO",1045,1037,0,0,1000-1059,1221,1203,0,1200-1259,0,,156,146,701,3,,,,,,
1,2,3,B6,N653JB,1454,14843,SJU,"San Juan, PR",11697,FLL,"Fort Lauderdale, FL",1106,1325,139,1,1100-1159,1254,1459,125,1200-1259,0,,168,154,1046,5,50,0,0,0,75,
1,14,1,AS,N921VA,1412,12892,LAX,"Los Angeles, CA",12478,JFK,"New York, NY",1335,1342,7,0,1300-1359,2200,2239,39,2200-2259,0,,325,357,2475,10,0,0,32,0,7,
1,24,4,9E,N298PQ,3476,12953,LGA,"New York, NY",11193,CVG,"Cincinnati, OH",2040,,,,2000-2059,2306,,,2300-2359,1,C,146,,585,3,,,,,,
1,24,4,AA,N824AW,887,14107,PHX,"Phoenix, AZ",14683,SAT,"San Antonio, TX",1815,1806,0,0,1800-1859,2120,2100,0,2100-2159,0,,125,114,843,4,,,,,,
1,3,4,AS,N530VA,1754,14747,SEA,"Seattle, WA",12892,LAX,"Los Angeles, CA",0600,0559,0,0,0600-0659,0846,0848,2,0800-0859,0,,166,169,954,4,,,,,,
1,31,4,B6,N294JB,1815,15096,SYR,"Syracuse, NY",12478,JFK,"New York, NY",1936,1930,0,0,1900-1959,2057,2045,0,2000-2059,0,,81,75,209,1,,,,,,
1,10,4,DL,N346NB,1736,10397,ATL,"Atlanta, GA",12266,IAH,"Houston, TX",2000,2135,95,1,2000-2059,2119,2244,85,2100-2159,0,,139,129,689,3,6,0,0,0,79,
1,20,7,B6,N789JB,429,12478,JFK,"New York, NY",14635,RSW,"Fort Myers, FL",1525,1543,18,1,1500-1559,1849,1911,22,1800-1859,0,,204,208,1074,5,18,0,4,0,0,
1,18,5,OO,N903SW,5304,14108,PIA,"Peoria, IL",13930,ORD,"Chicago, IL",1350,1346,0,0,1300-1359,1455,1521,26,1400-1459,0,,65,95,130,1,0,0,26,0,0,
1,16,3,AA,N983AN,2376,11298,DFW,"Dallas/Fort Worth, TX",12266,IAH,"Houston, TX",1025,1021,0,0,1000-1059,1132,1124,0,1100-1159,0,,67,63,224,1,,,,,,
1,27,7,AA,N745VJ,419,14122,PIT,"Pittsburgh, PA",11298,DFW,"Dallas/Fort Worth, TX",1520,1559,39,1,1500-1559,1737,1746,9,1700-1759,0,,197,167,1067,5,,,,,,
1,13,7,EV,N22909,3993,10781,BTR,"Baton Rouge, LA",12266,IAH,"Houston, TX",0700,0653,0,0,0700-0759,0819,0801,0,0800-0859,0,,79,68,253,2,,,,,,
1,10,4,WN,N8315C,1085,12191,HOU,"Houston, TX",15304,TPA,"Tampa, FL",1930,1932,2,0,1900-1959,2230,2225,0,2200-2259,0,,120,113,781,4,,,,,,
1,25,5,DL,N3772H,1193,14869,SLC,"Salt Lake City, UT",14100,PHL,"Philadelphia, PA",0930,0926,0,0,0900-0959,1550,1520,0,1500-1559,0,,260,234,1927,8,,,,,,
1,27,7,WN,N8600F,4430,14570,RNO,"Reno, NV",14107,PHX,"Phoenix, AZ",0650,0648,0,0,0600-0659,0950,0924,0,0900-0959,0,,120,96,601,3,,,,,,
1,11,5,WN,N728SW,1011,14831,SJC,"San Jose, CA",14908,SNA,"Santa Ana, CA",0840,0834,0,0,0800-0859,1000,0950,0,1000-1059,0,,80,76,342,2,,,,,,
1,1,2,UA,N69816,1782,10713,BOI,"Boise, ID",11292,DEN,"Denver, CO",0643,0649,6,0,0600-0659,0841,0850,9,0800-0859,0,,118,121,649,3,,,,,,
1,3,4,WN,N778SW,1171,13342,MKE,"Milwaukee, WI",15016,STL,"St. Louis, MO",0835,0833,0,0,0800-0859,0955,0939,0,0900-0959,0,,80,66,317,2,,,,,,
1,22,2,AA,N120EE,2249,12889,LAS,"Las Vegas, NV",12892,LAX,"Los Angeles, CA",1244,1240,0,0,1200-1259,1400,1343,0,1400-1459,0,,76,63,236,1,,,,,,
1,9,3,UA,N67827,2220,13930,ORD,"Chicago, IL",11292,DEN,"Denver, CO",1415,1412,0,0,1400-1459,1600,1554,0,1600-1659,0,,165,162,888,4,,,,,,
1,20,7,WN,N767SW,2499,14679,SAN,"San Diego, CA",12191,HOU,"Houston, TX",1615,1618,3,0,1600-1659,2115,2117,2,2100-2159,0,,180,179,1313,6,,,,,,
1,21,1,WN,N8308K,2118,11697,FLL,"Fort Lauderdale, FL",15304,TPA,"Tampa, FL",1750,1745,0,0,1700-1759,1900,1835,0,1900-1959,0,,70,50,197,1,,,,,,
1,3,4,WN,N7841A,1553,11292,DEN,"Denver, CO",14869,SLC,"Salt Lake City, UT",0850,0913,23,1,0800-0859,1025,1029,4,1000-1059,0,,95,76,391,2,,,,,,
1,11,5,OO,N153SY,5727,12892,LAX,"Los Angeles, CA",10849,BZN,"Bozeman, MT",0730,0720,0,0,0700-0759,1120,1114,0,1100-1159,0,,170,174,902,4,,,,,,
1,25,5,UA,N77022,557,12266,IAH,"Houston, TX",11618,EWR,"Newark, NJ",1010,1011,1,0,1000-1059,1433,1413,0,1400-1459,0,,203,182,1400,6,,,,,,
1,1,2,OO,N192SY,3432,14747,SEA,"Seattle, WA",14831,SJC,"San Jose, CA",1545,1539,0,0,1500-1559,1755,1743,0,1700-1759,0,,130,124,696,3,,,,,,
1,9,3,OO,N776SK,3281,11823,FWA,"Fort Wayne, IN",11298,DFW,"Dallas/Fort Worth, TX",0608,0555,0,0,0600-0659,0805,0757,0,0800-0859,0,,177,182,859,4,,,,,,
1,3,4,UA,N419UA,1878,14771,SFO,"San Francisco, CA",12266,IAH,"Houston, TX",1604,1600,0,0,1600-1659,2144,2131,0,2100-2159,0,,220,211,1635,7,,,,,,
1,29,2,MQ,N800AE,3327,11042,CLE,"Cleveland, OH",12478,JFK,"New York, NY",0715,0716,1,0,0700-0759,0906,0910,4,0900-0959,0,,111,114,425,2,,,,,,
1,23,3,EV,N14916,4294,11618,EWR,"Newark, NJ",14685,SAV,"Savannah, GA",1415,1411,0,0,1400-1459,1643,1635,0,1600-1659,0,,148,144,708,3,,,,,,
1,14,1,AA,N342PM,194,12953,LGA,"New York, NY",13930,ORD,"Chicago, IL",1630,1623,0,0,1600-1659,1827,1751,0,1800-1859,0,,177,148,733,3,,,,,,
1,13,7,YX,N129HQ,4642,14100,PHL,"Philadelphia, PA",14986,SRQ,"Sarasota/Bradenton, FL",0805,0801,0,0,0800-0859,1100,1212,72,1100-1159,0,,175,251,957,4,0,0,72,0,0,
1,5,6,WN,N7868K,4276,14679,SAN,"San Diego, CA",11292,DEN,"Denver, CO",0935,0950,15,1,0900-0959,1250,1247,0,1200-1259,0,,135,117,853,4,,,,,,
1,8,2,YX,N112HQ,4705,12451,JAX,"Jacksonville, FL",14100,PHL,"Philadelphia, PA",1704,1651,0,0,1700-1759,1919,1843,0,1900-1959,0,,135,112,742,3,,,,,,
1,17,4,DL,N920DE,2256,10397,ATL,"Atlanta, GA",10257,ALB,"Albany, NY",0936,0930,0,0,0900-0959,1158,1132,0,1100-1159,0,,142,122,853,4,,,,,,
1,27,7,AA,N8027D,2624,15304,TPA,"Tampa, FL",13303,MIA,"Miami, FL",2046,2200,74,1,2000-2059,2155,2315,80,2100-2159,0,,69,75,204,1,0,0,6,0,74,
1,9,3,MQ,N697AB,3560,11193,CVG,"Cincinnati, OH",13303,MIA,"Miami, FL",1754,1752,0,0,1700-1759,2039,2039,0,2000-2059,0,,165,167,948,4,,,,,,
1,3,4,DL,N899AT,1474,11042,CLE,"Cleveland, OH",10397,ATL,"Atlanta, GA",1511,1505,0,0,1500-1559,1710,1653,0,1700-1759,0,,119,108,554,3,,,,,,
1,8,2,F9,N305FR,1130,13485,MSN,"Madison, WI",13204,MCO,"Orlando, FL",0956,0949,0,0,0900-0959,1350,1328,0,1300-1359,0,,174,159,1109,5,,,,,,
1,30,3,YV,N89308,6296,12264,IAD,"Washington, DC",11298,DFW,"Dallas/Fort Worth, TX",1730,1729,0,0,1700-1759,1959,2011,12,1900-1959,0,,209,222,1172,5,,,,,,
1,11,5,WN,N914WN,162,14893,SMF,"Sacramento, CA",12889,LAS,"Las Vegas, NV",0900,0855,0,0,0900-0959,1015,1014,0,1000-1059,0,,75,79,397,2,,,,,,
1,25,5,AA,N352PS,115,12953,LGA,"New York, NY",13930,ORD,"Chicago, IL",0830,0841,11,0,0800-0859,1024,1110,46,1000-1059,0,,174,209,733,3,11,0,35,0,0,
1,25,5,NK,N664NK,193,12266,IAH,"Houston, TX",12889,LAS,"Las Vegas, NV",0906,0901,0,0,0900-0959,1026,1023,0,1000-1059,0,,200,202,1222,5,,,,,,
1,17,4,UA,N471UA,713,11298,DFW,"Dallas/Fort Worth, TX",13930,ORD,"Chicago, IL",1759,1800,1,0,1700-1759,2024,2015,0,2000-2059,0,,145,135,801,4,,,,,,
1,18,5,OH,N712PS,5270,14100,PHL,"Philadelphia, PA",11042,CLE,"Cleveland, OH",0830,0828,0,0,0800-0859,1017,1057,40,1000-1059,0,,107,149,363,2,0,0,40,0,0,
1,13,7,AA,N862NN,1278,12478,JFK,"New York, NY",10721,BOS,"Boston, MA",2130,2137,7,0,2100-2159,2239,2239,0,2200-2259,0,,69,62,187,1,,,,,,
1,4,5,WN,N410WN,1071,14492,RDU,"Raleigh/Durham, NC",10821,BWI,"Baltimore, MD",1755,1750,0,0,1700-1759,1900,1902,2,1900-1959,0,,65,72,255,2,,,,,,
1,19,6,OH,N716PS,5041,11278,DCA,"Washington, DC",12323,ILM,"Wilmington, NC",0850,0850,0,0,0800-0859,1018,1017,0,1000-1059,0,,88,87,319,2,,,,,,
1,28,1,WN,N258WN,1677,13487,MSP,"Minneapolis, MN",10821,BWI,"Baltimore, MD",1725,1730,5,0,1700-1759,2050,2105,15,2000-2059,0,,145,155,936,4,0,0,15,0,0,
1,10,4,DL,N906DE,2331,11481,ECP,"Panama City, FL",10397,ATL,"Atlanta, GA",1202,1200,0,0,1200-1259,1420,1403,0,1400-1459,0,,78,63,240,1,,,,,,
1,30,3,OO,N923SW,5377,11292,DEN,"Denver, CO",11775,FSD,"Sioux Falls, SD",0955,0947,0,0,0900-0959,1244,1234,0,1200-1259,0,,109,107,483,2,,,,,,
1,8,2,WN,N742SW,941,13198,MCI,"Kansas City, MO",12191,HOU,"Houston, TX",1855,1935,40,1,1800-1859,2100,2122,22,2100-2159,0,,125,107,666,3,4,0,0,0,18,
1,21,1,YX,N721YX,3458,14122,PIT,"Pittsburgh, PA",12266,IAH,"Houston, TX",1110,1103,0,0,1100-1159,1336,1328,0,1300-1359,0,,206,205,1117,5,,,,,,
1,5,6,OH,N586NN,5362,15919,XNA,"Fayetteville, AR",11057,CLT,"Charlotte, NC",0601,0556,0,0,0600-0659,0910,0911,1,0900-0959,0,,129,135,754,4,,,,,,
1,11,5,OO,N809CA,3854,13487,MSP,"Minneapolis, MN",13029,LNK,"Lincoln, NE",0855,0849,0,0,0800-0859,1043,1013,0,1000-1059,0,,108,84,331,2,,,,,,
1,29,2,DL,N944AT,2602,12478,JFK,"New York, NY",13487,MSP,"Minneapolis, MN",1855,1855,0,0,1800-1859,2128,2101,0,2100-2159,0,,213,186,1029,5,,,,,,
1,18,5,WN,N960WN,647,11697,FLL,"Fort Lauderdale, FL",13204,MCO,"Orlando, FL",1645,1644,0,0,1600-1659,1755,1754,0,1700-1759,0,,70,70,177,1,,,,,,
1,14,1,DL,N667DN,1128,11697,FLL,"Fort Lauderdale, FL",10397,ATL,"Atlanta, GA",1252,1246,0,0,1200-1259,1452,1439,0,1400-1459,0,,120,113,581,3,,,,,,
1,18,5,WN,N751SW,971,14893,SMF,"Sacramento, CA",10713,BOI,"Boise, ID",1450,1453,3,0,1400-1459,1715,1710,0,1700-1759,0,,85,77,437,2,,,,,,
1,22,2,YV,N518LR,6095,10792,BUF,"Buffalo, NY",12264,IAD,"Washington, DC",1030,1133,63,1,1000-1059,1149,1248,59,1100-1159,0,,79,75,283,2,0,0,59,0,0,
1,26,6,AS,N845VA,1905,12889,LAS,"Las Vegas, NV",14771,SFO,"San Francisco, CA",1315,1441,86,1,1300-1359,1455,1607,72,1400-1459,0,,100,86,414,2,72,0,0,0,0,
1,29,2,AA,N136AN,2023,13303,MIA,"Miami, FL",11057,CLT,"Charlotte, NC",1935,2140,125,1,1900-1959,2139,2339,120,2100-2159,0,,124,119,650,3,16,0,0,0,104,
1,3,4,WN,N7833A,56,12191,HOU,"Houston, TX",11259,DAL,"Dallas, TX",1930,1949,19,1,1900-1959,2030,2056,26,2000-2059,0,,60,67,239,1,0,0,7,0,19,
1,12,6,WN,N457WN,3108,14492,RDU,"Raleigh/Durham, NC",10693,BNA,"Nashville, TN",1415,1405,0,0,1400-1459,1450,1430,0,1400-1459,0,,95,85,442,2,,,,,,
1,28,1,WN,N8552Z,408,14683,SAT,"San Antonio, TX",11292,DEN,"Denver, CO",0605,0600,0,0,0600-0659,0725,0737,12,0700-0759,0,,140,157,794,4,,,,,,
1,2,3,UA,N57864,624,14771,SFO,"San Francisco, CA",13930,ORD,"Chicago, IL",1040,1039,0,0,1000-1059,1652,1703,11,1600-1659,0,,252,264,1846,8,,,,,,
1,5,6,YV,N959LR,5886,14107,PHX,"Phoenix, AZ",13198,MCI,"Kansas City, MO",1415,1536,81,1,1400-1459,1737,1855,78,1700-1759,0,,142,139,1044,5,28,0,0,0,50,
1,31,4,AA,N914UY,1770,11292,DEN,"Denver, CO",14107,PHX,"Phoenix, AZ",0735,0727,0,0,0700-0759,0950,0931,0,0900-0959,0,,135,124,602,3,,,,,,
1,15,2,UA,N38403,1578,12266,IAH,"Houston, TX",10721,BOS,"Boston, MA",1816,1812,0,0,1800-1859,2256,2245,0,2200-2259,0,,220,213,1597,7,,,,,,
1,22,2,YV,N88310,6068,11042,CLE,"Cleveland, OH",12266,IAH,"Houston, TX",0630,0628,0,0,0600-0659,0855,0851,0,0800-0859,0,,205,203,1091,5,,,,,,
1,11,5,AS,N641VA,1925,12892,LAX,"Los Angeles, CA",14771,SFO,"San Francisco, CA",0630,0620,0,0,0600-0659,0755,0738,0,0700-0759,0,,85,78,337,2,,,,,,
1,8,2,EV,N14542,4308,11042,CLE,"Cleveland, OH",12953,LGA,"New York, NY",1305,1256,0,0,1300-1359,1447,1424,0,1400-1459,0,,102,88,419,2,,,,,,
1,12,6,B6,N561JB,680,12954,LGB,"Long Beach, CA",12889,LAS,"Las Vegas, NV",1321,1314,0,0,1300-1359,1430,1417,0,1400-1459,0,,69,63,231,1,,,,,,
1,1,2,OO,N947SW,5119,14794,SGU,"St. George, UT",12892,LAX,"Los Angeles, CA",0609,0634,25,1,0600-0659,0645,0655,10,0600-0659,0,,96,81,349,2,,,,,,
1,24,4,WN,N7850B,1227,14492,RDU,"Raleigh/Durham, NC",10397,ATL,"Atlanta, GA",0610,0613,3,0,0600-0659,0735,0732,0,0700-0759,0,,85,79,356,2,,,,,,
1,18,5,EV,N14916,4281,11042,CLE,"Cleveland, OH",11278,DCA,"Washington, DC",0832,0842,10,0,0800-0859,0956,1010,14,0900-0959,0,,84,88,310,2,,,,,,
1,4,5,UA,N38479,435,12758,KOA,"Kona, HI",14771,SFO,"San Francisco, CA",1613,1643,30,1,1600-1659,2313,2319,6,2300-2359,0,,300,276,2367,10,,,,,,
1,5,6,EV,N29917,4101,12266,IAH,"Houston, TX",10747,BRO,"Brownsville, TX",1005,0955,0,0,1000-1059,1130,1103,0,1100-1159,0,,85,68,308,2,,,,,,
1,7,1,DL,N363DN,2788,10397,ATL,"Atlanta, GA",12953,LGA,"New York, NY",0600,0558,0,0,0600-0659,0802,0759,0,0800-0859,0,,122,121,762,4,,,,,,
1,4,5,NK,N652NK,706,11433,DTW,"Detroit, MI",12892,LAX,"Los Angeles, CA",2050,2051,1,0,2000-2059,2303,2306,3,2300-2359,0,,313,315,1979,8,,,,,,
1,26,6,OO,N869AS,5019,14802,SHD,"Staunton, VA",12264,IAD,"Washington, DC",0615,0612,0,0,0600-0659,0709,0656,0,0700-0759,0,,54,44,91,1,,,,,,
1,22,2,UA,N37502,1644,12266,IAH,"Houston, TX",13204,MCO,"Orlando, FL",1440,1439,0,0,1400-1459,1756,1806,10,1700-1759,0,,136,147,854,4,,,,,,
1,4,5,WN,N247WN,1285,15016,STL,"St. Louis, MO",13495,MSY,"New Orleans, LA",1345,1343,0,0,1300-1359,1530,1516,0,1500-1559,0,,105,93,604,3,,,,,,
1,28,1,WN,N8508W,1271,13342,MKE,"Milwaukee, WI",14107,PHX,"Phoenix, AZ",1600,1611,11,0,1600-1659,1900,1902,2,1900-1959,0,,240,231,1460,6,,,,,,
1,29,2,DL,N590NW,1155,10397,ATL,"Atlanta, GA",13204,MCO,"Orlando, FL",1856,1853,0,0,1800-1859,2030,2035,5,2000-2059,0,,94,102,404,2,,,,,,
1,3,4,UA,N39461,456,11292,DEN,"Denver, CO",11618,EWR,"Newark, NJ",2010,2005,0,0,2000-2059,0137,0131,0,0001-0559,0,,207,206,1605,7,,,,,,
1,30,3,OO,N402SY,3315,14679,SAN,"San Diego, CA",12094,HDN,"Hayden, CO",1055,1202,67,1,1000-1059,1420,1513,53,1400-1459,0,,145,131,769,4,0,0,0,0,53,
1,7,1,UA,N69888,577,10849,BZN,"Bozeman, MT",11292,DEN,"Denver, CO",0515,0511,0,0,0001-0559,0706,0641,0,0700-0759,0,,111,90,524,3,,,,,,
1,18,5,DL,N994DL,1640,10821,BWI,"Baltimore, MD",10397,ATL,"Atlanta, GA",1341,1357,16,1,1300-1359,1543,1554,11,1500-1559,0,,122,117,577,3,,,,,,
1,25,5,OO,N943SW,5639,11109,COS,"Colorado Springs, CO",13930,ORD,"Chicago, IL",0655,0647,0,0,0600-0659,1043,1057,14,1000-1059,0,,168,190,911,4,,,,,,
1,10,4,DL,N806DN,351,13487,MSP,"Minneapolis, MN",14771,SFO,"San Francisco, CA",1155,1159,4,0,1100-1159,1424,1400,0,1400-1459,0,,269,241,1589,7,,,,,,
1,3,4,B6,N519JB,1512,14635,RSW,"Fort Myers, FL",11618,EWR,"Newark, NJ",2028,2020,0,0,2000-2059,2314,2309,0,2300-2359,0,,166,169,1068,5,,,,,,
1,4,5,UA,N76505,2016,14679,SAN,"San Diego, CA",14771,SFO,"San Francisco, CA",1700,1653,0,0,1700-1759,1838,1820,0,1800-1859,0,,98,87,447,2,,,,,,
1,24,4,AA,N150UW,1974,14107,PHX,"Phoenix, AZ",14771,SFO,"San Francisco, CA",1140,1214,34,1,1100-1159,1253,1325,32,1200-1259,0,,133,131,651,3,0,0,0,0,32,
1,6,7,B6,N729JB,1668,10994,CHS,"Charleston, SC",10721,BOS,"Boston, MA",1301,1251,0,0,1300-1359,1513,1507,0,1500-1559,0,,132,136,818,4,,,,,,
1,31,4,WN,N8531Q,3407,10397,ATL,"Atlanta, GA",14107,PHX,"Phoenix, AZ",1050,1053,3,0,1000-1059,1320,1257,0,1300-1359,0,,270,244,1587,7,,,,,,
1,17,4,DL,N396DA,2892,11433,DTW,"Detroit, MI",14747,SEA,"Seattle, WA",1224,1225,1,0,1200-1259,1440,1426,0,1400-1459,0,,316,301,1927,8,,,,,,
1,14,1,AA,N105NN,1,12478,JFK,"New York, NY",12892,LAX,"Los Angeles, CA",0800,0757,0,0,0800-0859,1133,1133,0,1100-1159,0,,393,396,2475,10,,,,,,
1,15,2,AA,N948UW,1708,14100,PHL,"Philadelphia, PA",10721,BOS,"Boston, MA",0840,0834,0,0,0800-0859,1013,1006,0,1000-1059,0,,93,92,280,2,,,,,,
1,25,5,DL,N338NB,2407,11278,DCA,"Washington, DC",13487,MSP,"Minneapolis, MN",1500,1456,0,0,1500-1559,1654,1628,0,1600-1659,0,,174,152,931,4,,,,,,
1,15,2,UA,N78448,739,11292,DEN,"Denver, CO",14107,PHX,"Phoenix, AZ",1133,1126,0,0,1100-1159,1335,1318,0,1300-1359,0,,122,112,602,3,,,,,,
1,3,4,HA,N495HA,297,12758,KOA,"Kona, HI",12173,HNL,"Honolulu, HI",1453,1453,0,0,1400-1459,1544,1544,0,1500-1559,0,,51,51,163,1,,,,,,
1,4,5,B6,N536JB,1212,13204,MCO,"Orlando, FL",10821,BWI,"Baltimore, MD",1419,1409,0,0,1400-1459,1632,1611,0,1600-1659,0,,133,122,787,4,,,,,,
1,4,5,AA,N941NN,1375,13930,ORD,"Chicago, IL",12892,LAX,"Los Angeles, CA",1500,1459,0,0,1500-1559,1735,1708,0,1700-1759,0,,275,249,1744,7,,,,,,
1,7,1,OO,N902EV,3122,13930,ORD,"Chicago, IL",10990,CHO,"Charlottesville, VA",1701,1653,0,0,1700-1759,2001,1933,0,2000-2059,0,,120,100,566,3,,,,,,
1,7,1,DL,N836DN,765,14771,SFO,"San Francisco, CA",10397,ATL,"Atlanta, GA",1522,1510,0,0,1500-1559,2251,2217,0,2200-2259,0,,269,247,2139,9,,,,,,
1,7,1,AS,N535AS,55,11630,FAI,"Fairbanks, AK",10299,ANC,"Anchorage, AK",1515,1456,0,0,1500-1559,1620,1557,0,1600-1659,0,,65,61,261,2,,,,,,
1,28,1,AA,N832AW,826,11042,CLE,"Cleveland, OH",11057,CLT,"Charlotte, NC",1524,1516,0,0,1500-1559,1704,1647,0,1700-1759,0,,100,91,430,2,,,,,,
1,20,7,AA,N549UW,1632,14107,PHX,"Phoenix, AZ",11298,DFW,"Dallas/Fort Worth, TX",1615,1611,0,0,1600-1659,1936,1922,0,1900-1959,0,,141,131,868,4,,,,,,
1,11,5,OO,N825SK,3699,14252,PSC,"Pasco/Kennewick/Richland, WA",13487,MSP,"Minneapolis, MN",0640,0638,0,0,0600-0659,1157,1127,0,1100-1159,0,,197,169,1254,6,,,,,,
1,19,6,DL,N823DX,957,10397,ATL,"Atlanta, GA",10849,BZN,"Bozeman, MT",1100,1110,10,0,1100-1159,1327,1324,0,1300-1359,0,,267,254,1640,7,,,,,,
1,30,3,OH,N561NN,5045,11057,CLT,"Charlotte, NC",13931,ORF,"Norfolk, VA",0724,0723,0,0,0700-0759,0833,0817,0,0800-0859,0,,69,54,290,2,,,,,,
1,28,1,DL,N342DN,1557,12953,LGA,"New York, NY",13204,MCO,"Orlando, FL",1958,1953,0,0,1900-1959,2309,2241,0,2300-2359,0,,191,168,950,4,,,,,,
1,12,6,WN,N961WN,3770,10821,BWI,"Baltimore, MD",13204,MCO,"Orlando, FL",1035,1035,0,0,1000-1059,1255,1246,0,1200-1259,0,,140,131,787,4,,,,,,
1,27,7,UA,N75854,743,13930,ORD,"Chicago, IL",14771,SFO,"San Francisco, CA",1759,1802,3,0,1700-1759,2043,2105,22,2000-2059,0,,284,303,1846,8,0,0,22,0,0,
1,2,3,WN,N792SW,6209,12892,LAX,"Los Angeles, CA",15376,TUS,"Tucson, AZ",2120,2314,114,1,2100-2159,2340,0129,109,2300-2359,0,,80,75,451,2,0,0,0,0,109,
1,18,5,F9,N210FR,1193,14492,RDU,"Raleigh/Durham, NC",13204,MCO,"Orlando, FL",1142,1145,3,0,1100-1159,1335,1328,0,1300-1359,0,,113,103,534,3,,,,,,
1,8,2,AS,N624VA,1259,14771,SFO,"San Francisco, CA",14747,SEA,"Seattle, WA",0815,,,,0800-0859,1025,,,1000-1059,1,C,130,,679,3,,,,,,
1,5,6,YV,N248LR,5792,14107,PHX,"Phoenix, AZ",13891,ONT,"Ontario, CA",0841,0841,0,0,0800-0859,0900,0857,0,0900-0959,0,,79,76,325,2,,,,,,
1,18,5,B6,N558JB,862,14843,SJU,"San Juan, PR",10721,BOS,"Boston, MA",0455,0449,0,0,0001-0559,0802,0758,0,0800-0859,0,,247,249,1674,7,,,,,,
1,25,5,WN,N957WN,472,13871,OMA,"Omaha, NE",13232,MDW,"Chicago, IL",1910,1906,0,0,1900-1959,2030,2042,12,2000-2059,0,,80,96,423,2,,,,,,
1,13,7,WN,N494WN,6969,14635,RSW,"Fort Myers, FL",11259,DAL,"Dallas, TX",1425,1448,23,1,1400-1459,1620,1634,14,1600-1659,0,,175,166,1005,5,,,,,,
1,2,3,AA,N9022G,1618,13303,MIA,"Miami, FL",10397,ATL,"Atlanta, GA",1730,1726,0,0,1700-1759,1931,1943,12,1900-1959,0,,121,137,594,3,,,,,,
1,25,5,OH,N599NN,5701,11433,DTW,"Detroit, MI",11278,DCA,"Washington, DC",0559,0557,0,0,0001-0559,0744,0717,0,0700-0759,0,,105,80,405,2,,,,,,
1,31,4,YV,N927LR,5837,14107,PHX,"Phoenix, AZ",13476,MRY,"Monterey, CA",2109,2102,0,0,2100-2159,2202,2157,0,2200-2259,0,,113,115,598,3,,,,,,
1,21,1,DL,N329DN,2868,13487,MSP,"Minneapolis, MN",10397,ATL,"Atlanta, GA",0955,0951,0,0,0900-0959,1338,1256,0,1300-1359,0,,163,125,907,4,,,,,,
1,10,4,WN,N7857B,1870,12889,LAS,"Las Vegas, NV",14107,PHX,"Phoenix, AZ",2115,2110,0,0,2100-2159,2330,2308,0,2300-2359,0,,75,58,255,2,,,,,,
1,2,3,WN,N8618N,3797,10693,BNA,"Nashville, TN",11042,CLE,"Cleveland, OH",0950,0950,0,0,0900-0959,1215,1210,0,1200-1259,0,,85,80,448,2,,,,,,
1,17,4,YX,N647RW,3579,12278,ICT,"Wichita, KS",13930,ORD,"Chicago, IL",0600,0553,0,0,0600-0659,0802,0735,0,0800-0859,0,,122,102,588,3,,,,,,
1,24,4,WN,N966WN,1576,13796,OAK,"Oakland, CA",14570,RNO,"Reno, NV",0825,0820,0,0,0800-0859,0920,0907,0,0900-0959,0,,55,47,181,1,,,,,,
1,20,7,EV,N11535,4087,12266,IAH,"Houston, TX",15624,VPS,"Valparaiso, FL",1230,1227,0,0,1200-1259,1413,1428,15,1400-1459,0,,103,121,528,3,0,0,15,0,0,
1,7,1,DL,N920DE,1939,10397,ATL,"Atlanta, GA",11986,GRR,"Grand Rapids, MI",1536,1530,0,0,1500-1559,1731,1709,0,1700-1759,0,,115,99,640,3,,,,,,
1,18,5,WN,N566WN,267,11292,DEN,"Denver, CO",13851,OKC,"Oklahoma City, OK",1945,1941,0,0,1900-1959,2215,2206,0,2200-2259,0,,90,85,495,2,,,,,,
1,23,3,DL,N353DN,990,10397,ATL,"Atlanta, GA",14679,SAN,"San Diego, CA",1924,1929,5,0,1900-1959,2115,2108,0,2100-2159,0,,291,279,1892,8,,,,,,
1,30,3,AA,N908AA,1435,11298,DFW,"Dallas/Fort Worth, TX",10423,AUS,"Austin, TX",2030,2025,0,0,2000-2059,2130,2116,0,2100-2159,0,,60,51,190,1,,,,,,
1,28,1,AS,N842VA,1241,13930,ORD,"Chicago, IL",12892,LAX,"Los Angeles, CA",1905,2237,212,1,1900-1959,2150,0135,225,2100-2159,0,,285,298,1744,7,0,0,13,0,212,
1,7,1,OO,N976SW,5924,13476,MRY,"Monterey, CA",11292,DEN,"Denver, CO",0800,0744,0,0,0800-0859,1141,1115,0,1100-1159,0,,161,151,959,4,,,,,,
1,17,4,OO,N824SK,3641,14576,ROC,"Rochester, NY",11433,DTW,"Detroit, MI",1429,1419,0,0,1400-1459,1606,1538,0,1600-1659,0,,97,79,296,2,,,,,,
1,4,5,DL,N946AT,1116,13232,MDW,"Chicago, IL",10397,ATL,"Atlanta, GA",1559,1550,0,0,1500-1559,1900,1839,0,1900-1959,0,,121,109,591,3,,,,,,
1,17,4,OO,N281SY,3960,11298,DFW,"Dallas/Fort Worth, TX",12953,LGA,"New York, NY",1610,1700,50,1,1600-1659,2038,2132,54,2000-2059,0,,208,212,1389,6,0,27,4,0,23,
1,26,6,NK,N664NK,186,13204,MCO,"Orlando, FL",10821,BWI,"Baltimore, MD",1155,1153,0,0,1100-1159,1408,1347,0,1400-1459,0,,133,114,787,4,,,,,,
1,25,5,WN,N786SW,375,11697,FLL,"Fort Lauderdale, FL",15304,TPA,"Tampa, FL",0605,0600,0,0,0600-0659,0710,0657,0,0700-0759,0,,65,57,197,1,,,,,,
1,17,4,DL,N916DE,2061,10397,ATL,"Atlanta, GA",13360,MLB,"Melbourne, FL",1220,1219,0,0,1200-1259,1348,1342,0,1300-1359,0,,88,83,442,2,,,,,,
1,13,7,AA,N343PN,85,11057,CLT,"Charlotte, NC",13303,MIA,"Miami, FL",1634,1718,44,1,1600-1659,1856,1914,18,1800-1859,0,,142,116,650,3,2,0,0,0,16,
1,14,1,AS,N923VA,1369,10721,BOS,"Boston, MA",12892,LAX,"Los Angeles, CA",1830,1911,41,1,1800-1859,2215,2232,17,2200-2259,0,,405,381,2611,11,0,0,0,0,17,
1,25,5,AS,N457AS,654,14747,SEA,"Seattle, WA",14893,SMF,"Sacramento, CA",1945,1946,1,0,1900-1959,2130,2125,0,2100-2159,0,,105,99,605,3,,,,,,
1,3,4,AA,N4032T,2537,13303,MIA,"Miami, FL",10821,BWI,"Baltimore, MD",0851,0846,0,0,0800-0859,1122,1115,0,1100-1159,0,,151,149,946,4,,,,,,
1,29,2,AA,N108UW,1796,11057,CLT,"Charlotte, NC",15304,TPA,"Tampa, FL",1819,1822,3,0,1800-1859,2006,1950,0,2000-2059,0,,107,88,507,3,,,,,,
1,21,1,WN,N7844A,290,11259,DAL,"Dallas, TX",12892,LAX,"Los Angeles, CA",0615,0617,2,0,0600-0659,0750,0745,0,0700-0759,0,,215,208,1246,5,,,,,,
1,19,6,WN,N8618N,5295,11292,DEN,"Denver, CO",12889,LAS,"Las Vegas, NV",0950,0954,4,0,0900-0959,1050,1038,0,1000-1059,0,,120,104,628,3,,,,,,
1,13,7,OO,N184SY,3368,14831,SJC,"San Jose, CA",10423,AUS,"Austin, TX",1825,1814,0,0,1800-1859,2355,2352,0,2300-2359,0,,210,218,1476,6,,,,,,
1,14,1,OO,N283SY,3843,12953,LGA,"New York, NY",14524,RIC,"Richmond, VA",2059,2114,15,1,2000-2059,2238,2239,1,2200-2259,0,,99,85,292,2,,,,,,
1,15,2,9E,N330PQ,5409,13487,MSP,"Minneapolis, MN",11298,DFW,"Dallas/Fort Worth, TX",0906,0913,7,0,0900-0959,1214,1205,0,1200-1259,0,,188,172,852,4,,,,,,
1,21,1,NK,N642NK,250,13204,MCO,"Orlando, FL",13487,MSP,"Minneapolis, MN",1216,1207,0,0,1200-1259,1455,1455,0,1400-1459,0,,219,228,1310,6,,,,,,
2,10,7,G4,230NV,1777,12544,USA,"Concord, NC",11697,FLL,"Fort Lauderdale, FL",1729,1720,0,0,1700-1759,1927,1907,0,1900-1959,0,,118,107,643,3,,,,,,
2,6,3,WN,N258WN,1778,14893,SMF,"Sacramento, CA",14679,SAN,"San Diego, CA",1605,1601,0,0,1600-1659,1740,1720,0,1700-1759,0,,95,79,480,2,,,,,,
2,11,1,AA,N337PJ,1231,11697,FLL,"Fort Lauderdale, FL",11298,DFW,"Dallas/Fort Worth, TX",0525,0521,0,0,0001-0559,0743,0734,0,0700-0759,0,,198,193,1119,5,,,,,,
2,22,5,DL,N947DL,1836,13244,MEM,"Memphis, TN",10397,ATL,"Atlanta, GA",1447,1451,4,0,1400-1459,1710,1705,0,1700-1759,0,,83,74,332,2,,,,,,
2,7,4,B6,N584JB,1013,12478,JFK,"New York, NY",12954,LGB,"Long Beach, CA",1735,1735,0,0,1700-1759,2100,2058,0,2100-2159,0,,385,383,2465,10,,,,,,
2,11,1,AA,N952UW,1990,14100,PHL,"Philadelphia, PA",12451,JAX,"Jacksonville, FL",1030,1022,0,0,1000-1059,1256,1321,25,1200-1259,0,,146,179,742,3,0,0,25,0,0,
2,18,1,9E,N932XJ,3360,14635,RSW,"Fort Myers, FL",12953,LGA,"New York, NY",1943,2000,17,1,1900-1959,2233,2310,37,2200-2259,0,,170,190,1080,5,0,0,20,0,17,
2,9,6,AS,N926VA,1337,11697,FLL,"Fort Lauderdale, FL",12892,LAX,"Los Angeles, CA",1940,2130,110,1,1900-1959,2240,0012,92,2200-2259,0,,360,342,2343,10,37,0,0,0,55,
2,16,6,MQ,N653AE,3993,13930,ORD,"Chicago, IL",11823,FWA,"Fort Wayne, IN",0830,0827,0,0,0800-0859,1028,1018,0,1000-1059,0,,58,51,157,1,,,,,,
2,22,5,UA,N25201,1785,12264,IAD,"Washington, DC",11697,FLL,"Fort Lauderdale, FL",0815,0809,0,0,0800-0859,1056,1045,0,1000-1059,0,,161,156,901,4,,,,,,
2,14,4,WN,N7864B,523,13198,MCI,"Kansas City, MO",13342,MKE,"Milwaukee, WI",0840,0841,1,0,0800-0859,1005,0956,0,1000-1059,0,,85,75,436,2,,,,,,
2,16,6,G4,311NV,35,14570,RNO,"Reno, NV",12889,LAS,"Las Vegas, NV",1703,1709,6,0,1700-1759,1816,1850,34,1800-1859,0,,73,101,345,2,0,0,28,0,6,
2,9,6,B6,N579JB,2338,10800,BUR,"Burbank, CA",10721,BOS,"Boston, MA",2000,2007,7,0,2000-2059,0419,0343,0,0001-0559,0,,319,276,2601,11,,,,,,
2,13,3,WN,N8711Q,1326,12339,IND,"Indianapolis, IN",11292,DEN,"Denver, CO",1100,1104,4,0,1100-1159,1150,1152,2,1100-1159,0,,170,168,977,4,,,,,,
2,17,7,WN,N451WN,4474,14831,SJC,"San Jose, CA",14679,SAN,"San Diego, CA",1900,1920,20,1,1900-1959,2020,2037,17,2000-2059,0,,80,77,417,2,0,0,0,0,17,
2,16,6,WN,N7835A,3243,11259,DAL,"Dallas, TX",10397,ATL,"Atlanta, GA",1450,1506,16,1,1400-1459,1750,1750,0,1700-1759,0,,120,104,721,3,,,,,,
2,21,4,OO,N805SK,3615,13487,MSP,"Minneapolis, MN",11648,FCA,"Kalispell, MT",1125,1332,127,1,1100-1159,1358,1752,,1300-1359,0,,213,,1026,5,,,,,,
2,27,3,G4,250NV,699,13796,OAK,"Oakland, CA",10466,AZA,"Phoenix, AZ",1415,1428,13,0,1400-1459,1708,1724,16,1700-1759,0,,113,116,668,3,0,0,3,0,13,
2,14,4,YX,N728YX,3431,11618,EWR,"Newark, NJ",14492,RDU,"Raleigh/Durham, NC",1030,1026,0,0,1000-1059,1223,1204,0,1200-1259,0,,113,98,416,2,,,,,,
2,26,2,AA,N895NN,2495,14492,RDU,"Raleigh/Durham, NC",11057,CLT,"Charlotte, NC",1257,1251,0,0,1200-1259,1404,1347,0,1400-1459,0,,67,56,130,1,,,,,,
2,16,6,WN,N922WN,2761,14831,SJC,"San Jose, CA",14908,SNA,"Santa Ana, CA",1115,1111,0,0,1100-1159,1230,1234,4,1200-1259,0,,75,83,342,2,,,,,,
2,3,7,B6,N318JB,844,10994,CHS,"Charleston, SC",11278,DCA,"Washington, DC",1523,1513,0,0,1500-1559,1655,1628,0,1600-1659,0,,92,75,444,2,,,,,,
2,6,3,DL,N953AT,2751,13487,MSP,"Minneapolis, MN",11057,CLT,"Charlotte, NC",0845,0843,0,0,0800-0859,1238,1228,0,1200-1259,0,,173,165,930,4,,,,,,
2,16,6,DL,N374NW,1318,14262,PSP,"Palm Springs, CA",13487,MSP,"Minneapolis, MN",1416,1414,0,0,1400-1459,1944,1915,0,1900-1959,0,,208,181,1454,6,,,,,,
2,28,4,AA,N812NN,2778,10397,ATL,"Atlanta, GA",11298,DFW,"Dallas/Fort Worth, TX",1003,0954,0,0,1000-1059,1140,1154,14,1100-1159,0,,157,180,731,3,,,,,,
2,25,1,AA,N939UW,438,14107,PHX,"Phoenix, AZ",14679,SAN,"San Diego, CA",0837,0831,0,0,0800-0859,0855,0844,0,0800-0859,0,,78,73,304,2,,,,,,
2,15,5,DL,N906AT,1671,14747,SEA,"Seattle, WA",14771,SFO,"San Francisco, CA",2130,2151,21,1,2100-2159,2342,2353,11,2300-2359,0,,132,122,679,3,,,,,,
2,28,4,AA,N913US,1331,13495,MSY,"New Orleans, LA",11057,CLT,"Charlotte, NC",1210,1202,0,0,1200-1259,1504,1453,0,1500-1559,0,,114,111,651,3,,,,,,
2,21,4,OO,N820SK,3868,12266,IAH,"Houston, TX",14869,SLC,"Salt Lake City, UT",1057,1453,236,1,1000-1059,1315,1702,227,1300-1359,0,,198,189,1195,5,23,0,0,0,204,
2,28,4,MQ,N841AE,4047,14842,SJT,"San Angelo, TX",11298,DFW,"Dallas/Fort Worth, TX",1613,1610,0,0,1600-1659,1720,1720,0,1700-1759,0,,67,70,229,1,,,,,,
2,18,1,AA,N815AW,2042,14771,SFO,"San Francisco, CA",14107,PHX,"Phoenix, AZ",0601,0558,0,0,0600-0659,0900,0854,0,0900-0959,0,,119,116,651,3,,,,,,
2,2,6,WN,N926WN,2944,10423,AUS,"Austin, TX",10821,BWI,"Baltimore, MD",1105,1100,0,0,1100-1159,1505,1501,0,1500-1559,0,,180,181,1342,6,,,,,,
2,19,2,OH,N509AE,5490,12992,LIT,"Little Rock, AR",11057,CLT,"Charlotte, NC",1816,1846,30,1,1800-1859,2113,2200,47,2100-2159,0,,117,134,640,3,0,0,17,0,30,
2,8,5,AA,N195UW,514,11057,CLT,"Charlotte, NC",11298,DFW,"Dallas/Fort Worth, TX",0945,0938,0,0,0900-0959,1154,1137,0,1100-1159,0,,189,179,936,4,,,,,,
2,23,6,OH,N564NN,5640,11057,CLT,"Charlotte, NC",10693,BNA,"Nashville, TN",1145,1137,0,0,1100-1159,1224,1225,1,1200-1259,0,,99,108,328,2,,,,,,
2,12,2,OO,N934SW,5683,12892,LAX,"Los Angeles, CA",11109,COS,"Colorado Springs, CO",0812,0803,0,0,0800-0859,1145,1127,0,1100-1159,0,,153,144,833,4,,,,,,
2,5,2,AS,N839VA,1123,14771,SFO,"San Francisco, CA",14747,SEA,"Seattle, WA",1815,1810,0,0,1800-1859,2025,2048,23,2000-2059,0,,130,158,679,3,0,0,23,0,0,
2,22,5,AS,N593AS,895,14679,SAN,"San Diego, CA",12173,HNL,"Honolulu, HI",0900,0923,23,1,0900-0959,1335,1347,12,1300-1359,0,,395,384,2614,11,,,,,,
2,19,2,DL,N917DN,2545,13487,MSP,"Minneapolis, MN",14100,PHL,"Philadelphia, PA",1015,1007,0,0,1000-1059,1357,1320,0,1300-1359,0,,162,133,980,4,,,,,,
2,26,2,HA,N494HA,514,12982,LIH,"Lihue, HI",12173,HNL,"Honolulu, HI",1906,1902,0,0,1900-1959,1942,1938,0,1900-1959,0,,36,36,102,1,,,,,,
2,11,1,WN,N7828A,1025,14831,SJC,"San Jose, CA",14679,SAN,"San Diego, CA",1435,1531,56,1,1400-1459,1555,1647,52,1500-1559,0,,80,76,417,2,0,0,0,0,52,
2,19,2,AA,N973NN,235,14843,SJU,"San Juan, PR",14100,PHL,"Philadelphia, PA",0608,0605,0,0,0600-0659,0920,0906,0,0900-0959,0,,252,241,1576,7,,,,,,
2,3,7,DL,N879DN,492,13487,MSP,"Minneapolis, MN",14679,SAN,"San Diego, CA",0850,0849,0,0,0800-0859,1049,1050,1,1000-1059,0,,239,241,1532,7,,,,,,
2,25,1,F9,N328FR,451,10792,BUF,"Buffalo, NY",11292,DEN,"Denver, CO",1216,1223,7,0,1200-1259,1434,1437,3,1400-1459,0,,258,254,1359,6,,,,,,
2,22,5,UA,N68834,2155,12266,IAH,"Houston, TX",13930,ORD,"Chicago, IL",1822,1822,0,0,1800-1859,2100,2040,0,2100-2159,0,,158,138,925,4,,,,,,
2,2,6,MQ,N698CB,3692,13930,ORD,"Chicago, IL",11067,CMI,"Champaign/Urbana, IL",1820,,,,1800-1859,1914,,,1900-1959,1,B,54,,135,1,,,,,,
2,2,6,YV,N86344,6160,12266,IAH,"Houston, TX",11996,GSP,"Greer, SC",1945,2003,18,1,1900-1959,2255,2325,30,2200-2259,0,,130,142,837,4,30,0,0,0,0,
2,20,3,WN,N220WN,695,10721,BOS,"Boston, MA",12339,IND,"Indianapolis, IN",0700,0659,0,0,0700-0759,0945,0949,4,0900-0959,0,,165,170,818,4,,,,,,
2,25,1,9E,N903XJ,3368,15016,STL,"St. Louis, MO",12953,LGA,"New York, NY",1446,1817,211,1,1400-1459,1816,2129,193,1800-1859,0,,150,132,888,4,0,0,83,0,110,
2,16,6,WN,N7725A,3658,11540,ELP,"El Paso, TX",12889,LAS,"Las Vegas, NV",1810,1827,17,1,1800-1859,1900,1928,28,1900-1959,0,,110,121,583,3,0,0,11,0,17,
2,7,4,WN,N7862A,2033,14683,SAT,"San Antonio, TX",11259,DAL,"Dallas, TX",1755,1832,37,1,1700-1759,1900,1931,31,1900-1959,0,,65,59,247,1,9,0,0,0,22,
2,6,3,AS,N237AK,122,10299,ANC,"Anchorage, AK",14747,SEA,"Seattle, WA",0135,0211,36,1,0001-0559,0558,0626,28,0001-0559,0,,203,195,1448,6,0,0,0,0,28,
2,21,4,WN,N456WN,680,10397,ATL,"Atlanta, GA",14107,PHX,"Phoenix, AZ",1900,1935,35,1,1900-1959,2120,2154,34,2100-2159,0,,260,259,1587,7,0,0,34,0,0,
2,7,4,B6,N324JB,2751,15304,TPA,"Tampa, FL",14843,SJU,"San Juan, PR",0935,0920,0,0,0900-0959,1323,1311,0,1300-1359,0,,168,171,1237,5,,,,,,
2,10,7,MQ,N267NN,3476,11066,CMH,"Columbus, OH",13930,ORD,"Chicago, IL",0703,0659,0,0,0700-0759,0745,0726,0,0700-0759,0,,102,87,296,2,,,,,,
2,27,3,UA,N768UA,724,12173,HNL,"Honolulu, HI",14771,SFO,"San Francisco, CA",1410,1422,12,0,1400-1459,2104,2103,0,2100-2159,0,,294,281,2398,10,,,,,,
2,15,5,9E,N8891A,5371,14492,RDU,"Raleigh/Durham, NC",12339,IND,"Indianapolis, IN",1048,1042,0,0,1000-1059,1239,1218,0,1200-1259,0,,111,96,489,2,,,,,,
2,28,4,DL,N983DL,2223,10257,ALB,"Albany, NY",10397,ATL,"Atlanta, GA",1830,1822,0,0,1800-1859,2130,2051,0,2100-2159,0,,180,149,853,4,,,,,,
2,28,4,OO,N124SY,5940,13930,ORD,"Chicago, IL",10397,ATL,"Atlanta, GA",1252,1249,0,0,1200-1259,1559,1557,0,1500-1559,0,,127,128,606,3,,,,,,
2,12,2,9E,N341PQ,5095,10397,ATL,"Atlanta, GA",10868,CAE,"Columbia, SC",0824,0824,0,0,0800-0859,0928,0918,0,0900-0959,0,,64,54,192,1,,,,,,
2,18,1,AA,N963TW,2616,13851,OKC,"Oklahoma City, OK",11298,DFW,"Dallas/Fort Worth, TX",0839,0843,4,0,0800-0859,0955,0946,0,0900-0959,0,,76,63,175,1,,,,,,
2,21,4,WN,N744SW,753,13232,MDW,"Chicago, IL",11259,DAL,"Dallas, TX",1345,1413,28,1,1300-1359,1605,1647,42,1600-1659,0,,140,154,793,4,26,0,14,0,2,
2,26,2,MQ,N261NN,3883,11298,DFW,"Dallas/Fort Worth, TX",11995,GSO,"Greensboro/High Point, NC",1116,1113,0,0,1100-1159,1446,1426,0,1400-1459,0,,150,133,999,4,,,,,,
2,1,5,WN,N457WN,462,14908,SNA,"Santa Ana, CA",13796,OAK,"Oakland, CA",2045,2039,0,0,2000-2059,2210,2205,0,2200-2259,0,,85,86,371,2,,,,,,
2,20,3,OO,N879AS,3118,13342,MKE,"Milwaukee, WI",13930,ORD,"Chicago, IL",1001,,,,1000-1059,1059,,,1000-1059,1,B,58,,67,1,,,,,,
2,14,4,YV,N249LR,5869,10279,AMA,"Amarillo, TX",14107,PHX,"Phoenix, AZ",0855,0847,0,0,0800-0859,1010,1008,0,1000-1059,0,,135,141,602,3,,,,,,
2,26,2,YX,N865RW,3657,11057,CLT,"Charlotte, NC",12266,IAH,"Houston, TX",1830,1955,85,1,1800-1859,2028,2211,103,2000-2059,0,,178,196,912,4,0,0,18,0,85,
2,27,3,UA,N488UA,488,14869,SLC,"Salt Lake City, UT",12266,IAH,"Houston, TX",0915,0912,0,0,0900-0959,1322,1253,0,1300-1359,0,,187,161,1195,5,,,,,,
2,14,4,UA,N37420,775,13930,ORD,"Chicago, IL",11292,DEN,"Denver, CO",1245,1241,0,0,1200-1259,1430,1413,0,1400-1459,0,,165,152,888,4,,,,,,
2,1,5,WN,N259WN,1686,13232,MDW,"Chicago, IL",12191,HOU,"Houston, TX",2045,2153,68,1,2000-2059,2335,0015,40,2300-2359,0,,170,142,937,4,0,0,0,0,40,
2,1,5,DL,N913DN,716,10397,ATL,"Atlanta, GA",14683,SAT,"San Antonio, TX",0849,0842,0,0,0800-0859,1031,1008,0,1000-1059,0,,162,146,874,4,,,,,,
2,25,1,OH,N590NN,5316,14524,RIC,"Richmond, VA",11057,CLT,"Charlotte, NC",1755,1746,0,0,1700-1759,1925,1905,0,1900-1959,0,,90,79,257,2,,,,,,
2,23,6,DL,N3769L,2640,14747,SEA,"Seattle, WA",14869,SLC,"Salt Lake City, UT",1315,1318,3,0,1300-1359,1611,1557,0,1600-1659,0,,116,99,689,3,,,,,,
2,11,1,UA,N76269,2390,13930,ORD,"Chicago, IL",14057,PDX,"Portland, OR",1045,1040,0,0,1000-1059,1322,1313,0,1300-1359,0,,277,273,1739,7,,,,,,
2,18,1,AA,N869NN,337,12953,LGA,"New York, NY",13930,ORD,"Chicago, IL",1130,1256,86,1,1100-1159,1321,1431,70,1300-1359,0,,171,155,733,3,0,0,0,0,70,
2,26,2,EV,N13978,4141,12266,IAH,"Houston, TX",10279,AMA,"Amarillo, TX",1445,1437,0,0,1400-1459,1634,1629,0,1600-1659,0,,109,112,517,3,,,,,,
2,4,1,OO,N809CA,4106,14696,SBN,"South Bend, IN",10397,ATL,"Atlanta, GA",1655,1648,0,0,1600-1659,1914,1839,0,1900-1959,0,,139,111,566,3,,,,,,
2,16,6,OO,N809CA,3833,12156,HLN,"Helena, MT",14869,SLC,"Salt Lake City, UT",1430,1417,0,0,1400-1459,1609,1600,0,1600-1659,0,,99,103,402,2,,,,,,
2,20,3,DL,N333NW,2325,10397,ATL,"Atlanta, GA",11298,DFW,"Dallas/Fort Worth, TX",1148,1155,7,0,1100-1159,1311,1325,14,1300-1359,0,,143,150,731,3,,,,,,
2,15,5,EV,N903EV,4024,12264,IAD,"Washington, DC",10785,BTV,"Burlington, VT",1715,1713,0,0,1700-1759,1850,1838,0,1800-1859,0,,95,85,441,2,,,,,,
2,14,4,MQ,N622AE,3665,11298,DFW,"Dallas/Fort Worth, TX",15919,XNA,"Fayetteville, AR",1631,1627,0,0,1600-1659,1742,1739,0,1700-1759,0,,71,72,280,2,,,,,,
2,24,7,9E,N147PQ,5035,12953,LGA,"New York, NY",11066,CMH,"Columbus, OH",1510,1536,26,1,1500-1559,1721,1726,5,1700-1759,0,,131,110,479,2,,,,,,
2,17,7,9E,N228PQ,3486,15412,TYS,"Knoxville, TN",10397,ATL,"Atlanta, GA",0615,0609,0,0,0600-0659,0715,0701,0,0700-0759,0,,60,52,152,1,,,,,,
2,6,3,DL,N353DN,968,13487,MSP,"Minneapolis, MN",14107,PHX,"Phoenix, AZ",0855,0916,21,1,0800-0859,1149,1212,23,1100-1159,0,,234,236,1276,6,21,0,2,0,0,
2,13,3,AA,N9619V,2363,11298,DFW,"Dallas/Fort Worth, TX",10693,BNA,"Nashville, TN",0900,0851,0,0,0900-0959,1047,1039,0,1000-1059,0,,107,108,631,3,,,,,,
2,26,2,AS,N607AS,61,15991,YAK,"Yakutat, AK",10926,CDV,"Cordova, AK",1205,1150,0,0,1200-1259,1255,1232,0,1200-1259,0,,50,42,213,1,,,,,,
2,20,3,OH,N576NN,5597,11278,DCA,"Washington, DC",14193,PNS,"Pensacola, FL",1939,2024,45,1,1900-1959,2108,2227,79,2100-2159,0,,149,183,816,4,2,0,34,0,43,
2,1,5,WN,N7873A,848,10800,BUR,"Burbank, CA",14771,SFO,"San Francisco, CA",1020,1137,77,1,1000-1059,1145,1252,67,1100-1159,0,,85,75,326,2,0,0,67,0,0,
2,5,2,UA,N77518,708,12892,LAX,"Los Angeles, CA",14771,SFO,"San Francisco, CA",1000,0958,0,0,1000-1059,1141,1127,0,1100-1159,0,,101,89,337,2,,,,,,
2,21,4,9E,N8980A,5293,11193,CVG,"Cincinnati, OH",10821,BWI,"Baltimore, MD",0700,0655,0,0,0700-0759,0848,0824,0,0800-0859,0,,108,89,430,2,,,,,,
2,11,1,DL,N899AT,2639,14771,SFO,"San Francisco, CA",12892,LAX,"Los Angeles, CA",1300,1253,0,0,1300-1359,1430,1420,0,1400-1459,0,,90,87,337,2,,,,,,
2,27,3,YV,N243LR,5943,11298,DFW,"Dallas/Fort Worth, TX",13158,MAF,"Midland/Odessa, TX",1445,1442,0,0,1400-1459,1600,1600,0,1600-1659,0,,75,78,309,2,,,,,,
2,26,2,9E,N8683B,5353,11203,CWA,"Mosinee, WI",11433,DTW,"Detroit, MI",0640,0635,0,0,0600-0659,0920,0855,0,0900-0959,0,,100,80,363,2,,,,,,
2,19,2,UA,N68807,2017,12266,IAH,"Houston, TX",14683,SAT,"San Antonio, TX",1155,1155,0,0,1100-1159,1258,1256,0,1200-1259,0,,63,61,191,1,,,,,,
2,6,3,9E,N8943A,5212,13930,ORD,"Chicago, IL",11193,CVG,"Cincinnati, OH",1905,1907,2,0,1900-1959,2121,2126,5,2100-2159,0,,76,79,264,2,,,,,,
2,20,3,9E,N147PQ,5172,10792,BUF,"Buffalo, NY",11433,DTW,"Detroit, MI",1150,1148,0,0,1100-1159,1318,1303,0,1300-1359,0,,88,75,241,1,,,,,,
2,5,2,OO,N941SW,5995,14696,SBN,"South Bend, IN",13930,ORD,"Chicago, IL",2035,,,,2000-2059,2043,,,2000-2059,1,B,68,,84,1,,,,,,
2,4,1,YV,N329MS,5910,12448,JAN,"Jackson/Vicksburg, MS",11298,DFW,"Dallas/Fort Worth, TX",0924,0917,0,0,0900-0959,1104,1101,0,1100-1159,0,,100,104,408,2,,,,,,
2,1,5,MQ,N650AE,3401,13367,MLI,"Moline, IL",13930,ORD,"Chicago, IL",0605,0647,42,1,0600-0659,0720,0819,59,0700-0759,0,,75,92,139,1,0,42,17,0,0,
2,8,5,OO,N459SW,4128,10397,ATL,"Atlanta, GA",15323,TRI,"Bristol/Johnson City/Kingsport, TN",0811,0811,0,0,0800-0859,0921,0914,0,0900-0959,0,,70,63,227,1,,,,,,
2,27,3,DL,N842DN,1617,10397,ATL,"Atlanta, GA",13198,MCI,"Kansas City, MO",0815,0815,0,0,0800-0859,0931,0918,0,0900-0959,0,,136,123,692,3,,,,,,
2,19,2,UA,N63899,1812,11292,DEN,"Denver, CO",11697,FLL,"Fort Lauderdale, FL",1714,1716,2,0,1700-1759,2258,2321,23,2200-2259,0,,224,245,1703,7,0,0,23,0,0,
2,8,5,WN,N7860A,4522,14679,SAN,"San Diego, CA",14831,SJC,"San Jose, CA",1415,1413,0,0,1400-1459,1535,1547,12,1500-1559,0,,80,94,417,2,,,,,,
2,25,1,DL,N3731T,890,14747,SEA,"Seattle, WA",11193,CVG,"Cincinnati, OH",2255,2255,0,0,2200-2259,0612,0601,0,0600-0659,0,,257,246,1965,8,,,,,,
2,6,3,OH,N725PS,5486,11996,GSP,"Greer, SC",14100,PHL,"Philadelphia, PA",0739,0734,0,0,0700-0759,0930,0900,0,0900-0959,0,,111,86,515,3,,,,,,
2,3,7,WN,N8515X,1318,13495,MSY,"New Orleans, LA",15304,TPA,"Tampa, FL",1850,1842,0,0,1800-1859,2120,2109,0,2100-2159,0,,90,87,488,2,,,,,,
2,27,3,WN,N563WN,1078,14107,PHX,"Phoenix, AZ",14908,SNA,"Santa Ana, CA",1445,1454,9,0,1400-1459,1510,1508,0,1500-1559,0,,85,74,338,2,,,,,,
2,27,3,B6,N329JB,1331,10721,BOS,"Boston, MA",12953,LGA,"New York, NY",1710,1712,2,0,1700-1759,1841,1838,0,1800-1859,0,,91,86,184,1,,,,,,
2,19,2,OH,N505AE,5295,12478,JFK,"New York, NY",11278,DCA,"Washington, DC",1715,1717,2,0,1700-1759,1836,1829,0,1800-1859,0,,81,72,213,1,,,,,,
2,13,3,WN,N409WN,707,14107,PHX,"Phoenix, AZ",14831,SJC,"San Jose, CA",1510,,,,1500-1559,1615,,,1600-1659,1,A,125,,621,3,,,,,,
2,27,3,B6,N373JB,796,10397,ATL,"Atlanta, GA",10721,BOS,"Boston, MA",1903,1928,25,1,1900-1959,2142,2147,5,2100-2159,0,,159,139,946,4,,,,,,
2,7,4,WN,N8605E,1342,14771,SFO,"San Francisco, CA",11292,DEN,"Denver, CO",0625,0636,11,0,0600-0659,1000,1006,6,1000-1059,0,,155,150,967,4,,,,,,
2,12,2,WN,N7814B,840,12892,LAX,"Los Angeles, CA",12889,LAS,"Las Vegas, NV",1910,1907,0,0,1900-1959,2020,2008,0,2000-2059,0,,70,61,236,1,,,,,,
2,15,5,UA,N480UA,2162,14107,PHX,"Phoenix, AZ",14771,SFO,"San Francisco, CA",1650,1650,0,0,1600-1659,1754,1758,4,1700-1759,0,,124,128,651,3,,,,,,
2,23,6,UA,N79541,1875,14771,SFO,"San Francisco, CA",14057,PDX,"Portland, OR",0830,0835,5,0,0800-0859,1019,1018,0,1000-1059,0,,109,103,550,3,,,,,,
2,19,2,YX,N743YX,3588,14492,RDU,"Raleigh/Durham, NC",11618,EWR,"Newark, NJ",1740,1740,0,0,1700-1759,1930,1917,0,1900-1959,0,,110,97,416,2,,,,,,
2,19,2,WN,N268WN,164,11697,FLL,"Fort Lauderdale, FL",10693,BNA,"Nashville, TN",1945,2200,135,1,1900-1959,2115,2304,109,2100-2159,0,,150,124,793,4,0,0,0,0,109,
2,11,1,AA,N177US,483,13930,ORD,"Chicago, IL",11057,CLT,"Charlotte, NC",1825,1832,7,0,1800-1859,2118,2132,14,2100-2159,0,,113,120,599,3,,,,,,
2,1,5,G4,218NV,1776,11697,FLL,"Fort Lauderdale, FL",12544,USA,"Concord, NC",1230,1354,84,1,1200-1259,1430,1554,84,1400-1459,0,,120,120,643,3,67,0,0,0,17,
2,21,4,AA,N925AN,1242,11298,DFW,"Dallas/Fort Worth, TX",13204,MCO,"Orlando, FL",1450,1459,9,0,1400-1459,1822,1818,0,1800-1859,0,,152,139,985,4,,,,,,
2,25,1,AA,N944UW,1683,14100,PHL,"Philadelphia, PA",10423,AUS,"Austin, TX",1035,1030,0,0,1000-1059,1352,1351,0,1300-1359,0,,257,261,1430,6,,,,,,
2,20,3,MQ,N809AE,4058,11049,CLL,"College Station/Bryan, TX",11298,DFW,"Dallas/Fort Worth, TX",1033,1028,0,0,1000-1059,1140,1126,0,1100-1159,0,,67,58,164,1,,,,,,
2,5,2,AA,N708UW,689,10529,BDL,"Hartford, CT",14100,PHL,"Philadelphia, PA",1835,1826,0,0,1800-1859,2020,1941,0,2000-2059,0,,105,75,196,1,,,,,,
2,8,5,MQ,N246NN,4005,11884,GEG,"Spokane, WA",11298,DFW,"Dallas/Fort Worth, TX",1321,1309,0,0,1300-1359,1855,1853,0,1800-1859,0,,214,224,1477,6,,,,,,
2,8,5,WN,N7844A,419,14107,PHX,"Phoenix, AZ",13891,ONT,"Ontario, CA",0910,0905,0,0,0900-0959,0920,0912,0,0900-0959,0,,70,67,325,2,,,,,,
2,22,5,F9,N720FR,2015,11042,CLE,"Cleveland, OH",12889,LAS,"Las Vegas, NV",2022,2018,0,0,2000-2059,2211,2204,0,2200-2259,0,,289,286,1824,8,,,,,,
2,25,1,AA,N733UW,1640,14100,PHL,"Philadelphia, PA",10693,BNA,"Nashville, TN",2125,2117,0,0,2100-2159,2246,2239,0,2200-2259,0,,141,142,675,3,,,,,,
2,15,5,9E,N308PQ,5448,10693,BNA,"Nashville, TN",12478,JFK,"New York, NY",1735,1732,0,0,1700-1759,2049,2052,3,2000-2059,0,,134,140,765,4,,,,,,
2,20,3,OO,N165SY,5288,14524,RIC,"Richmond, VA",11292,DEN,"Denver, CO",0615,0614,0,0,0600-0659,0845,1005,80,0800-0859,0,,270,351,1482,6,0,0,80,0,0,
2,12,2,OO,N454SW,3942,13377,MLU,"Monroe, LA",10397,ATL,"Atlanta, GA",0600,0559,0,0,0600-0659,0845,0852,7,0800-0859,0,,105,113,448,2,,,,,,
2,4,1,AA,N182UW,498,14107,PHX,"Phoenix, AZ",11057,CLT,"Charlotte, NC",1100,1058,0,0,1100-1159,1700,1656,0,1700-1759,0,,240,238,1773,8,,,,,,
2,8,5,HA,N483HA,391,12402,ITO,"Hilo, HI",12173,HNL,"Honolulu, HI",1829,1828,0,0,1800-1859,1923,1929,6,1900-1959,0,,54,61,216,1,,,,,,
2,1,5,OO,N952SW,5838,14771,SFO,"San Francisco, CA",11638,FAT,"Fresno, CA",2231,,,,2200-2259,2338,,,2300-2359,1,B,67,,158,1,,,,,,
2,3,7,OO,N117SY,5682,14771,SFO,"San Francisco, CA",11298,DFW,"Dallas/Fort Worth, TX",0830,0825,0,0,0800-0859,1409,1402,0,1400-1459,0,,219,217,1464,6,,,,,,
2,21,4,EV,N17984,4019,12992,LIT,"Little Rock, AR",13930,ORD,"Chicago, IL",0610,0604,0,0,0600-0659,0815,0813,0,0800-0859,0,,125,129,552,3,,,,,,
2,18,1,AA,N172AJ,1368,13303,MIA,"Miami, FL",12889,LAS,"Las Vegas, NV",0844,0843,0,0,0800-0859,1120,1113,0,1100-1159,0,,336,330,2174,9,,,,,,
2,10,7,YV,N945LR,5755,11298,DFW,"Dallas/Fort Worth, TX",11778,FSM,"Fort Smith, AR",2230,2350,80,1,2200-2259,2330,0040,70,2300-2359,0,,60,50,227,1,17,0,0,0,53,
2,16,6,UA,N777UA,724,12173,HNL,"Honolulu, HI",14771,SFO,"San Francisco, CA",1410,1409,0,0,1400-1459,2104,2129,25,2100-2159,0,,294,320,2398,10,0,0,25,0,0,
2,5,2,DL,N3763D,1901,10299,ANC,"Anchorage, AK",14747,SEA,"Seattle, WA",1548,1547,0,0,1500-1559,2015,2002,0,2000-2059,0,,207,195,1448,6,,,,,,
2,25,1,F9,N201FR,290,11292,DEN,"Denver, CO",15304,TPA,"Tampa, FL",1432,1423,0,0,1400-1459,1954,1936,0,1900-1959,0,,202,193,1506,7,,,,,,
2,17,7,DL,N874DN,2757,14869,SLC,"Salt Lake City, UT",12889,LAS,"Las Vegas, NV",2044,2045,1,0,2000-2059,2123,2142,19,2100-2159,0,,99,117,368,2,0,0,19,0,0,
2,11,1,WN,N297WN,680,10397,ATL,"Atlanta, GA",14107,PHX,"Phoenix, AZ",1900,2224,204,1,1900-1959,2120,0038,198,2100-2159,0,,260,254,1587,7,137,0,0,0,61,
2,14,4,WN,N738CB,1114,14679,SAN,"San Diego, CA",10423,AUS,"Austin, TX",0620,0624,4,0,0600-0659,1110,1110,0,1100-1159,0,,170,166,1164,5,,,,,,
2,12,2,WN,N447WN,472,13871,OMA,"Omaha, NE",13232,MDW,"Chicago, IL",1910,1908,0,0,1900-1959,2030,2032,2,2000-2059,0,,80,84,423,2,,,,,,
2,23,6,DL,N355DN,2619,11433,DTW,"Detroit, MI",11697,FLL,"Fort Lauderdale, FL",0939,0936,0,0,0900-0959,1300,1245,0,1300-1359,0,,201,189,1127,5,,,,,,
2,4,1,G4,251NV,1620,14082,PGD,"Punta Gorda, FL",12544,USA,"Concord, NC",0600,0555,0,0,0600-0659,0745,0739,0,0700-0759,0,,105,104,588,3,,,,,,
2,8,5,AS,N402AS,399,14831,SJC,"San Jose, CA",14747,SEA,"Seattle, WA",1110,1204,54,1,1100-1159,1320,1407,47,1300-1359,0,,130,123,696,3,0,0,0,0,47,
2,19,2,B6,N559JB,1667,10721,BOS,"Boston, MA",10994,CHS,"Charleston, SC",0933,0948,15,1,0900-0959,1213,1221,8,1200-1259,0,,160,153,818,4,,,,,,
2,17,7,YV,N909FJ,5811,13502,MTJ,"Montrose/Delta, CO",14107,PHX,"Phoenix, AZ",1143,1153,10,0,1100-1159,1325,1328,3,1300-1359,0,,102,95,419,2,,,,,,
2,19,2,DL,N858DZ,2704,10397,ATL,"Atlanta, GA",11433,DTW,"Detroit, MI",1636,1634,0,0,1600-1659,1834,1836,2,1800-1859,0,,118,122,594,3,,,,,,
2,1,5,DL,N3753,2916,14679,SAN,"San Diego, CA",12478,JFK,"New York, NY",2145,2146,1,0,2100-2159,0602,0617,15,0600-0659,0,,317,331,2446,10,0,0,15,0,0,
2,18,1,DL,N912DN,1752,12266,IAH,"Houston, TX",10397,ATL,"Atlanta, GA",1133,1211,38,1,1100-1159,1433,1456,23,1400-1459,0,,120,105,689,3,6,0,0,0,17,
2,13,3,DL,N999DN,1452,10397,ATL,"Atlanta, GA",14685,SAV,"Savannah, GA",2142,2136,0,0,2100-2159,2250,2242,0,2200-2259,0,,68,66,214,1,,,,,,
2,4,1,AA,N713UW,862,14635,RSW,"Fort Myers, FL",14100,PHL,"Philadelphia, PA",1436,1426,0,0,1400-1459,1720,1649,0,1700-1759,0,,164,143,993,4,,,,,,
2,9,6,AA,N900UW,1407,11298,DFW,"Dallas/Fort Worth, TX",12892,LAX,"Los Angeles, CA",0705,0718,13,0,0700-0759,0839,0848,9,0800-0859,0,,214,210,1235,5,,,,,,
2,4,1,AA,N921US,1954,11057,CLT,"Charlotte, NC",12892,LAX,"Los Angeles, CA",1501,1621,80,1,1500-1559,1727,1838,71,1700-1759,0,,326,317,2125,9,6,0,0,0,65,
2,4,1,WN,N8730Q,942,14831,SJC,"San Jose, CA",10423,AUS,"Austin, TX",0750,0747,0,0,0700-0759,1310,1253,0,1300-1359,0,,200,186,1476,6,,,,,,
2,10,7,AA,N898NN,2714,14057,PDX,"Portland, OR",11298,DFW,"Dallas/Fort Worth, TX",1401,1408,7,0,1400-1459,1944,1952,8,1900-1959,0,,223,224,1616,7,,,,,,
2,23,6,WN,N784SW,2603,10693,BNA,"Nashville, TN",11481,ECP,"Panama City, FL",1615,1634,19,1,1600-1659,1730,1747,17,1700-1759,0,,75,73,401,2,17,0,0,0,0,
2,4,1,DL,N329DN,2703,12889,LAS,"Las Vegas, NV",11433,DTW,"Detroit, MI",1005,1003,0,0,1000-1059,1700,1641,0,1700-1759,0,,235,218,1749,7,,,,,,
2,15,5,OO,N631SK,4008,10372,ASE,"Aspen, CO",14869,SLC,"Salt Lake City, UT",1500,1447,0,0,1500-1559,1623,1607,0,1600-1659,0,,83,80,292,2,,,,,,
2,20,3,DL,N3738B,1802,14831,SJC,"San Jose, CA",13487,MSP,"Minneapolis, MN",1300,1300,0,0,1300-1359,1840,1838,0,1800-1859,0,,220,218,1575,7,,,,,,
2,20,3,YV,N89321,6063,10693,BNA,"Nashville, TN",12264,IAD,"Washington, DC",1310,1313,3,0,1300-1359,1549,1547,0,1500-1559,0,,99,94,542,3,,,,,,
2,18,1,HA,N478HA,212,12173,HNL,"Honolulu, HI",12402,ITO,"Hilo, HI",0952,0951,0,0,0900-0959,1047,1045,0,1000-1059,0,,55,54,216,1,,,,,,
2,27,3,G4,220NV,1296,10431,AVL,"Asheville, NC",11697,FLL,"Fort Lauderdale, FL",1719,1711,0,0,1700-1759,1917,1911,0,1900-1959,0,,118,120,660,3,,,,,,
2,7,4,9E,N8974C,5492,10397,ATL,"Atlanta, GA",12007,GTR,"Columbus, MS",1951,2009,18,1,1900-1959,2010,2045,35,2000-2059,0,,79,96,241,1,0,0,17,0,18,
2,10,7,YX,N752YX,3664,14986,SRQ,"Sarasota/Bradenton, FL",11618,EWR,"Newark, NJ",1115,1113,0,0,1100-1159,1409,1407,0,1400-1459,0,,174,174,1034,5,,,,,,
2,27,3,WN,N7824A,1880,11278,DCA,"Washington, DC",15016,STL,"St. Louis, MO",1600,1629,29,1,1600-1659,1725,1735,10,1700-1759,0,,145,126,719,3,,,,,,
2,12,2,WN,N8617E,768,11292,DEN,"Denver, CO",12191,HOU,"Houston, TX",0845,0840,0,0,0800-0859,1210,1153,0,1200-1259,0,,145,133,883,4,,,,,,
2,6,3,WN,N222WN,445,11259,DAL,"Dallas, TX",10423,AUS,"Austin, TX",1430,1428,0,0,1400-1459,1530,1518,0,1500-1559,0,,60,50,189,1,,,,,,
2,4,1,OO,N8968E,4326,14711,SCE,"State College, PA",11433,DTW,"Detroit, MI",0600,0552,0,0,0600-0659,0750,0724,0,0700-0759,0,,110,92,301,2,,,,,,
2,27,3,WN,N915WN,1799,11066,CMH,"Columbus, OH",12889,LAS,"Las Vegas, NV",1805,1804,0,0,1800-1859,1945,1932,0,1900-1959,0,,280,268,1771,8,,,,,,
2,27,3,WN,N558WN,2285,15016,STL,"St. Louis, MO",11423,DSM,"Des Moines, IA",2050,2048,0,0,2000-2059,2155,2144,0,2100-2159,0,,65,56,259,2,,,,,,
2,10,7,9E,N228PQ,3289,10397,ATL,"Atlanta, GA",11003,CID,"Cedar Rapids/Iowa City, IA",1455,1456,1,0,1400-1459,1611,1606,0,1600-1659,0,,136,130,694,3,,,,,,
2,5,2,YX,N635RW,3617,10397,ATL,"Atlanta, GA",13930,ORD,"Chicago, IL",1127,1126,0,0,1100-1159,1237,1239,2,1200-1259,0,,130,133,606,3,,,,,,
2,9,6,DL,N983DL,826,14524,RIC,"Richmond, VA",10397,ATL,"Atlanta, GA",1638,1634,0,0,1600-1659,1825,1819,0,1800-1859,0,,107,105,481,2,,,,,,
2,22,5,WN,N921WN,925,13851,OKC,"Oklahoma City, OK",11292,DEN,"Denver, CO",1930,1944,14,0,1900-1959,2005,2112,67,2000-2059,0,,95,148,495,2,0,0,53,0,14,
2,20,3,WN,N285WN,472,13871,OMA,"Omaha, NE",13232,MDW,"Chicago, IL",1910,1913,3,0,1900-1959,2030,2046,16,2000-2059,0,,80,93,423,2,0,0,16,0,0,
2,27,3,UA,N78448,222,13930,ORD,"Chicago, IL",14771,SFO,"San Francisco, CA",1410,1447,37,1,1400-1459,1655,1722,27,1600-1659,0,,285,275,1846,8,0,0,27,0,0,
2,19,2,WN,N934WN,375,15304,TPA,"Tampa, FL",10693,BNA,"Nashville, TN",0750,0750,0,0,0700-0759,0850,0831,0,0800-0859,0,,120,101,612,3,,,,,,
2,19,2,F9,N322FR,2538,15304,TPA,"Tampa, FL",14321,PWM,"Portland, ME",0700,0657,0,0,0700-0759,1015,0951,0,1000-1059,0,,195,174,1277,6,,,,,,
2,22,5,AA,N9619V,249,14683,SAT,"San Antonio, TX",11298,DFW,"Dallas/Fort Worth, TX",1646,1649,3,0,1600-1659,1759,1751,0,1700-1759,0,,73,62,247,1,,,,,,
2,23,6,AA,N558UW,2180,11292,DEN,"Denver, CO",11298,DFW,"Dallas/Fort Worth, TX",1831,1827,0,0,1800-1859,2129,2126,0,2100-2159,0,,118,119,641,3,,,,,,
2,14,4,UA,N439UA,732,11292,DEN,"Denver, CO",10849,BZN,"Bozeman, MT",0939,0937,0,0,0900-0959,1132,1113,0,1100-1159,0,,113,96,524,3,,,,,,
2,1,5,UA,N492UA,1980,13204,MCO,"Orlando, FL",11618,EWR,"Newark, NJ",1611,1613,2,0,1600-1659,1855,1842,0,1800-1859,0,,164,149,937,4,,,,,,
2,21,4,B6,N373JB,1018,11697,FLL,"Fort Lauderdale, FL",12451,JAX,"Jacksonville, FL",0853,0843,0,0,0800-0859,1009,0957,0,1000-1059,0,,76,74,319,2,,,,,,
2,1,5,WN,N454WN,9,13495,MSY,"New Orleans, LA",11259,DAL,"Dallas, TX",0635,0633,0,0,0600-0659,0805,0750,0,0800-0859,0,,90,77,436,2,,,,,,
2,1,5,AA,N970AN,110,11057,CLT,"Charlotte, NC",10693,BNA,"Nashville, TN",2246,2242,0,0,2200-2259,2312,2306,0,2300-2359,0,,86,84,328,2,,,,,,
2,27,3,WN,N713SW,2279,11292,DEN,"Denver, CO",14893,SMF,"Sacramento, CA",1315,1313,0,0,1300-1359,1500,1445,0,1500-1559,0,,165,152,909,4,,,,,,
2,22,5,MQ,N230NN,3984,13486,MSO,"Missoula, MT",11298,DFW,"Dallas/Fort Worth, TX",1331,1339,8,0,1300-1359,1800,1755,0,1800-1859,0,,209,196,1320,6,,,,,,
2,13,3,WN,N8537Z,760,13232,MDW,"Chicago, IL",13296,MHT,"Manchester, NH",2120,2140,20,1,2100-2159,0025,0036,11,0001-0559,0,,125,116,838,4,,,,,,
2,2,6,HA,N494HA,166,12173,HNL,"Honolulu, HI",13830,OGG,"Kahului, HI",0802,0801,0,0,0800-0859,0843,0836,0,0800-0859,0,,41,35,100,1,,,,,,
2,1,5,UA,N14731,716,12266,IAH,"Houston, TX",13931,ORF,"Norfolk, VA",1155,1148,0,0,1100-1159,1536,1525,0,1500-1559,0,,161,157,1201,5,,,,,,
2,24,7,AA,N959UW,1934,12953,LGA,"New York, NY",14100,PHL,"Philadelphia, PA",0559,0551,0,0,0001-0559,0703,0659,0,0700-0759,0,,64,68,96,1,,,,,,
2,16,6,AS,N840VA,1144,14747,SEA,"Seattle, WA",10423,AUS,"Austin, TX",0750,0748,0,0,0700-0759,1345,1343,0,1300-1359,0,,235,235,1770,8,,,,,,
2,1,5,AA,N561UW,599,14107,PHX,"Phoenix, AZ",11057,CLT,"Charlotte, NC",0222,0220,0,0,0001-0559,0811,0816,5,0800-0859,0,,229,236,1773,8,,,,,,
2,10,7,EV,N16976,4444,13851,OKC,"Oklahoma City, OK",12266,IAH,"Houston, TX",1655,1658,3,0,1600-1659,1830,1841,11,1800-1859,0,,95,103,395,2,,,,,,
2,23,6,AA,N920US,491,14679,SAN,"San Diego, CA",11298,DFW,"Dallas/Fort Worth, TX",1610,1649,39,1,1600-1659,2109,2132,23,2100-2159,0,,179,163,1171,5,0,0,0,0,23,
2,15,5,OO,N727SK,3264,12892,LAX,"Los Angeles, CA",14679,SAN,"San Diego, CA",1835,1902,27,1,1800-1859,1923,1952,29,1900-1959,0,,48,50,109,1,0,0,2,0,27,
2,7,4,WN,N935WN,2275,12892,LAX,"Los Angeles, CA",13796,OAK,"Oakland, CA",0945,0941,0,0,0900-0959,1110,1111,1,1100-1159,0,,85,90,337,2,,,,,,
2,21,4,WN,N7715E,660,10397,ATL,"Atlanta, GA",12339,IND,"Indianapolis, IN",2125,2158,33,1,2100-2159,2255,2337,42,2200-2259,0,,90,99,432,2,30,0,9,0,3,
2,27,3,WN,N8509U,465,14100,PHL,"Philadelphia, PA",11697,FLL,"Fort Lauderdale, FL",0545,0542,0,0,0001-0559,0835,0821,0,0800-0859,0,,170,159,992,4,,,,,,
2,4,1,B6,N328JB,1694,13204,MCO,"Orlando, FL",12197,HPN,"White Plains, NY",1724,1713,0,0,1700-1759,2000,1942,0,2000-2059,0,,156,149,972,4,,,,,,
2,7,4,OO,N913EV,3808,13487,MSP,"Minneapolis, MN",11003,CID,"Cedar Rapids/Iowa City, IA",1000,1001,1,0,1000-1059,1124,1211,47,1100-1159,0,,84,130,220,1,0,0,46,0,1,
2,26,2,WN,N8524Z,395,11292,DEN,"Denver, CO",15376,TUS,"Tucson, AZ",2145,2140,0,0,2100-2159,2345,2332,0,2300-2359,0,,120,112,639,3,,,,,,
2,2,6,AA,N903AA,1055,11298,DFW,"Dallas/Fort Worth, TX",11278,DCA,"Washington, DC",1325,1322,0,0,1300-1359,1714,1706,0,1700-1759,0,,169,164,1192,5,,,,,,
2,13,3,AA,N953UW,1833,14100,PHL,"Philadelphia, PA",14321,PWM,"Portland, ME",2115,2112,0,0,2100-2159,2240,2228,0,2200-2259,0,,85,76,364,2,,,,,,
2,20,3,DL,N965DL,1887,10397,ATL,"Atlanta, GA",13244,MEM,"Memphis, TN",1538,1619,41,1,1500-1559,1604,1648,44,1600-1659,0,,86,89,332,2,1,0,3,0,40,
2,3,7,AA,N980TW,2467,11423,DSM,"Des Moines, IA",11298,DFW,"Dallas/Fort Worth, TX",1150,1304,74,1,1100-1159,1400,1455,55,1400-1459,0,,130,111,624,3,0,0,0,0,55,
2,20,3,YX,N205JQ,5957,11298,DFW,"Dallas/Fort Worth, TX",12953,LGA,"New York, NY",1840,1857,17,1,1800-1859,2313,2322,9,2300-2359,0,,213,205,1389,6,,,,,,
2,8,5,MQ,N257NN,3338,13930,ORD,"Chicago, IL",13871,OMA,"Omaha, NE",0710,0709,0,0,0700-0759,0851,0846,0,0800-0859,0,,101,97,416,2,,,,,,
2,11,1,AA,N703UW,1753,10529,BDL,"Hartford, CT",11057,CLT,"Charlotte, NC",1404,1359,0,0,1400-1459,1630,1558,0,1600-1659,0,,146,119,644,3,,,,,,
2,14,4,AA,N169UW,1807,11057,CLT,"Charlotte, NC",14100,PHL,"Philadelphia, PA",0805,0803,0,0,0800-0859,0952,0953,1,0900-0959,0,,107,110,449,2,,,,,,
2,20,3,WN,N225WN,427,11259,DAL,"Dallas, TX",10279,AMA,"Amarillo, TX",2045,2122,37,1,2000-2059,2155,2226,31,2100-2159,0,,70,64,323,2,6,0,0,0,25,
2,10,7,WN,N225WN,2443,10821,BWI,"Baltimore, MD",13198,MCI,"Kansas City, MO",1845,,,,1800-1859,2040,,,2000-2059,1,B,175,,967,4,,,,,,
2,8,5,DL,N917DL,427,10397,ATL,"Atlanta, GA",15016,STL,"St. Louis, MO",0816,0811,0,0,0800-0859,0856,0846,0,0800-0859,0,,100,95,484,2,,,,,,
2,14,4,OH,N578NN,5694,11057,CLT,"Charlotte, NC",13931,ORF,"Norfolk, VA",1755,1755,0,0,1700-1759,1908,1910,2,1900-1959,0,,73,75,290,2,,,,,,
2,8,5,YX,N880RW,6042,14524,RIC,"Richmond, VA",10721,BOS,"Boston, MA",0600,0549,0,0,0600-0659,0748,0737,0,0700-0759,0,,108,108,474,2,,,,,,
2,20,3,9E,N316PQ,5036,10397,ATL,"Atlanta, GA",10408,ATW,"Appleton, WI",1959,2048,49,1,1900-1959,2125,2211,46,2100-2159,0,,146,143,765,4,46,0,0,0,0,
2,3,7,UA,N73275,587,14747,SEA,"Seattle, WA",14771,SFO,"San Francisco, CA",1715,1757,42,1,1700-1759,1927,2053,86,1900-1959,0,,132,176,679,3,0,0,86,0,0,
2,1,5,YV,N514MJ,6030,12264,IAD,"Washington, DC",14492,RDU,"Raleigh/Durham, NC",0835,0842,7,0,0800-0859,0944,0959,15,0900-0959,0,,69,77,224,1,0,0,15,0,0,
2,1,5,WN,N8640D,2321,14679,SAN,"San Diego, CA",14893,SMF,"Sacramento, CA",2045,2051,6,0,2000-2059,2220,2212,0,2200-2259,0,,95,81,480,2,,,,,,
2,2,6,AA,N285AY,1919,14100,PHL,"Philadelphia, PA",13204,MCO,"Orlando, FL",1809,1808,0,0,1800-1859,2054,2035,0,2000-2059,0,,165,147,861,4,,,,,,
2,6,3,WN,N225WN,1402,13891,ONT,"Ontario, CA",14831,SJC,"San Jose, CA",1805,1801,0,0,1800-1859,1920,1916,0,1900-1959,0,,75,75,333,2,,,,,,
2,21,4,9E,N600LR,5433,12478,JFK,"New York, NY",13930,ORD,"Chicago, IL",0800,0755,0,0,0800-0859,1002,0946,0,1000-1059,0,,182,171,740,3,,,,,,
2,10,7,DL,N330NB,674,12892,LAX,"Los Angeles, CA",10423,AUS,"Austin, TX",1759,1806,7,0,1700-1759,2256,2245,0,2200-2259,0,,177,159,1242,5,,,,,,
2,8,5,YX,N653RW,3412,11066,CMH,"Columbus, OH",12266,IAH,"Houston, TX",0850,0839,0,0,0800-0859,1100,1102,2,1100-1159,0,,190,203,986,4,,,,,,
2,23,6,WN,N417WN,4043,12889,LAS,"Las Vegas, NV",15376,TUS,"Tucson, AZ",0935,0930,0,0,0900-0959,1155,1136,0,1100-1159,0,,80,66,365,2,,,,,,
2,26,2,AA,N954AN,2806,11298,DFW,"Dallas/Fort Worth, TX",13487,MSP,"Minneapolis, MN",2050,2056,6,0,2000-2059,2310,2314,4,2300-2359,0,,140,138,852,4,,,,,,
2,5,2,B6,N952JB,52,13204,MCO,"Orlando, FL",10721,BOS,"Boston, MA",0800,0746,0,0,0800-0859,1052,1054,2,1000-1059,0,,172,188,1121,5,,,,,,
2,14,4,OH,N598NN,5453,13577,MYR,"Myrtle Beach, SC",11057,CLT,"Charlotte, NC",0528,0522,0,0,0001-0559,0635,0630,0,0600-0659,0,,67,68,157,1,,,,,,
2,24,7,AA,N539UW,640,14107,PHX,"Phoenix, AZ",11057,CLT,"Charlotte, NC",2359,0025,26,1,2300-2359,0545,0559,14,0001-0559,0,,226,214,1773,8,,,,,,
2,4,1,AA,N710UW,1714,11057,CLT,"Charlotte, NC",14321,PWM,"Portland, ME",1959,1953,0,0,1900-1959,2202,2156,0,2200-2259,0,,123,123,813,4,,,,,,
2,26,2,YX,N430YX,4489,11278,DCA,"Washington, DC",10785,BTV,"Burlington, VT",2210,2202,0,0,2200-2259,2345,2341,0,2300-2359,0,,95,99,437,2,,,,,,
2,16,6,B6,N355JB,33,10785,BTV,"Burlington, VT",12478,JFK,"New York, NY",1333,1326,0,0,1300-1359,1459,1442,0,1400-1459,0,,86,76,266,2,,,,,,
2,20,3,WN,N931WN,6901,11259,DAL,"Dallas, TX",12191,HOU,"Houston, TX",0730,0729,0,0,0700-0759,0850,0831,0,0800-0859,0,,80,62,239,1,,,,,,
2,14,4,OO,N8932C,3743,11003,CID,"Cedar Rapids/Iowa City, IA",11433,DTW,"Detroit, MI",0610,0603,0,0,0600-0659,0901,0845,0,0900-0959,0,,111,102,430,2,,,,,,
2,3,7,WN,N8695D,144,13232,MDW,"Chicago, IL",12889,LAS,"Las Vegas, NV",1645,1637,0,0,1600-1659,1855,1833,0,1800-1859,0,,250,236,1521,7,,,,,,
2,4,1,WN,N8650F,1753,11066,CMH,"Columbus, OH",10721,BOS,"Boston, MA",1450,1441,0,0,1400-1459,1635,1630,0,1600-1659,0,,105,109,640,3,,,,,,
2,24,7,EV,N14573,4366,12266,IAH,"Houston, TX",10599,BHM,"Birmingham, AL",0740,0729,0,0,0700-0759,0933,0938,5,0900-0959,0,,113,129,562,3,,,,,,
2,3,7,UA,N69819,488,12889,LAS,"Las Vegas, NV",13930,ORD,"Chicago, IL",0900,0906,6,0,0900-0959,1435,1427,0,1400-1459,0,,215,201,1514,7,,,,,,
2,15,5,G4,217NV,1305,14082,PGD,"Punta Gorda, FL",11193,CVG,"Cincinnati, OH",1704,1808,64,1,1700-1759,1920,2025,65,1900-1959,0,,136,137,850,4,64,0,1,0,0,
2,16,6,UA,N37465,519,13930,ORD,"Chicago, IL",12889,LAS,"Las Vegas, NV",1329,1321,0,0,1300-1359,1529,1510,0,1500-1559,0,,240,229,1514,7,,,,,,
2,19,2,B6,N236JB,1885,10721,BOS,"Boston, MA",14122,PIT,"Pittsburgh, PA",1713,1709,0,0,1700-1759,1909,1912,3,1900-1959,0,,116,123,496,2,,,,,,
2,11,1,DL,N334NW,1069,11298,DFW,"Dallas/Fort Worth, TX",10397,ATL,"Atlanta, GA",1912,1905,0,0,1900-1959,2220,2200,0,2200-2259,0,,128,115,731,3,,,,,,
2,4,1,DL,N906DE,1292,10397,ATL,"Atlanta, GA",15370,TUL,"Tulsa, OK",1050,1046,0,0,1000-1059,1157,1155,0,1100-1159,0,,127,129,674,3,,,,,,
2,22,5,UA,N62894,1615,14771,SFO,"San Francisco, CA",12266,IAH,"Houston, TX",1300,1252,0,0,1300-1359,1849,1841,0,1800-1859,0,,229,229,1635,7,,,,,,
2,8,5,OH,N510AE,5602,10868,CAE,"Columbia, SC",11057,CLT,"Charlotte, NC",1459,1605,66,1,1400-1459,1604,1657,53,1600-1659,0,,65,52,88,1,3,0,0,0,50,
2,15,5,OO,N879AS,3123,11233,CYS,"Cheyenne, WY",11298,DFW,"Dallas/Fort Worth, TX",1135,1134,0,0,1100-1159,1443,1443,0,1400-1459,0,,128,129,713,3,,,,,,
2,20,3,OO,N805SK,3686,11433,DTW,"Detroit, MI",12266,IAH,"Houston, TX",1755,1803,8,0,1700-1759,2026,2019,0,2000-2059,0,,211,196,1075,5,,,,,,
2,18,1,WN,N8642E,1307,14107,PHX,"Phoenix, AZ",10821,BWI,"Baltimore, MD",1730,1734,4,0,1700-1759,2340,2302,0,2300-2359,0,,250,208,1999,8,,,,,,
2,16,6,WN,N496WN,5214,13232,MDW,"Chicago, IL",11278,DCA,"Washington, DC",1640,,,,1600-1659,1920,,,1900-1959,1,A,100,,601,3,,,,,,
2,11,1,G4,309NV,49,13871,OMA,"Omaha, NE",12889,LAS,"Las Vegas, NV",1311,1303,0,0,1300-1359,1419,1444,25,1400-1459,0,,188,221,1099,5,0,25,0,0,0,
2,15,5,AA,N916AN,2644,14100,PHL,"Philadelphia, PA",14492,RDU,"Raleigh/Durham, NC",2125,2119,0,0,2100-2159,2253,2249,0,2200-2259,0,,88,90,337,2,,,,,,
2,12,2,AS,N442AS,847,14747,SEA,"Seattle, WA",14893,SMF,"Sacramento, CA",0825,0857,32,1,0800-0859,1015,1059,44,1000-1059,0,,110,122,605,3,0,32,12,0,0,
2,3,7,DL,N962DN,1692,10397,ATL,"Atlanta, GA",12266,IAH,"Houston, TX",1154,1149,0,0,1100-1159,1306,1248,0,1300-1359,0,,132,119,689,3,,,,,,
2,21,4,OO,N955SW,5665,10849,BZN,"Bozeman, MT",11292,DEN,"Denver, CO",1015,1008,0,0,1000-1059,1210,1203,0,1200-1259,0,,115,115,524,3,,,,,,
2,26,2,YX,N123HQ,4446,12953,LGA,"New York, NY",12339,IND,"Indianapolis, IN",1944,1936,0,0,1900-1959,2221,2217,0,2200-2259,0,,157,161,660,3,,,,,,
2,12,2,DL,N996AT,2566,13930,ORD,"Chicago, IL",11433,DTW,"Detroit, MI",1714,1852,98,1,1700-1759,1940,2150,130,1900-1959,0,,86,118,235,1,0,0,32,0,98,
2,13,3,WN,N462WN,2304,14122,PIT,"Pittsburgh, PA",10693,BNA,"Nashville, TN",1720,1740,20,1,1700-1759,1805,1752,0,1800-1859,0,,105,72,462,2,,,,,,
2,26,2,AA,N655AW,546,14570,RNO,"Reno, NV",14107,PHX,"Phoenix, AZ",1245,1238,0,0,1200-1259,1528,1515,0,1500-1559,0,,103,97,601,3,,,,,,
2,2,6,WN,N771SA,3140,11433,DTW,"Detroit, MI",10693,BNA,"Nashville, TN",0730,0731,1,0,0700-0759,0825,0813,0,0800-0859,0,,115,102,456,2,,,,,,
2,28,4,OO,N987SW,5471,10157,ACV,"Arcata/Eureka, CA",12892,LAX,"Los Angeles, CA",0700,1017,197,1,0700-0759,0848,1201,193,0800-0859,0,,108,104,577,3,193,0,0,0,0,
2,18,1,B6,N316JB,2215,10721,BOS,"Boston, MA",10792,BUF,"Buffalo, NY",1015,1310,175,1,1000-1059,1150,1501,191,1100-1159,0,,95,111,395,2,175,0,16,0,0,
2,21,4,YX,N652RW,3610,12266,IAH,"Houston, TX",13851,OKC,"Oklahoma City, OK",2130,2239,69,1,2100-2159,2303,2356,53,2300-2359,0,,93,77,395,2,0,0,0,0,53,
2,12,2,OO,N453SW,3536,10397,ATL,"Atlanta, GA",13277,MGM,"Montgomery, AL",1105,1059,0,0,1100-1159,1107,1129,22,1100-1159,0,,62,90,147,1,0,0,22,0,0,
2,22,5,WN,N8707P,2086,14679,SAN,"San Diego, CA",14107,PHX,"Phoenix, AZ",1820,,,,1800-1859,2035,,,2000-2059,1,A,75,,304,2,,,,,,
2,18,1,DL,N978AT,2425,14492,RDU,"Raleigh/Durham, NC",10721,BOS,"Boston, MA",1900,2136,156,1,1900-1959,2103,2339,156,2100-2159,0,,123,123,612,3,0,0,3,0,153,
2,7,4,OO,N795SK,5706,14771,SFO,"San Francisco, CA",10372,ASE,"Aspen, CO",1730,1814,44,1,1700-1759,2044,2126,42,2000-2059,0,,134,132,848,4,21,0,0,0,21,
2,24,7,UA,N76526,1534,14635,RSW,"Fort Myers, FL",11618,EWR,"Newark, NJ",0930,0949,19,1,0900-0959,1213,1223,10,1200-1259,0,,163,154,1068,5,,,,,,
2,25,1,MQ,N855AE,3863,12478,JFK,"New York, NY",11042,CLE,"Cleveland, OH",2030,2027,0,0,2000-2059,2228,2238,10,2200-2259,0,,118,131,425,2,,,,,,
2,16,6,WN,N8528Q,5339,11292,DEN,"Denver, CO",14100,PHL,"Philadelphia, PA",0950,0950,0,0,0900-0959,1515,1453,0,1500-1559,0,,205,183,1558,7,,,,,,
2,7,4,AA,N127AA,219,13204,MCO,"Orlando, FL",12892,LAX,"Los Angeles, CA",1600,1705,65,1,1600-1659,1835,1935,60,1800-1859,0,,335,330,2218,9,0,0,0,0,60,
2,22,5,B6,N997JL,2901,12478,JFK,"New York, NY",11697,FLL,"Fort Lauderdale, FL",1100,1056,0,0,1100-1159,1415,1354,0,1400-1459,0,,195,178,1069,5,,,,,,
2,5,2,OO,N779SK,5553,13388,MMH,"Mammoth Lakes, CA",14771,SFO,"San Francisco, CA",1100,,,,1100-1159,1213,,,1200-1259,1,C,73,,193,1,,,,,,
2,6,3,DL,N912DL,760,10397,ATL,"Atlanta, GA",10821,BWI,"Baltimore, MD",0949,1010,21,1,0900-0959,1134,1200,26,1100-1159,0,,105,110,577,3,21,0,5,0,0,
2,17,7,WN,N773SA,2404,10821,BWI,"Baltimore, MD",10423,AUS,"Austin, TX",1400,1421,21,1,1400-1459,1650,1710,20,1600-1659,0,,230,229,1342,6,4,0,0,0,16,
2,4,1,WN,N952WN,1436,13871,OMA,"Omaha, NE",11292,DEN,"Denver, CO",1950,1948,0,0,1900-1959,2030,2022,0,2000-2059,0,,100,94,472,2,,,,,,
2,14,4,YX,N650RW,3496,11618,EWR,"Newark, NJ",11624,EYW,"Key West, FL",1247,1242,0,0,1200-1259,1628,1547,0,1600-1659,0,,221,185,1196,5,,,,,,
2,22,5,OO,N709BR,5426,15016,STL,"St. Louis, MO",13930,ORD,"Chicago, IL",1715,1705,0,0,1700-1759,1842,1822,0,1800-1859,0,,87,77,258,2,,,,,,
2,14,4,UA,N463UA,2063,14771,SFO,"San Francisco, CA",10821,BWI,"Baltimore, MD",0940,0958,18,1,0900-0959,1740,1749,9,1700-1759,0,,300,291,2457,10,,,,,,
2,12,2,EV,N10575,4143,12266,IAH,"Houston, TX",13851,OKC,"Oklahoma City, OK",1155,1152,0,0,1100-1159,1330,1321,0,1300-1359,0,,95,89,395,2,,,,,,
2,5,2,DL,N556NW,440,10397,ATL,"Atlanta, GA",14635,RSW,"Fort Myers, FL",1238,1237,0,0,1200-1259,1421,1408,0,1400-1459,0,,103,91,515,3,,,,,,
2,4,1,OH,N226JS,5660,14492,RDU,"Raleigh/Durham, NC",11278,DCA,"Washington, DC",1506,1457,0,0,1500-1559,1619,1551,0,1600-1659,0,,73,54,227,1,,,,,,
2,16,6,UA,N804UA,1698,14492,RDU,"Raleigh/Durham, NC",14771,SFO,"San Francisco, CA",0645,0644,0,0,0600-0659,0955,1012,17,0900-0959,0,,370,388,2400,10,0,0,17,0,0,
2,13,3,WN,N8584Z,257,10821,BWI,"Baltimore, MD",11697,FLL,"Fort Lauderdale, FL",1045,1043,0,0,1000-1059,1330,1353,23,1300-1359,0,,165,190,925,4,0,0,23,0,0,
2,19,2,WN,N783SW,2201,14771,SFO,"San Francisco, CA",14107,PHX,"Phoenix, AZ",0845,0840,0,0,0800-0859,1150,1135,0,1100-1159,0,,125,115,651,3,,,,,,
2,14,4,AA,N764US,2032,14100,PHL,"Philadelphia, PA",15304,TPA,"Tampa, FL",1518,1508,0,0,1500-1559,1759,1747,0,1700-1759,0,,161,159,920,4,,,,,,
2,23,6,YX,N657RW,3684,11624,EYW,"Key West, FL",13930,ORD,"Chicago, IL",1615,1610,0,0,1600-1659,1843,1840,0,1800-1859,0,,208,210,1251,6,,,,,,
2,24,7,YX,N408YX,4336,12953,LGA,"New York, NY",11278,DCA,"Washington, DC",1900,1856,0,0,1900-1959,2030,2025,0,2000-2059,0,,90,89,214,1,,,,,,
2,8,5,OH,N209PS,5238,11267,DAY,"Dayton, OH",14100,PHL,"Philadelphia, PA",0810,0802,0,0,0800-0859,0955,0939,0,0900-0959,0,,105,97,477,2,,,,,,
2,14,4,OO,N601XJ,4182,11433,DTW,"Detroit, MI",10408,ATW,"Appleton, WI",1540,1607,27,1,1500-1559,1615,1638,23,1600-1659,0,,95,91,296,2,0,0,0,0,23,
2,1,5,9E,N916XJ,5097,10868,CAE,"Columbia, SC",10397,ATL,"Atlanta, GA",1920,1910,0,0,1900-1959,2030,2024,0,2000-2059,0,,70,74,192,1,,,,,,
2,7,4,DL,N915DL,1530,10397,ATL,"Atlanta, GA",14730,SDF,"Louisville, KY",1216,1225,9,0,1200-1259,1336,1338,2,1300-1359,0,,80,73,321,2,,,,,,
2,26,2,WN,N260WN,1320,10693,BNA,"Nashville, TN",14100,PHL,"Philadelphia, PA",1445,1442,0,0,1400-1459,1740,1723,0,1700-1759,0,,115,101,675,3,,,,,,
2,28,4,NK,N691NK,139,11618,EWR,"Newark, NJ",13204,MCO,"Orlando, FL",0730,0729,0,0,0700-0759,1022,1025,3,1000-1059,0,,172,176,937,4,,,,,,
2,14,4,WN,N292WN,2202,12889,LAS,"Las Vegas, NV",14122,PIT,"Pittsburgh, PA",0900,1010,70,1,0900-0959,1600,1659,59,1600-1659,0,,240,229,1910,8,59,0,0,0,0,
2,25,1,AA,N979UY,1783,14771,SFO,"San Francisco, CA",11057,CLT,"Charlotte, NC",2227,2225,0,0,2200-2259,0615,0611,0,0600-0659,0,,288,286,2296,10,,,,,,
2,20,3,NK,N625NK,721,14122,PIT,"Pittsburgh, PA",13204,MCO,"Orlando, FL",0818,1003,105,1,0800-0859,1040,1303,143,1000-1059,0,,142,180,834,4,0,105,38,0,0,
2,11,1,WN,N7838A,2196,10821,BWI,"Baltimore, MD",10397,ATL,"Atlanta, GA",1825,1837,12,0,1800-1859,2020,2054,34,2000-2059,0,,115,137,577,3,12,0,22,0,0,
2,21,4,OO,N281SY,3803,13930,ORD,"Chicago, IL",12953,LGA,"New York, NY",1930,1938,8,0,1900-1959,2243,2227,0,2200-2259,0,,133,109,733,3,,,,,,
2,21,4,DL,N989DN,2539,13930,ORD,"Chicago, IL",11433,DTW,"Detroit, MI",1224,1246,22,1,1200-1259,1441,1450,9,1400-1459,0,,77,64,235,1,,,,,,
2,14,4,YV,N84307,6339,15376,TUS,"Tucson, AZ",12266,IAH,"Houston, TX",1205,1200,0,0,1200-1259,1525,1517,0,1500-1559,0,,140,137,936,4,,,,,,
2,19,2,UA,N496UA,759,14771,SFO,"San Francisco, CA",14747,SEA,"Seattle, WA",1300,1255,0,0,1300-1359,1515,1518,3,1500-1559,0,,135,143,679,3,,,,,,
2,26,2,B6,N708JB,438,13204,MCO,"Orlando, FL",10529,BDL,"Hartford, CT",1038,1223,105,1,1000-1059,1322,1503,101,1300-1359,0,,164,160,1050,5,13,0,0,0,88,
2,3,7,AA,N359PX,1470,13930,ORD,"Chicago, IL",14771,SFO,"San Francisco, CA",1155,1149,0,0,1100-1159,1445,1445,0,1400-1459,0,,290,296,1846,8,,,,,,
2,19,2,9E,N272PQ,5082,11278,DCA,"Washington, DC",11193,CVG,"Cincinnati, OH",1429,1416,0,0,1400-1459,1620,1602,0,1600-1659,0,,111,106,411,2,,,,,,
2,25,1,AA,N956NN,2766,14100,PHL,"Philadelphia, PA",15304,TPA,"Tampa, FL",1045,1112,27,1,1000-1059,1334,1353,19,1300-1359,0,,169,161,920,4,19,0,0,0,0,
2,13,3,WN,N498WN,1060,10713,BOI,"Boise, ID",14831,SJC,"San Jose, CA",1220,1215,0,0,1200-1259,1300,1349,49,1300-1359,0,,100,154,523,3,0,0,49,0,0,
2,3,7,WN,N786SW,1807,11278,DCA,"Washington, DC",13232,MDW,"Chicago, IL",0610,0602,0,0,0600-0659,0715,0649,0,0700-0759,0,,125,107,601,3,,,,,,
2,26,2,AA,N587UW,1677,10721,BOS,"Boston, MA",14100,PHL,"Philadelphia, PA",1618,1612,0,0,1600-1659,1804,1750,0,1800-1859,0,,106,98,280,2,,,,,,
2,8,5,MQ,N265NN,3533,13930,ORD,"Chicago, IL",11066,CMH,"Columbus, OH",2215,2212,0,0,2200-2259,0033,0020,0,0001-0559,0,,78,68,296,2,,,,,,
2,24,7,DL,N989DN,1326,13487,MSP,"Minneapolis, MN",14492,RDU,"Raleigh/Durham, NC",1744,1744,0,0,1700-1759,2117,2100,0,2100-2159,0,,153,136,980,4,,,,,,
2,4,1,WN,N8708Q,5429,11259,DAL,"Dallas, TX",10423,AUS,"Austin, TX",0815,0816,1,0,0800-0859,0915,0912,0,0900-0959,0,,60,56,189,1,,,,,,
2,13,3,AA,N991AN,1148,10721,BOS,"Boston, MA",11298,DFW,"Dallas/Fort Worth, TX",1744,1808,24,1,1700-1759,2124,2126,2,2100-2159,0,,280,258,1562,7,,,,,,
2,22,5,MQ,N239NN,3402,13930,ORD,"Chicago, IL",14122,PIT,"Pittsburgh, PA",1525,1522,0,0,1500-1559,1752,1738,0,1700-1759,0,,87,76,413,2,,,,,,
2,3,7,UA,N76528,2125,13930,ORD,"Chicago, IL",14492,RDU,"Raleigh/Durham, NC",1455,1450,0,0,1400-1459,1750,1741,0,1700-1759,0,,115,111,646,3,,,,,,
2,20,3,WN,N934WN,1060,14831,SJC,"San Jose, CA",14057,PDX,"Portland, OR",1340,1339,0,0,1300-1359,1525,1527,2,1500-1559,0,,105,108,569,3,,,,,,
2,24,7,9E,N981EV,5251,14100,PHL,"Philadelphia, PA",14492,RDU,"Raleigh/Durham, NC",1251,1257,6,0,1200-1259,1421,1437,16,1400-1459,0,,90,100,337,2,6,0,10,0,0,
2,26,2,WN,N7881A,6905,13244,MEM,"Memphis, TN",11259,DAL,"Dallas, TX",0905,0859,0,0,0900-0959,1035,1025,0,1000-1059,0,,90,86,423,2,,,,,,
2,8,5,HA,N204HA,45,14831,SJC,"San Jose, CA",13830,OGG,"Kahului, HI",0700,0656,0,0,0700-0759,1040,,,1000-1059,0,,340,,2355,10,,,,,,
2,28,4,AA,N535UW,2035,11298,DFW,"Dallas/Fort Worth, TX",14107,PHX,"Phoenix, AZ",0705,0712,7,0,0700-0759,0848,1008,80,0800-0859,0,,163,236,868,4,0,7,73,0,0,
2,26,2,B6,N612JB,959,10529,BDL,"Hartford, CT",11697,FLL,"Fort Lauderdale, FL",0807,0936,89,1,0800-0859,1127,1244,77,1100-1159,0,,200,188,1173,5,77,0,0,0,0,
2,9,6,AS,N628VA,1800,14057,PDX,"Portland, OR",12892,LAX,"Los Angeles, CA",1655,1711,16,1,1600-1659,1915,1938,23,1900-1959,0,,140,147,834,4,0,0,7,0,16,
2,21,4,DL,N991AT,2085,10397,ATL,"Atlanta, GA",10868,CAE,"Columbia, SC",2332,2332,0,0,2300-2359,0030,0020,0,0001-0559,0,,58,48,192,1,,,,,,
2,6,3,AA,N959UW,1972,10721,BOS,"Boston, MA",14100,PHL,"Philadelphia, PA",1105,1058,0,0,1100-1159,1245,1224,0,1200-1259,0,,100,86,280,2,,,,,,
2,6,3,OO,N465SW,5318,14771,SFO,"San Francisco, CA",10800,BUR,"Burbank, CA",1605,1741,96,1,1600-1659,1725,1905,100,1700-1759,0,,80,84,326,2,0,0,4,0,96,
2,14,4,AA,N836AW,862,14100,PHL,"Philadelphia, PA",14635,RSW,"Fort Myers, FL",1035,1029,0,0,1000-1059,1335,1320,0,1300-1359,0,,180,171,993,4,,,,,,
2,17,7,UA,N817UA,2233,14057,PDX,"Portland, OR",14771,SFO,"San Francisco, CA",1748,1737,0,0,1700-1759,1933,1910,0,1900-1959,0,,105,93,550,3,,,,,,
2,10,7,MQ,N817AE,4059,15249,TLH,"Tallahassee, FL",11057,CLT,"Charlotte, NC",1533,2314,461,1,1500-1559,1710,0034,444,1700-1759,0,,97,80,386,2,0,0,0,0,444,
2,7,4,YV,N508MJ,6023,12264,IAD,"Washington, DC",12339,IND,"Indianapolis, IN",2200,2154,0,0,2200-2259,2348,2336,0,2300-2359,0,,108,102,476,2,,,,,,
2,16,6,OH,N501BG,5616,13342,MKE,"Milwaukee, WI",11057,CLT,"Charlotte, NC",1626,1647,21,1,1600-1659,1934,1943,9,1900-1959,0,,128,116,651,3,,,,,,
2,28,4,WN,N8316H,807,11259,DAL,"Dallas, TX",13232,MDW,"Chicago, IL",2110,2114,4,0,2100-2159,2315,2302,0,2300-2359,0,,125,108,793,4,,,,,,
2,11,1,9E,N8970D,3451,15096,SYR,"Syracuse, NY",11433,DTW,"Detroit, MI",0934,0924,0,0,0900-0959,1130,1116,0,1100-1159,0,,116,112,374,2,,,,,,
2,21,4,AA,N959AN,2525,13204,MCO,"Orlando, FL",14100,PHL,"Philadelphia, PA",1944,1944,0,0,1900-1959,2210,2158,0,2200-2259,0,,146,134,861,4,,,,,,
2,12,2,DL,N994DL,819,10397,ATL,"Atlanta, GA",14524,RIC,"Richmond, VA",1739,1823,44,1,1700-1759,1909,1944,35,1900-1959,0,,90,81,481,2,35,0,0,0,0,
2,15,5,AA,N963AN,2363,11298,DFW,"Dallas/Fort Worth, TX",14869,SLC,"Salt Lake City, UT",0950,0947,0,0,0900-0959,1144,1150,6,1100-1159,0,,174,183,989,4,,,,,,
2,22,5,OO,N864AS,3133,14794,SGU,"St. George, UT",14107,PHX,"Phoenix, AZ",1238,1316,38,1,1200-1259,1358,,,1300-1359,1,A,80,,262,2,,,,,,
2,27,3,OH,N590NN,5109,14576,ROC,"Rochester, NY",11057,CLT,"Charlotte, NC",1507,1512,5,0,1500-1559,1728,1739,11,1700-1759,0,,141,147,573,3,,,,,,
2,21,4,WN,N7820L,2285,14321,PWM,"Portland, ME",10821,BWI,"Baltimore, MD",1620,1617,0,0,1600-1659,1800,1749,0,1800-1859,0,,100,92,452,2,,,,,,
2,13,3,DL,N998AT,2681,11996,GSP,"Greer, SC",11433,DTW,"Detroit, MI",0545,0544,0,0,0001-0559,0739,0739,0,0700-0759,0,,114,115,508,3,,,,,,
2,5,2,UA,N73251,597,12889,LAS,"Las Vegas, NV",13930,ORD,"Chicago, IL",1057,1054,0,0,1000-1059,1632,1608,0,1600-1659,0,,215,194,1514,7,,,,,,
2,22,5,AS,N365VA,1011,12478,JFK,"New York, NY",14771,SFO,"San Francisco, CA",0730,0735,5,0,0700-0759,1125,1125,0,1100-1159,0,,415,410,2586,11,,,,,,
2,16,6,WN,N407WN,3332,14908,SNA,"Santa Ana, CA",14893,SMF,"Sacramento, CA",1345,1339,0,0,1300-1359,1515,1508,0,1500-1559,0,,90,89,404,2,,,,,,
2,17,7,UA,N27722,1492,14908,SNA,"Santa Ana, CA",12266,IAH,"Houston, TX",1207,1239,32,1,1200-1259,1716,1727,11,1700-1759,0,,189,168,1346,6,,,,,,
2,6,3,DL,N706TW,2954,12478,JFK,"New York, NY",14747,SEA,"Seattle, WA",0700,0653,0,0,0700-0759,1018,0941,0,1000-1059,0,,378,348,2422,10,,,,,,
2,28,4,OO,N184SY,3380,14057,PDX,"Portland, OR",10800,BUR,"Burbank, CA",1120,1119,0,0,1100-1159,1340,1328,0,1300-1359,0,,140,129,817,4,,,,,,
2,4,1,AA,N917UY,1839,11278,DCA,"Washington, DC",11298,DFW,"Dallas/Fort Worth, TX",0659,0658,0,0,0600-0659,0944,0919,0,0900-0959,0,,225,201,1192,5,,,,,,
2,7,4,B6,N828JB,132,12892,LAX,"Los Angeles, CA",13204,MCO,"Orlando, FL",2358,0007,9,0,2300-2359,0748,0736,0,0700-0759,0,,290,269,2218,9,,,,,,
2,4,1,MQ,N806AE,3392,11433,DTW,"Detroit, MI",12953,LGA,"New York, NY",1539,1529,0,0,1500-1559,1738,1709,0,1700-1759,0,,119,100,502,3,,,,,,
2,17,7,UA,N75433,815,11292,DEN,"Denver, CO",12892,LAX,"Los Angeles, CA",2224,2227,3,0,2200-2259,2357,0004,7,2300-2359,0,,153,157,862,4,,,,,,
2,22,5,WN,N570WN,472,10800,BUR,"Burbank, CA",11292,DEN,"Denver, CO",1215,1228,13,0,1200-1259,1525,1545,20,1500-1559,0,,130,137,850,4,7,0,7,0,6,
2,4,1,YX,N869RW,6052,12478,JFK,"New York, NY",11042,CLE,"Cleveland, OH",0940,0929,0,0,0900-0959,1147,1104,0,1100-1159,0,,127,95,425,2,,,,,,
2,9,6,YV,N245LR,5818,13485,MSN,"Madison, WI",11298,DFW,"Dallas/Fort Worth, TX",1313,1327,14,0,1300-1359,1549,1559,10,1500-1559,0,,156,152,821,4,,,,,,
2,6,3,AA,N941NN,2379,14492,RDU,"Raleigh/Durham, NC",11057,CLT,"Charlotte, NC",0512,0510,0,0,0001-0559,0620,0628,8,0600-0659,0,,68,78,130,1,,,,,,
2,8,5,AA,N110AN,238,12892,LAX,"Los Angeles, CA",12478,JFK,"New York, NY",1300,1255,0,0,1300-1359,2129,2051,0,2100-2159,0,,329,296,2475,10,,,,,,
2,22,5,OO,N783SK,5817,12266,IAH,"Houston, TX",10397,ATL,"Atlanta, GA",1155,1315,80,1,1100-1159,1459,1606,67,1400-1459,0,,124,111,689,3,0,0,0,0,67,
2,19,2,WN,N731SA,1417,14771,SFO,"San Francisco, CA",12892,LAX,"Los Angeles, CA",0815,0817,2,0,0800-0859,0950,0928,0,0900-0959,0,,95,71,337,2,,,,,,
2,26,2,AS,N569AS,24,14747,SEA,"Seattle, WA",10721,BOS,"Boston, MA",2140,2146,6,0,2100-2159,0550,0541,0,0001-0559,0,,310,295,2496,10,,,,,,
2,20,3,YV,N85355,6221,12206,HRL,"Harlingen/San Benito, TX",12266,IAH,"Houston, TX",0525,0648,83,1,0001-0559,0640,0800,80,0600-0659,0,,75,72,295,2,80,0,0,0,0,
2,4,1,DL,N893DN,492,13487,MSP,"Minneapolis, MN",14679,SAN,"San Diego, CA",0850,0849,0,0,0800-0859,1055,1126,31,1000-1059,0,,245,277,1532,7,0,0,31,0,0,
2,19,2,AA,N144AN,2546,11298,DFW,"Dallas/Fort Worth, TX",12892,LAX,"Los Angeles, CA",1130,1156,26,1,1100-1159,1304,1323,19,1300-1359,0,,214,207,1235,5,19,0,0,0,0,
2,10,7,YV,N510MJ,6322,12264,IAD,"Washington, DC",10397,ATL,"Atlanta, GA",2205,2212,7,0,2200-2259,2355,0045,50,2300-2359,0,,110,153,534,3,50,0,0,0,0,
2,28,4,DL,N699DL,1155,10397,ATL,"Atlanta, GA",13204,MCO,"Orlando, FL",1856,1859,3,0,1800-1859,2029,2026,0,2000-2059,0,,93,87,404,2,,,,,,
2,1,5,OO,N160SY,5211,11292,DEN,"Denver, CO",11298,DFW,"Dallas/Fort Worth, TX",0945,0945,0,0,0900-0959,1251,1307,16,1200-1259,0,,126,142,641,3,0,0,16,0,0,
2,24,7,YV,N515MJ,6193,12264,IAD,"Washington, DC",12339,IND,"Indianapolis, IN",1705,1707,2,0,1700-1759,1856,1859,3,1800-1859,0,,111,112,476,2,,,,,,
2,3,7,B6,N236JB,2626,11697,FLL,"Fort Lauderdale, FL",14492,RDU,"Raleigh/Durham, NC",1421,1409,0,0,1400-1459,1627,1623,0,1600-1659,0,,126,134,680,3,,,,,,
2,8,5,OO,N258SY,4104,14869,SLC,"Salt Lake City, UT",10713,BOI,"Boise, ID",1725,1801,36,1,1700-1759,1844,1917,33,1800-1859,0,,79,76,290,2,0,0,0,0,33,
2,20,3,YX,N402YX,4712,11278,DCA,"Washington, DC",12339,IND,"Indianapolis, IN",2205,2156,0,0,2200-2259,2357,2340,0,2300-2359,0,,112,104,500,3,,,,,,
2,19,2,AA,N907NN,2505,12892,LAX,"Los Angeles, CA",15016,STL,"St. Louis, MO",1021,1021,0,0,1000-1059,1549,1541,0,1500-1559,0,,208,200,1592,7,,,,,,
2,26,2,OO,N827SK,4041,11996,GSP,"Greer, SC",11433,DTW,"Detroit, MI",1750,1743,0,0,1700-1759,1940,1924,0,1900-1959,0,,110,101,508,3,,,,,,
2,21,4,B6,N608JB,2553,12478,JFK,"New York, NY",14027,PBI,"West Palm Beach/Palm Beach, FL",0900,1041,101,1,0900-0959,1211,1331,80,1200-1259,0,,191,170,1028,5,17,0,0,0,63,
2,10,7,UA,N4888U,2394,10721,BOS,"Boston, MA",11618,EWR,"Newark, NJ",1100,1108,8,0,1100-1159,1222,1218,0,1200-1259,0,,82,70,200,1,,,,,,
2,22,5,WN,N7824A,2176,14635,RSW,"Fort Myers, FL",11066,CMH,"Columbus, OH",0645,0702,17,1,0600-0659,0910,0913,3,0900-0959,0,,145,131,930,4,,,,,,
2,26,2,9E,N605LR,3461,11193,CVG,"Cincinnati, OH",12953,LGA,"New York, NY",0949,1050,61,1,0900-0959,1150,1232,42,1100-1159,0,,121,102,585,3,0,0,0,0,42,
2,3,7,OH,N584NN,5640,10693,BNA,"Nashville, TN",11057,CLT,"Charlotte, NC",1252,1452,120,1,1200-1259,1524,1722,118,1500-1559,0,,92,90,328,2,1,0,0,0,117,
2,18,1,YX,N137HQ,4626,15249,TLH,"Tallahassee, FL",11278,DCA,"Washington, DC",0706,0709,3,0,0700-0759,0913,0857,0,0900-0959,0,,127,108,716,3,,,,,,
2,2,6,F9,N709FR,2435,11042,CLE,"Cleveland, OH",15304,TPA,"Tampa, FL",1259,1510,131,1,1200-1259,1535,1749,134,1500-1559,0,,156,159,927,4,8,0,3,0,123,
2,26,2,WN,N8573Z,1947,11259,DAL,"Dallas, TX",13198,MCI,"Kansas City, MO",1905,2015,70,1,1900-1959,2035,2142,67,2000-2059,0,,90,87,461,2,0,0,0,0,67,
2,11,1,AA,N807AW,2189,12892,LAX,"Los Angeles, CA",14893,SMF,"Sacramento, CA",2021,2042,21,1,2000-2059,2153,2205,12,2100-2159,0,,92,83,373,2,,,,,,
2,10,7,MQ,N260NN,3468,15370,TUL,"Tulsa, OK",13930,ORD,"Chicago, IL",1927,1937,10,0,1900-1959,2125,2221,56,2100-2159,0,,118,164,585,3,0,0,46,0,10,
2,17,7,WN,N292WN,1237,13851,OKC,"Oklahoma City, OK",11292,DEN,"Denver, CO",0655,0650,0,0,0600-0659,0735,0734,0,0700-0759,0,,100,104,495,2,,,,,,
2,18,1,OH,N725PS,5141,11057,CLT,"Charlotte, NC",10208,AGS,"Augusta, GA",0940,0936,0,0,0900-0959,1047,1043,0,1000-1059,0,,67,67,140,1,,,,,,
2,5,2,OO,N823SK,3615,11648,FCA,"Kalispell, MT",13487,MSP,"Minneapolis, MN",1435,1459,24,1,1400-1459,1834,1931,57,1800-1859,0,,179,212,1026,5,0,17,33,0,7,
2,8,5,YX,N860RW,5927,14492,RDU,"Raleigh/Durham, NC",12478,JFK,"New York, NY",0710,0704,0,0,0700-0759,0900,0838,0,0900-0959,0,,110,94,427,2,,,,,,
2,28,4,DL,N915AT,895,10397,ATL,"Atlanta, GA",10208,AGS,"Augusta, GA",2128,2130,2,0,2100-2159,2220,2219,0,2200-2259,0,,52,49,143,1,,,,,,
2,28,4,WN,N437WN,2222,14831,SJC,"San Jose, CA",12889,LAS,"Las Vegas, NV",0845,0843,0,0,0800-0859,1010,0957,0,1000-1059,0,,85,74,386,2,,,,,,
2,19,2,NK,N658NK,301,11697,FLL,"Fort Lauderdale, FL",14843,SJU,"San Juan, PR",1040,1043,3,0,1000-1059,1413,1415,2,1400-1459,0,,153,152,1046,5,,,,,,
2,11,1,WN,N8679A,1073,15016,STL,"St. Louis, MO",14893,SMF,"Sacramento, CA",1340,1407,27,1,1300-1359,1605,1619,14,1600-1659,0,,265,252,1679,7,,,,,,
2,6,3,WN,N929WN,487,10800,BUR,"Burbank, CA",14771,SFO,"San Francisco, CA",2125,2124,0,0,2100-2159,2245,2233,0,2200-2259,0,,80,69,326,2,,,,,,
2,22,5,NK,N694NK,260,14679,SAN,"San Diego, CA",12889,LAS,"Las Vegas, NV",1027,1026,0,0,1000-1059,1147,1145,0,1100-1159,0,,80,79,258,2,,,,,,
2,25,1,WN,N8714Q,250,10821,BWI,"Baltimore, MD",13204,MCO,"Orlando, FL",0630,0628,0,0,0600-0659,0850,0858,8,0800-0859,0,,140,150,787,4,,,,,,
2,5,2,WN,N8532S,1753,10721,BOS,"Boston, MA",11292,DEN,"Denver, CO",1720,1720,0,0,1700-1759,2025,2024,0,2000-2059,0,,305,304,1754,8,,,,,,
2,20,3,YV,N933LR,5853,13158,MAF,"Midland/Odessa, TX",11298,DFW,"Dallas/Fort Worth, TX",1428,1439,11,0,1400-1459,1544,1547,3,1500-1559,0,,76,68,309,2,,,,,,
2,11,1,WN,N764SW,466,10821,BWI,"Baltimore, MD",13296,MHT,"Manchester, NH",2020,,,,2000-2059,2145,,,2100-2159,1,B,85,,377,2,,,,,,
2,4,1,B6,N766JB,429,12478,JFK,"New York, NY",14635,RSW,"Fort Myers, FL",1525,1515,0,0,1500-1559,1849,1801,0,1800-1859,0,,204,166,1074,5,,,,,,
2,27,3,DL,N960DL,2356,10397,ATL,"Atlanta, GA",10529,BDL,"Hartford, CT",0728,0726,0,0,0700-0759,0942,0932,0,0900-0959,0,,134,126,859,4,,,,,,
2,24,7,AA,N835AW,2120,10721,BOS,"Boston, MA",11278,DCA,"Washington, DC",1900,1959,59,1,1900-1959,2050,2144,54,2000-2059,0,,110,105,399,2,5,0,0,0,49,
2,14,4,EV,N11164,4090,12266,IAH,"Houston, TX",10874,CAK,"Akron, OH",1830,1846,16,1,1800-1859,2226,2243,17,2200-2259,0,,176,177,1085,5,3,0,1,0,13,
2,6,3,OO,N286SY,3908,14122,PIT,"Pittsburgh, PA",11433,DTW,"Detroit, MI",1349,1339,0,0,1300-1359,1510,1458,0,1500-1559,0,,81,79,201,1,,,,,,
2,26,2,B6,N980JT,577,11697,FLL,"Fort Lauderdale, FL",14771,SFO,"San Francisco, CA",0820,0812,0,0,0800-0859,1155,1134,0,1100-1159,0,,395,382,2584,11,,,,,,
2,6,3,MQ,N804AE,3545,11049,CLL,"College Station/Bryan, TX",11298,DFW,"Dallas/Fort Worth, TX",1830,1823,0,0,1800-1859,1935,1920,0,1900-1959,0,,65,57,164,1,,,,,,
2,14,4,AA,N953AN,2357,14869,SLC,"Salt Lake City, UT",11298,DFW,"Dallas/Fort Worth, TX",1553,1608,15,1,1500-1559,1930,1952,22,1900-1959,0,,157,164,989,4,2,0,7,0,13,
2,2,6,DL,N6711M,970,10397,ATL,"Atlanta, GA",14635,RSW,"Fort Myers, FL",0945,0944,0,0,0900-0959,1128,1115,0,1100-1159,0,,103,91,515,3,,,,,,
2,2,6,AA,N162AA,1153,14107,PHX,"Phoenix, AZ",11298,DFW,"Dallas/Fort Worth, TX",0620,0617,0,0,0600-0659,0941,0939,0,0900-0959,0,,141,142,868,4,,,,,,
2,14,4,WN,N8317M,4062,11292,DEN,"Denver, CO",14107,PHX,"Phoenix, AZ",1205,,,,1200-1259,1410,,,1400-1459,1,A,125,,602,3,,,,,,
2,9,6,OO,N202SY,5261,11298,DFW,"Dallas/Fort Worth, TX",11292,DEN,"Denver, CO",1540,1531,0,0,1500-1559,1658,1636,0,1600-1659,0,,138,125,641,3,,,,,,
2,3,7,DL,N831DN,1423,10397,ATL,"Atlanta, GA",13495,MSY,"New Orleans, LA",1340,1339,0,0,1300-1359,1414,1407,0,1400-1459,0,,94,88,425,2,,,,,,
2,28,4,WN,N923WN,1679,14027,PBI,"West Palm Beach/Palm Beach, FL",10821,BWI,"Baltimore, MD",0730,0730,0,0,0700-0759,0955,0938,0,0900-0959,0,,145,128,883,4,,,,,,
2,17,7,OO,N878AS,7415,13487,MSP,"Minneapolis, MN",14520,RHI,"Rhinelander, WI",2059,2047,0,0,2000-2059,2226,2138,0,2200-2259,0,,87,51,190,1,,,,,,
2,4,1,OH,N574NN,5167,10980,CHA,"Chattanooga, TN",11057,CLT,"Charlotte, NC",0601,0557,0,0,0600-0659,0719,0711,0,0700-0759,0,,78,74,241,1,,,,,,
2,3,7,WN,N295WN,230,10693,BNA,"Nashville, TN",12451,JAX,"Jacksonville, FL",1930,1925,0,0,1900-1959,2155,2139,0,2100-2159,0,,85,74,483,2,,,,,,
2,18,1,MQ,N813AE,3612,14960,SPS,"Wichita Falls, TX",11298,DFW,"Dallas/Fort Worth, TX",1019,1104,45,1,1000-1059,1119,1147,28,1100-1159,0,,60,43,113,1,5,0,0,0,23,
2,7,4,DL,N959AT,1515,14685,SAV,"Savannah, GA",10397,ATL,"Atlanta, GA",1829,1823,0,0,1800-1859,1940,1927,0,1900-1959,0,,71,64,214,1,,,,,,
2,4,1,9E,N924XJ,5316,12953,LGA,"New York, NY",13931,ORF,"Norfolk, VA",1849,1848,0,0,1800-1859,2027,2002,0,2000-2059,0,,98,74,296,2,,,,,,
2,8,5,B6,N324JB,2525,12478,JFK,"New York, NY",15304,TPA,"Tampa, FL",0559,0550,0,0,0001-0559,0859,0854,0,0800-0859,0,,180,184,1005,5,,,,,,
2,22,5,AS,N638VA,1137,14679,SAN,"San Diego, CA",14747,SEA,"Seattle, WA",1340,1338,0,0,1300-1359,1645,1710,25,1600-1659,0,,185,212,1050,5,0,0,25,0,0,
2,14,4,OH,N246PS,5415,11278,DCA,"Washington, DC",10257,ALB,"Albany, NY",1200,1229,29,1,1200-1259,1320,1335,15,1300-1359,0,,80,66,318,2,7,0,0,0,8,
2,6,3,NK,N670NK,710,11697,FLL,"Fort Lauderdale, FL",12953,LGA,"New York, NY",2025,2021,0,0,2000-2059,2320,2303,0,2300-2359,0,,175,162,1076,5,,,,,,
2,9,6,UA,N37427,389,12264,IAD,"Washington, DC",14747,SEA,"Seattle, WA",0825,1136,191,1,0800-0859,1124,1441,197,1100-1159,0,,359,365,2306,10,0,0,197,0,0,
2,23,6,WN,N473WN,5172,13871,OMA,"Omaha, NE",11292,DEN,"Denver, CO",1750,,,,1700-1759,1830,,,1800-1859,1,B,100,,472,2,,,,,,
2,10,7,DL,N997DL,1675,10397,ATL,"Atlanta, GA",13930,ORD,"Chicago, IL",1259,1258,0,0,1200-1259,1405,1403,0,1400-1459,0,,126,125,606,3,,,,,,
2,15,5,DL,N819DN,2072,13487,MSP,"Minneapolis, MN",13485,MSN,"Madison, WI",2103,2058,0,0,2100-2159,2217,2155,0,2200-2259,0,,74,57,228,1,,,,,,
2,2,6,AA,N946UW,2139,10721,BOS,"Boston, MA",11278,DCA,"Washington, DC",1200,1154,0,0,1200-1259,1344,1334,0,1300-1359,0,,104,100,399,2,,,,,,
2,14,4,WN,N483WN,469,13796,OAK,"Oakland, CA",11292,DEN,"Denver, CO",0710,0708,0,0,0700-0759,1035,1043,8,1000-1059,0,,145,155,957,4,,,,,,
2,28,4,WN,N7851A,1333,13158,MAF,"Midland/Odessa, TX",12889,LAS,"Las Vegas, NV",1035,1123,48,1,1000-1059,1055,1143,48,1000-1059,0,,140,140,795,4,6,0,0,0,42,
2,5,2,UA,N36447,1920,10423,AUS,"Austin, TX",12266,IAH,"Houston, TX",0535,0519,0,0,0001-0559,0629,0613,0,0600-0659,0,,54,54,140,1,,,,,,
2,14,4,UA,N1902U,2117,12264,IAD,"Washington, DC",10423,AUS,"Austin, TX",0840,0837,0,0,0800-0859,1120,1059,0,1100-1159,0,,220,202,1297,6,,,,,,
2,16,6,OO,N790SK,5585,14771,SFO,"San Francisco, CA",13851,OKC,"Oklahoma City, OK",1213,1215,2,0,1200-1259,1736,1714,0,1700-1759,0,,203,179,1384,6,,,,,,
2,24,7,DL,N367DN,1715,10397,ATL,"Atlanta, GA",14679,SAN,"San Diego, CA",0950,0947,0,0,0900-0959,1138,1137,0,1100-1159,0,,288,290,1892,8,,,,,,
2,22,5,DL,N918DE,1227,13303,MIA,"Miami, FL",10397,ATL,"Atlanta, GA",1800,1756,0,0,1800-1859,2009,2000,0,2000-2059,0,,129,124,594,3,,,,,,
2,18,1,UA,N33266,262,13930,ORD,"Chicago, IL",14747,SEA,"Seattle, WA",1950,1951,1,0,1900-1959,2228,2211,0,2200-2259,0,,278,260,1721,7,,,,,,
2,20,3,9E,N272PQ,3424,13485,MSN,"Madison, WI",11433,DTW,"Detroit, MI",0903,0920,17,1,0900-0959,1130,1147,17,1100-1159,0,,87,87,311,2,0,0,0,0,17,
2,13,3,HA,N476HA,343,12173,HNL,"Honolulu, HI",12982,LIH,"Lihue, HI",1520,1527,7,0,1500-1559,1600,1622,22,1600-1659,0,,40,55,102,1,22,0,0,0,0,
2,13,3,YV,N86334,6357,12266,IAH,"Houston, TX",11140,CRP,"Corpus Christi, TX",1620,1613,0,0,1600-1659,1722,1714,0,1700-1759,0,,62,61,201,1,,,,,,
2,7,4,DL,N335DN,959,10397,ATL,"Atlanta, GA",14027,PBI,"West Palm Beach/Palm Beach, FL",2140,2200,20,1,2100-2159,2330,2332,2,2300-2359,0,,110,92,545,3,,,,,,
2,14,4,WN,N760SW,486,14771,SFO,"San Francisco, CA",10800,BUR,"Burbank, CA",1925,,,,1900-1959,2040,,,2000-2059,1,B,75,,326,2,,,,,,
2,22,5,WN,N8609A,1368,12889,LAS,"Las Vegas, NV",11292,DEN,"Denver, CO",1110,1117,7,0,1100-1159,1405,1355,0,1400-1459,0,,115,98,628,3,,,,,,
2,18,1,NK,N510NK,466,12889,LAS,"Las Vegas, NV",13495,MSY,"New Orleans, LA",0905,0858,0,0,0900-0959,1425,1355,0,1400-1459,0,,200,177,1500,7,,,,,,
2,2,6,NK,N651NK,753,14100,PHL,"Philadelphia, PA",13204,MCO,"Orlando, FL",0615,0613,0,0,0600-0659,0855,0904,9,0800-0859,0,,160,171,861,4,,,,,,
2,24,7,WN,N8611F,1702,13931,ORF,"Norfolk, VA",10821,BWI,"Baltimore, MD",0640,0645,5,0,0600-0659,0740,0733,0,0700-0759,0,,60,48,159,1,,,,,,
2,1,5,B6,N986JB,424,12892,LAX,"Los Angeles, CA",12478,JFK,"New York, NY",1140,1140,0,0,1100-1159,2003,2023,20,2000-2059,0,,323,343,2475,10,0,0,20,0,0,
2,1,5,OO,N787SK,5571,10372,ASE,"Aspen, CO",11292,DEN,"Denver, CO",0759,0746,0,0,0700-0759,0909,0908,0,0900-0959,0,,70,82,125,1,,,,,,
2,21,4,WN,N431WN,1009,15304,TPA,"Tampa, FL",11278,DCA,"Washington, DC",1710,1741,31,1,1700-1759,1920,1945,25,1900-1959,0,,130,124,814,4,25,0,0,0,0,
2,10,7,OO,N163SY,5358,10713,BOI,"Boise, ID",14771,SFO,"San Francisco, CA",0600,0556,0,0,0600-0659,0710,0719,9,0700-0759,0,,130,143,522,3,,,,,,
2,22,5,AS,N527VA,1204,14057,PDX,"Portland, OR",14771,SFO,"San Francisco, CA",1105,1105,0,0,1100-1159,1250,1303,13,1200-1259,0,,105,118,550,3,,,,,,
2,6,3,WN,N8303R,942,14831,SJC,"San Jose, CA",10423,AUS,"Austin, TX",0750,0745,0,0,0700-0759,1310,1244,0,1300-1359,0,,200,179,1476,6,,,,,,
2,13,3,DL,N908DE,2448,10397,ATL,"Atlanta, GA",11618,EWR,"Newark, NJ",0739,0733,0,0,0700-0759,0945,0932,0,0900-0959,0,,126,119,746,3,,,,,,
2,21,4,AA,N9624T,2761,11298,DFW,"Dallas/Fort Worth, TX",15016,STL,"St. Louis, MO",1845,2008,83,1,1800-1859,2030,2133,63,2000-2059,0,,105,85,550,3,14,0,0,0,49,
2,17,7,AA,N955UW,892,14100,PHL,"Philadelphia, PA",11042,CLE,"Cleveland, OH",1535,1530,0,0,1500-1559,1712,1708,0,1700-1759,0,,97,98,363,2,,,,,,
2,19,2,DL,N375NC,1306,13303,MIA,"Miami, FL",10397,ATL,"Atlanta, GA",1940,2148,128,1,1900-1959,2144,2350,126,2100-2159,0,,124,122,594,3,6,0,0,0,120,
2,19,2,WN,N762SW,2284,14107,PHX,"Phoenix, AZ",10140,ABQ,"Albuquerque, NM",1330,1431,61,1,1300-1359,1440,1531,51,1400-1459,0,,70,60,328,2,51,0,0,0,0,
2,21,4,B6,N613JB,669,12478,JFK,"New York, NY",14831,SJC,"San Jose, CA",1759,1754,0,0,1700-1759,2146,2141,0,2100-2159,0,,407,407,2569,11,,,,,,
2,14,4,WN,N8311Q,392,15016,STL,"St. Louis, MO",10529,BDL,"Hartford, CT",1600,1558,0,0,1600-1659,1915,1903,0,1900-1959,0,,135,125,957,4,,,,,,
2,20,3,AA,N344PP,2357,11298,DFW,"Dallas/Fort Worth, TX",14869,SLC,"Salt Lake City, UT",1307,1349,42,1,1300-1359,1500,1604,64,1500-1559,0,,173,195,989,4,0,37,22,0,5,
2,7,4,WN,N704SW,4233,12954,LGB,"Long Beach, CA",12889,LAS,"Las Vegas, NV",0810,0813,3,0,0800-0859,0915,0923,8,0900-0959,0,,65,70,231,1,,,,,,
2,23,6,OO,N779SK,5474,14869,SLC,"Salt Lake City, UT",12892,LAX,"Los Angeles, CA",0750,0812,22,1,0700-0759,0918,0901,0,0900-0959,0,,148,109,590,3,,,,,,
2,15,5,WN,N408WN,1916,13232,MDW,"Chicago, IL",11278,DCA,"Washington, DC",2115,2148,33,1,2100-2159,2355,0029,34,2300-2359,0,,100,101,601,3,33,0,1,0,0,
2,6,3,UA,N67827,765,13930,ORD,"Chicago, IL",11292,DEN,"Denver, CO",1750,1809,19,1,1700-1759,1934,2003,29,1900-1959,0,,164,174,888,4,0,0,10,0,19,
2,22,5,AA,N925AN,178,14027,PBI,"West Palm Beach/Palm Beach, FL",13930,ORD,"Chicago, IL",1148,1155,7,0,1100-1159,1404,1358,0,1400-1459,0,,196,183,1143,5,,,,,,
2,16,6,AA,N757UW,765,14635,RSW,"Fort Myers, FL",11278,DCA,"Washington, DC",1854,1844,0,0,1800-1859,2123,2102,0,2100-2159,0,,149,138,892,4,,,,,,
2,24,7,WN,N8582Z,3787,11292,DEN,"Denver, CO",12191,HOU,"Houston, TX",1235,1242,7,0,1200-1259,1600,1550,0,1600-1659,0,,145,128,883,4,,,,,,
2,14,4,OH,N220PS,5382,11995,GSO,"Greensboro/High Point, NC",11278,DCA,"Washington, DC",1308,1258,0,0,1300-1359,1429,1409,0,1400-1459,0,,81,71,248,1,,,,,,
2,13,3,EV,N17185,4354,13198,MCI,"Kansas City, MO",12266,IAH,"Houston, TX",1455,1447,0,0,1400-1459,1710,1645,0,1700-1759,0,,135,118,643,3,,,,,,
2,13,3,AA,N936AN,202,11298,DFW,"Dallas/Fort Worth, TX",11278,DCA,"Washington, DC",0604,0559,0,0,0600-0659,0951,0938,0,0900-0959,0,,167,159,1192,5,,,,,,
2,23,6,WN,N748SW,4970,10693,BNA,"Nashville, TN",10821,BWI,"Baltimore, MD",1035,,,,1000-1059,1315,,,1300-1359,1,A,100,,587,3,,,,,,
2,25,1,DL,N3769L,1197,14869,SLC,"Salt Lake City, UT",14057,PDX,"Portland, OR",1516,1530,14,0,1500-1559,1621,1629,8,1600-1659,0,,125,119,630,3,,,,,,
2,2,6,9E,N336PQ,5290,10397,ATL,"Atlanta, GA",13795,OAJ,"Jacksonville/Camp Lejeune, NC",1035,1030,0,0,1000-1059,1203,1147,0,1200-1259,0,,88,77,399,2,,,,,,
2,20,3,AA,N958AN,1216,11298,DFW,"Dallas/Fort Worth, TX",11057,CLT,"Charlotte, NC",0844,0846,2,0,0800-0859,1215,1205,0,1200-1259,0,,151,139,936,4,,,,,,
2,14,4,MQ,N815AE,3868,11057,CLT,"Charlotte, NC",14783,SGF,"Springfield, MO",1825,1841,16,1,1800-1859,1958,1958,0,1900-1959,0,,153,137,708,3,,,,,,
2,28,4,WN,N286WN,4028,12889,LAS,"Las Vegas, NV",12892,LAX,"Los Angeles, CA",0600,0554,0,0,0600-0659,0715,0701,0,0700-0759,0,,75,67,236,1,,,,,,
2,2,6,DL,N372NW,2032,11278,DCA,"Washington, DC",13487,MSP,"Minneapolis, MN",0820,0813,0,0,0800-0859,1013,0947,0,1000-1059,0,,173,154,931,4,,,,,,
2,8,5,AS,N613AS,65,14256,PSG,"Petersburg, AK",12523,JNU,"Juneau, AK",1150,1129,0,0,1100-1159,1230,1203,0,1200-1259,0,,40,34,123,1,,,,,,
2,1,5,OO,N983SW,5763,11638,FAT,"Fresno, CA",12892,LAX,"Los Angeles, CA",0923,0915,0,0,0900-0959,1050,1029,0,1000-1059,0,,87,74,209,1,,,,,,
2,4,1,WN,N8642E,1110,13232,MDW,"Chicago, IL",15304,TPA,"Tampa, FL",1235,1232,0,0,1200-1259,1615,1548,0,1600-1659,0,,160,136,997,4,,,,,,
2,6,3,WN,N901WN,1744,13232,MDW,"Chicago, IL",15016,STL,"St. Louis, MO",1710,1713,3,0,1700-1759,1825,1817,0,1800-1859,0,,75,64,251,2,,,,,,
2,4,1,AS,N318AS,615,14107,PHX,"Phoenix, AZ",14747,SEA,"Seattle, WA",1045,1139,54,1,1000-1059,1248,1441,113,1200-1259,0,,183,242,1107,5,0,0,113,0,0,
2,24,7,UA,N595UA,503,14771,SFO,"San Francisco, CA",11618,EWR,"Newark, NJ",1200,1155,0,0,1200-1259,2030,2029,0,2000-2059,0,,330,334,2565,11,,,,,,
2,14,4,OO,N603SK,4026,10372,ASE,"Aspen, CO",10397,ATL,"Atlanta, GA",1339,1337,0,0,1300-1359,1850,1816,0,1800-1859,0,,191,159,1304,6,,,,,,
2,6,3,DL,N678DL,1379,12889,LAS,"Las Vegas, NV",10397,ATL,"Atlanta, GA",0600,0555,0,0,0600-0659,1250,1242,0,1200-1259,0,,230,227,1747,7,,,,,,
2,1,5,YX,N736YX,3520,13487,MSP,"Minneapolis, MN",11618,EWR,"Newark, NJ",0605,0601,0,0,0600-0659,0949,0929,0,0900-0959,0,,164,148,1008,5,,,,,,
2,14,4,9E,N840AY,5526,11193,CVG,"Cincinnati, OH",14492,RDU,"Raleigh/Durham, NC",1735,1730,0,0,1700-1759,1909,1849,0,1900-1959,0,,94,79,390,2,,,,,,
2,17,7,WN,N8582Z,1098,10792,BUF,"Buffalo, NY",13232,MDW,"Chicago, IL",1620,1730,70,1,1600-1659,1705,1827,82,1700-1759,0,,105,117,468,2,0,0,12,0,70,
2,12,2,WN,N453WN,1953,10397,ATL,"Atlanta, GA",11697,FLL,"Fort Lauderdale, FL",0700,0700,0,0,0700-0759,0850,0854,4,0800-0859,0,,110,114,581,3,,,,,,
2,25,1,MQ,N224NN,4034,13930,ORD,"Chicago, IL",14683,SAT,"San Antonio, TX",0925,0923,0,0,0900-0959,1235,1206,0,1200-1259,0,,190,163,1041,5,,,,,,
2,4,1,AA,N144AN,260,13204,MCO,"Orlando, FL",13303,MIA,"Miami, FL",1143,1140,0,0,1100-1159,1250,1239,0,1200-1259,0,,67,59,192,1,,,,,,
2,4,1,9E,N8877A,5417,12953,LGA,"New York, NY",10581,BGR,"Bangor, ME",1640,1639,0,0,1600-1659,1818,1756,0,1800-1859,0,,98,77,378,2,,,,,,
2,3,7,WN,N7865A,154,14679,SAN,"San Diego, CA",14771,SFO,"San Francisco, CA",1050,1040,0,0,1000-1059,1225,1220,0,1200-1259,0,,95,100,447,2,,,,,,
2,19,2,B6,N354JB,2965,10721,BOS,"Boston, MA",14635,RSW,"Fort Myers, FL",0930,1143,133,1,0900-0959,1317,1546,149,1300-1359,0,,227,243,1249,5,133,0,16,0,0,
2,5,2,NK,N648NK,103,10721,BOS,"Boston, MA",13577,MYR,"Myrtle Beach, SC",0500,0454,0,0,0001-0559,0720,0649,0,0700-0759,0,,140,115,738,3,,,,,,
2,17,7,MQ,N611AE,3518,11612,EVV,"Evansville, IN",13930,ORD,"Chicago, IL",1809,,,,1800-1859,1947,,,1900-1959,1,C,98,,272,2,,,,,,
2,6,3,MQ,N242NN,3942,11298,DFW,"Dallas/Fort Worth, TX",12992,LIT,"Little Rock, AR",2215,2224,9,0,2200-2259,2324,2345,21,2300-2359,0,,69,81,304,2,6,0,12,0,3,
2,18,1,DL,N3769L,2867,13204,MCO,"Orlando, FL",11193,CVG,"Cincinnati, OH",1330,0110,700,1,1300-1359,1541,0310,689,1500-1559,0,,131,120,757,4,0,0,0,0,689,
2,3,7,OO,N202SY,5810,11292,DEN,"Denver, CO",11413,DRO,"Durango, CO",1855,1847,0,0,1800-1859,2007,2002,0,2000-2059,0,,72,75,250,2,,,,,,
2,12,2,EV,N15910,4038,12266,IAH,"Houston, TX",12896,LBB,"Lubbock, TX",1835,1830,0,0,1800-1859,2013,2010,0,2000-2059,0,,98,100,458,2,,,,,,
2,4,1,OO,N752SK,3281,11823,FWA,"Fort Wayne, IN",11298,DFW,"Dallas/Fort Worth, TX",0608,0558,0,0,0600-0659,0805,0718,0,0800-0859,0,,177,140,859,4,,,,,,
2,24,7,AA,N913AN,227,13204,MCO,"Orlando, FL",12892,LAX,"Los Angeles, CA",1142,1149,7,0,1100-1159,1420,1429,9,1400-1459,0,,338,340,2218,9,,,,,,
2,6,3,DL,N927DN,1311,10397,ATL,"Atlanta, GA",14683,SAT,"San Antonio, TX",1322,1323,1,0,1300-1359,1501,1450,0,1500-1559,0,,159,147,874,4,,,,,,
2,6,3,OO,N707SK,3004,13930,ORD,"Chicago, IL",11775,FSD,"Sioux Falls, SD",1005,1001,0,0,1000-1059,1158,1155,0,1100-1159,0,,113,114,463,2,,,,,,
2,10,7,AA,N977UY,738,14683,SAT,"San Antonio, TX",11057,CLT,"Charlotte, NC",0629,0627,0,0,0600-0659,1019,1010,0,1000-1059,0,,170,163,1095,5,,,,,,
3,15,5,AA,N90024,2377,12441,JAC,"Jackson, WY",11298,DFW,"Dallas/Fort Worth, TX",1248,2106,498,1,1200-1259,1642,0110,508,1600-1659,0,,174,184,1047,5,3,0,10,0,495,
3,8,5,G4,249NV,509,15008,STC,"St. Cloud, MN",10466,AZA,"Phoenix, AZ",1216,1210,0,0,1200-1259,1431,1448,17,1400-1459,0,,195,218,1259,6,0,0,17,0,0,
3,22,5,WN,N754SW,6549,12889,LAS,"Las Vegas, NV",12892,LAX,"Los Angeles, CA",1920,1922,2,0,1900-1959,2040,2030,0,2000-2059,0,,80,68,236,1,,,,,,
3,11,1,WN,N737JW,1761,14570,RNO,"Reno, NV",12892,LAX,"Los Angeles, CA",0715,0733,18,1,0700-0759,0850,0849,0,0800-0859,0,,95,76,391,2,,,,,,
3,12,2,AA,N149AN,2314,13204,MCO,"Orlando, FL",11298,DFW,"Dallas/Fort Worth, TX",1722,1721,0,0,1700-1759,1929,1937,8,1900-1959,0,,187,196,985,4,,,,,,
3,22,5,EV,N34110,4021,12266,IAH,"Houston, TX",11109,COS,"Colorado Springs, CO",0935,0925,0,0,0900-0959,1108,1057,0,1100-1159,0,,153,152,809,4,,,,,,
3,1,5,WN,N560WN,103,11066,CMH,"Columbus, OH",13204,MCO,"Orlando, FL",1655,1653,0,0,1600-1659,1910,1911,1,1900-1959,0,,135,138,802,4,,,,,,
3,17,7,OO,N806SK,4139,12197,HPN,"White Plains, NY",11433,DTW,"Detroit, MI",0938,0937,0,0,0900-0959,1135,1120,0,1100-1159,0,,117,103,505,3,,,,,,
3,20,3,AA,N12028,1593,10423,AUS,"Austin, TX",13303,MIA,"Miami, FL",0558,0552,0,0,0001-0559,0939,0925,0,0900-0959,0,,161,153,1103,5,,,,,,
3,22,5,AA,N915US,504,12889,LAS,"Las Vegas, NV",12892,LAX,"Los Angeles, CA",2048,2056,8,0,2000-2059,2214,2159,0,2200-2259,0,,86,63,236,1,,,,,,
3,15,5,DL,N3758Y,2862,11292,DEN,"Denver, CO",12953,LGA,"New York, NY",1625,1711,46,1,1600-1659,2213,2301,48,2200-2259,0,,228,230,1620,7,0,0,48,0,0,
3,31,7,AA,N976UY,2048,14107,PHX,"Phoenix, AZ",14893,SMF,"Sacramento, CA",2042,2146,64,1,2000-2059,2245,2342,57,2200-2259,0,,123,116,647,3,0,0,0,0,57,
3,3,7,B6,N996JL,2254,14027,PBI,"West Palm Beach/Palm Beach, FL",12478,JFK,"New York, NY",1434,1731,177,1,1400-1459,1726,1954,148,1700-1759,0,,172,143,1028,5,8,0,0,0,140,
3,4,1,OO,N827SK,4979,13487,MSP,"Minneapolis, MN",14683,SAT,"San Antonio, TX",0855,0851,0,0,0800-0859,1211,1209,0,1200-1259,0,,196,198,1097,5,,,,,,
3,21,4,AA,N653AW,804,11298,DFW,"Dallas/Fort Worth, TX",11278,DCA,"Washington, DC",1736,1735,0,0,1700-1759,2125,2131,6,2100-2159,0,,169,176,1192,5,,,,,,
3,27,3,WN,N8613K,152,12892,LAX,"Los Angeles, CA",14107,PHX,"Phoenix, AZ",0510,0504,0,0,0001-0559,0630,0618,0,0600-0659,0,,80,74,370,2,,,,,,
3,5,2,WN,N236WN,1560,13931,ORF,"Norfolk, VA",10821,BWI,"Baltimore, MD",1950,1940,0,0,1900-1959,2050,2032,0,2000-2059,0,,60,52,159,1,,,,,,
3,1,5,YV,N954LR,5861,12448,JAN,"Jackson/Vicksburg, MS",11298,DFW,"Dallas/Fort Worth, TX",1216,1224,8,0,1200-1259,1354,1408,14,1300-1359,0,,98,104,408,2,,,,,,
3,28,4,UA,N817UA,1698,14492,RDU,"Raleigh/Durham, NC",14771,SFO,"San Francisco, CA",0649,0641,0,0,0600-0659,0951,0942,0,0900-0959,0,,362,361,2400,10,,,,,,
3,3,7,B6,N583JB,737,10529,BDL,"Hartford, CT",13204,MCO,"Orlando, FL",0635,0629,0,0,0600-0659,0941,0913,0,0900-0959,0,,186,164,1050,5,,,,,,
3,14,4,UA,N405UA,209,14908,SNA,"Santa Ana, CA",14771,SFO,"San Francisco, CA",0745,0741,0,0,0700-0759,0928,0903,0,0900-0959,0,,103,82,372,2,,,,,,
3,26,2,DL,N357DN,521,10397,ATL,"Atlanta, GA",15304,TPA,"Tampa, FL",2333,2331,0,0,2300-2359,0059,0046,0,0001-0559,0,,86,75,406,2,,,,,,
3,11,1,OH,N720PS,5111,11057,CLT,"Charlotte, NC",11267,DAY,"Dayton, OH",0809,0805,0,0,0800-0859,0948,0935,0,0900-0959,0,,99,90,370,2,,,,,,
3,15,5,F9,N229FR,628,14893,SMF,"Sacramento, CA",11292,DEN,"Denver, CO",1930,1945,15,1,1900-1959,2253,2312,19,2200-2259,0,,143,147,909,4,15,0,4,0,0,
3,27,3,OO,N457SW,4158,10980,CHA,"Chattanooga, TN",10397,ATL,"Atlanta, GA",0550,0549,0,0,0001-0559,0639,0639,0,0600-0659,0,,49,50,106,1,,,,,,
3,8,5,AA,N914UY,682,13204,MCO,"Orlando, FL",14107,PHX,"Phoenix, AZ",1710,1702,0,0,1700-1759,2002,2000,0,2000-2059,0,,292,298,1849,8,,,,,,
3,31,7,YV,N86312,6215,11298,DFW,"Dallas/Fort Worth, TX",12266,IAH,"Houston, TX",0741,0733,0,0,0700-0759,0855,0848,0,0800-0859,0,,74,75,224,1,,,,,,
3,21,4,WN,N443WN,1299,13232,MDW,"Chicago, IL",11618,EWR,"Newark, NJ",1130,1229,59,1,1100-1159,1430,1543,73,1400-1459,0,,120,134,711,3,0,0,72,0,1,
3,10,7,UA,N37273,1918,11292,DEN,"Denver, CO",10423,AUS,"Austin, TX",1345,1339,0,0,1300-1359,1653,1642,0,1600-1659,0,,128,123,775,4,,,,,,
3,31,7,AS,N619AS,70,12523,JNU,"Juneau, AK",14828,SIT,"Sitka, AK",2230,2235,5,0,2200-2259,2310,2317,7,2300-2359,0,,40,42,95,1,,,,,,
3,23,6,NK,N613NK,834,15304,TPA,"Tampa, FL",10821,BWI,"Baltimore, MD",1005,1001,0,0,1000-1059,1223,1209,0,1200-1259,0,,138,128,842,4,,,,,,
3,5,2,UA,N892UA,1849,11618,EWR,"Newark, NJ",10397,ATL,"Atlanta, GA",1100,1055,0,0,1100-1159,1325,1317,0,1300-1359,0,,145,142,746,3,,,,,,
3,29,5,AS,N214AK,452,12892,LAX,"Los Angeles, CA",12478,JFK,"New York, NY",1035,1033,0,0,1000-1059,1910,1836,0,1900-1959,0,,335,303,2475,10,,,,,,
3,15,5,9E,N147PQ,5446,12953,LGA,"New York, NY",11423,DSM,"Des Moines, IA",1925,2044,79,1,1900-1959,2152,2357,125,2100-2159,0,,207,253,1031,5,0,0,46,0,79,
3,1,5,UA,N78438,1712,11292,DEN,"Denver, CO",14893,SMF,"Sacramento, CA",0935,0946,11,0,0900-0959,1127,1156,29,1100-1159,0,,172,190,909,4,11,0,18,0,0,
3,3,7,UA,N37504,991,12266,IAH,"Houston, TX",14679,SAN,"San Diego, CA",2151,2149,0,0,2100-2159,2320,2317,0,2300-2359,0,,209,208,1303,6,,,,,,
3,22,5,MQ,N267NN,3867,11298,DFW,"Dallas/Fort Worth, TX",11995,GSO,"Greensboro/High Point, NC",2030,2027,0,0,2000-2059,0001,2352,0,0001-0559,0,,151,145,999,4,,,,,,
3,4,1,WN,N766SW,102,13198,MCI,"Kansas City, MO",13487,MSP,"Minneapolis, MN",2130,2123,0,0,2100-2159,2250,2235,0,2200-2259,0,,80,72,393,2,,,,,,
3,19,2,G4,248NV,533,14314,PVU,"Provo, UT",10466,AZA,"Phoenix, AZ",1559,1607,8,0,1500-1559,1632,1633,1,1600-1659,0,,93,86,477,2,,,,,,
3,13,3,OO,N982SW,5402,14487,RDD,"Redding, CA",14771,SFO,"San Francisco, CA",1750,1929,99,1,1700-1759,1858,2021,83,1800-1859,0,,68,52,199,1,0,0,0,0,83,
3,30,6,YX,N106HQ,4690,14100,PHL,"Philadelphia, PA",11433,DTW,"Detroit, MI",2130,2124,0,0,2100-2159,2322,2327,5,2300-2359,0,,112,123,453,2,,,,,,
3,1,5,EV,N10575,4338,11618,EWR,"Newark, NJ",10581,BGR,"Bangor, ME",2045,2124,39,1,2000-2059,2220,2238,18,2200-2259,0,,95,74,393,2,0,0,0,0,18,
3,8,5,WN,N8532S,480,10821,BWI,"Baltimore, MD",14635,RSW,"Fort Myers, FL",1025,1023,0,0,1000-1059,1310,1254,0,1300-1359,0,,165,151,919,4,,,,,,
3,3,7,B6,N821JB,2538,13204,MCO,"Orlando, FL",10529,BDL,"Hartford, CT",1252,1251,0,0,1200-1259,1535,1528,0,1500-1559,0,,163,157,1050,5,,,,,,
3,10,7,AA,N951UW,1710,14492,RDU,"Raleigh/Durham, NC",14100,PHL,"Philadelphia, PA",1029,1022,0,0,1000-1059,1154,1154,0,1100-1159,0,,85,92,337,2,,,,,,
3,14,4,AA,N716UW,1772,14100,PHL,"Philadelphia, PA",10397,ATL,"Atlanta, GA",2040,2045,5,0,2000-2059,2256,2309,13,2200-2259,0,,136,144,666,3,,,,,,
3,25,1,YX,N417YX,4512,13303,MIA,"Miami, FL",14193,PNS,"Pensacola, FL",0910,0907,0,0,0900-0959,1003,0959,0,1000-1059,0,,113,112,530,3,,,,,,
3,21,4,AA,N959AN,2236,11066,CMH,"Columbus, OH",11298,DFW,"Dallas/Fort Worth, TX",1921,1928,7,0,1900-1959,2112,2104,0,2100-2159,0,,171,156,926,4,,,,,,
3,10,7,WN,N8584Z,5296,14893,SMF,"Sacramento, CA",10821,BWI,"Baltimore, MD",0640,0704,24,1,0600-0659,1430,1428,0,1400-1459,0,,290,264,2395,10,,,,,,
3,2,6,OO,N758EV,3244,11057,CLT,"Charlotte, NC",14696,SBN,"South Bend, IN",1957,1949,0,0,1900-1959,2156,2143,0,2100-2159,0,,119,114,534,3,,,,,,
3,1,5,G4,221NV,2108,14761,SFB,"Sanford, FL",14025,PBG,"Plattsburgh, NY",0610,0605,0,0,0600-0659,0905,0846,0,0900-0959,0,,175,161,1175,5,,,,,,
3,11,1,YV,N917FJ,5958,14107,PHX,"Phoenix, AZ",14689,SBA,"Santa Barbara, CA",2021,2035,14,0,2000-2059,2159,2202,3,2100-2159,0,,98,87,455,2,,,,,,
3,29,5,MQ,N826AE,3807,12478,JFK,"New York, NY",12339,IND,"Indianapolis, IN",1459,1455,0,0,1400-1459,1731,1728,0,1700-1759,0,,152,153,665,3,,,,,,
3,3,7,DL,N369NB,1756,12339,IND,"Indianapolis, IN",11433,DTW,"Detroit, MI",1547,1546,0,0,1500-1559,1655,1702,7,1600-1659,0,,68,76,231,1,,,,,,
3,5,2,UA,N79402,1644,12266,IAH,"Houston, TX",13204,MCO,"Orlando, FL",1440,1437,0,0,1400-1459,1756,1758,2,1700-1759,0,,136,141,854,4,,,,,,
3,13,3,B6,N653JB,877,10721,BOS,"Boston, MA",12889,LAS,"Las Vegas, NV",1715,1713,0,0,1700-1759,2019,1959,0,2000-2059,0,,364,346,2381,10,,,,,,
3,14,4,UA,N818UA,709,11292,DEN,"Denver, CO",13485,MSN,"Madison, WI",2030,2149,79,1,2000-2059,2339,0040,61,2300-2359,0,,129,111,826,4,0,0,36,0,25,
3,2,6,AA,N968AN,1147,14107,PHX,"Phoenix, AZ",13303,MIA,"Miami, FL",1530,1535,5,0,1500-1559,2143,2135,0,2100-2159,0,,253,240,1972,8,,,,,,
3,1,5,UA,N16701,1873,10529,BDL,"Hartford, CT",12264,IAD,"Washington, DC",1025,1021,0,0,1000-1059,1147,1142,0,1100-1159,0,,82,81,326,2,,,,,,
3,18,1,DL,N934AT,2947,14869,SLC,"Salt Lake City, UT",11292,DEN,"Denver, CO",1700,1656,0,0,1700-1759,1830,1837,7,1800-1859,0,,90,101,391,2,,,,,,
3,10,7,AS,N553AS,507,14908,SNA,"Santa Ana, CA",14747,SEA,"Seattle, WA",1548,,,,1500-1559,1838,,,1800-1859,1,A,170,,978,4,,,,,,
3,16,6,9E,N606LR,3405,12451,JAX,"Jacksonville, FL",12478,JFK,"New York, NY",1827,1828,1,0,1800-1859,2100,2036,0,2100-2159,0,,153,128,828,4,,,,,,
3,3,7,YV,N932LR,5858,11298,DFW,"Dallas/Fort Worth, TX",10140,ABQ,"Albuquerque, NM",1705,,,,1700-1759,1758,,,1700-1759,1,A,113,,569,3,,,,,,
3,4,1,WN,N8324A,266,15304,TPA,"Tampa, FL",10821,BWI,"Baltimore, MD",0635,0635,0,0,0600-0659,0845,0838,0,0800-0859,0,,130,123,842,4,,,,,,
3,24,7,DL,N684DA,2418,11697,FLL,"Fort Lauderdale, FL",10397,ATL,"Atlanta, GA",1400,1358,0,0,1400-1459,1559,1544,0,1500-1559,0,,119,106,581,3,,,,,,
3,4,1,G4,223NV,1810,12339,IND,"Indianapolis, IN",14082,PGD,"Punta Gorda, FL",1745,1739,0,0,1700-1759,2004,1951,0,2000-2059,0,,139,132,916,4,,,,,,
3,5,2,F9,N717FR,933,14635,RSW,"Fort Myers, FL",13342,MKE,"Milwaukee, WI",1941,1940,0,0,1900-1959,2149,2152,3,2100-2159,0,,188,192,1183,5,,,,,,
3,25,1,WN,N793SA,49,11259,DAL,"Dallas, TX",12191,HOU,"Houston, TX",1830,1828,0,0,1800-1859,1940,1926,0,1900-1959,0,,70,58,239,1,,,,,,
3,25,1,WN,N7834A,2425,11292,DEN,"Denver, CO",14869,SLC,"Salt Lake City, UT",1500,1502,2,0,1500-1559,1630,1629,0,1600-1659,0,,90,87,391,2,,,,,,
3,13,3,AA,N810AN,2238,13930,ORD,"Chicago, IL",14107,PHX,"Phoenix, AZ",1122,1450,208,1,1100-1159,1259,1619,200,1200-1259,0,,217,209,1440,6,27,0,0,0,173,
3,19,2,OO,N821SK,4124,11433,DTW,"Detroit, MI",11298,DFW,"Dallas/Fort Worth, TX",0644,0642,0,0,0600-0659,0854,0921,27,0800-0859,0,,190,219,986,4,0,0,27,0,0,
3,11,1,WN,N8566Z,2327,11292,DEN,"Denver, CO",12889,LAS,"Las Vegas, NV",0540,0537,0,0,0001-0559,0640,0641,1,0600-0659,0,,120,124,628,3,,,,,,
3,4,1,YV,N956LR,5995,11298,DFW,"Dallas/Fort Worth, TX",12896,LBB,"Lubbock, TX",1905,1904,0,0,1900-1959,2013,2013,0,2000-2059,0,,68,69,282,2,,,,,,
3,19,2,MQ,N619AE,4181,11612,EVV,"Evansville, IN",13930,ORD,"Chicago, IL",1351,1347,0,0,1300-1359,1521,1504,0,1500-1559,0,,90,77,272,2,,,,,,
3,28,4,DL,N596NW,2848,11433,DTW,"Detroit, MI",12892,LAX,"Los Angeles, CA",0833,0831,0,0,0800-0859,1045,1043,0,1000-1059,0,,312,312,1979,8,,,,,,
3,15,5,MQ,N834AE,3849,10185,AEX,"Alexandria, LA",11298,DFW,"Dallas/Fort Worth, TX",0613,0604,0,0,0600-0659,0736,0719,0,0700-0759,0,,83,75,285,2,,,,,,
3,16,6,YV,N89321,6096,12266,IAH,"Houston, TX",13851,OKC,"Oklahoma City, OK",1805,1824,19,1,1800-1859,1934,1946,12,1900-1959,0,,89,82,395,2,,,,,,
3,31,7,AA,N994AN,2524,13303,MIA,"Miami, FL",11298,DFW,"Dallas/Fort Worth, TX",1845,1845,0,0,1800-1859,2107,2056,0,2100-2159,0,,202,191,1121,5,,,,,,
3,18,1,WN,N956WN,725,10693,BNA,"Nashville, TN",13204,MCO,"Orlando, FL",1355,1357,2,0,1300-1359,1645,1641,0,1600-1659,0,,110,104,616,3,,,,,,
3,31,7,G4,303NV,57,10423,AUS,"Austin, TX",12889,LAS,"Las Vegas, NV",1652,1651,0,0,1600-1659,1746,1752,6,1700-1759,0,,174,181,1090,5,,,,,,
3,11,1,WN,N7847A,1728,11042,CLE,"Cleveland, OH",13232,MDW,"Chicago, IL",1100,1121,21,1,1100-1159,1120,1132,12,1100-1159,0,,80,71,307,2,,,,,,
3,6,3,WN,N7717D,855,11042,CLE,"Cleveland, OH",13232,MDW,"Chicago, IL",1110,1114,4,0,1100-1159,1135,1122,0,1100-1159,0,,85,68,307,2,,,,,,
3,2,6,WN,N915WN,6,11618,EWR,"Newark, NJ",11697,FLL,"Fort Lauderdale, FL",0600,1216,376,1,0600-0659,0910,1511,361,0900-0959,0,,190,175,1065,5,361,0,0,0,0,
3,6,3,YX,N636RW,3694,13930,ORD,"Chicago, IL",13198,MCI,"Kansas City, MO",1002,0957,0,0,1000-1059,1143,1132,0,1100-1159,0,,101,95,403,2,,,,,,
3,3,7,YV,N955LR,5998,12951,LFT,"Lafayette, LA",11298,DFW,"Dallas/Fort Worth, TX",1222,1221,0,0,1200-1259,1351,1356,5,1300-1359,0,,89,95,351,2,,,,,,
3,25,1,YV,N910FJ,5925,14262,PSP,"Palm Springs, CA",14107,PHX,"Phoenix, AZ",0921,0915,0,0,0900-0959,1030,1019,0,1000-1059,0,,69,64,261,2,,,,,,
3,5,2,OH,N573NN,5706,11057,CLT,"Charlotte, NC",14307,PVD,"Providence, RI",1500,1615,75,1,1500-1559,1704,1802,58,1700-1759,0,,124,107,683,3,0,0,0,0,58,
3,19,2,OO,N273SY,3736,12953,LGA,"New York, NY",13342,MKE,"Milwaukee, WI",1940,1936,0,0,1900-1959,2122,2050,0,2100-2159,0,,162,134,738,3,,,,,,
3,9,6,G4,220NV,400,15412,TYS,"Knoxville, TN",14761,SFB,"Sanford, FL",1333,1327,0,0,1300-1359,1503,1454,0,1500-1559,0,,90,87,511,3,,,,,,
3,31,7,9E,N605LR,5078,10685,BMI,"Bloomington/Normal, IL",10397,ATL,"Atlanta, GA",0600,0553,0,0,0600-0659,0853,0852,0,0800-0859,0,,113,119,533,3,,,,,,
3,4,1,OH,N595NN,5323,15370,TUL,"Tulsa, OK",11057,CLT,"Charlotte, NC",1352,1351,0,0,1300-1359,1715,1702,0,1700-1759,0,,143,131,842,4,,,,,,
3,7,4,WN,N8665D,729,12264,IAD,"Washington, DC",10397,ATL,"Atlanta, GA",1645,1641,0,0,1600-1659,1840,1829,0,1800-1859,0,,115,108,534,3,,,,,,
3,26,2,WN,N274WN,1958,13796,OAK,"Oakland, CA",10800,BUR,"Burbank, CA",1720,1715,0,0,1700-1759,1830,1816,0,1800-1859,0,,70,61,325,2,,,,,,
3,14,4,AA,N929AN,2571,14100,PHL,"Philadelphia, PA",13303,MIA,"Miami, FL",1530,1527,0,0,1500-1559,1833,1818,0,1800-1859,0,,183,171,1013,5,,,,,,
3,10,7,UA,N436UA,617,12266,IAH,"Houston, TX",12441,JAC,"Jackson, WY",1155,1156,1,0,1100-1159,1427,1415,0,1400-1459,0,,212,199,1265,6,,,,,,
3,6,3,AA,N155UW,2107,12889,LAS,"Las Vegas, NV",12892,LAX,"Los Angeles, CA",1850,1848,0,0,1800-1859,2020,2002,0,2000-2059,0,,90,74,236,1,,,,,,
3,8,5,B6,N203JB,1837,10721,BOS,"Boston, MA",11433,DTW,"Detroit, MI",2041,2040,0,0,2000-2059,2247,2257,10,2200-2259,0,,126,137,632,3,,,,,,
3,5,2,AA,N560UW,1927,14100,PHL,"Philadelphia, PA",12892,LAX,"Los Angeles, CA",2045,2045,0,0,2000-2059,2355,0022,27,2300-2359,0,,370,397,2402,10,0,0,27,0,0,
3,16,6,OO,N785SK,5897,11292,DEN,"Denver, CO",10620,BIL,"Billings, MT",1540,1600,20,1,1500-1559,1719,1736,17,1700-1759,0,,99,96,455,2,0,0,0,0,17,
3,21,4,F9,N322FR,1167,14100,PHL,"Philadelphia, PA",13204,MCO,"Orlando, FL",1800,1751,0,0,1800-1859,2047,2105,18,2000-2059,0,,167,194,861,4,0,0,18,0,0,
3,17,7,WN,N489WN,4685,13296,MHT,"Manchester, NH",10821,BWI,"Baltimore, MD",0620,0612,0,0,0600-0659,0755,0738,0,0700-0759,0,,95,86,377,2,,,,,,
3,6,3,UA,N53441,504,14771,SFO,"San Francisco, CA",12892,LAX,"Los Angeles, CA",0700,0658,0,0,0700-0759,0847,0913,26,0800-0859,0,,107,135,337,2,0,0,26,0,0,
3,28,4,NK,N650NK,261,12889,LAS,"Las Vegas, NV",14679,SAN,"San Diego, CA",1842,1836,0,0,1800-1859,1950,1939,0,1900-1959,0,,68,63,258,2,,,,,,
3,30,6,OO,N952SW,5040,13344,MKG,"Muskegon, MI",13930,ORD,"Chicago, IL",1310,1457,107,1,1300-1359,1319,1457,98,1300-1359,0,,69,60,119,1,0,0,0,0,98,
3,16,6,9E,N582CA,5060,14122,PIT,"Pittsburgh, PA",10721,BOS,"Boston, MA",0800,0750,0,0,0800-0859,0945,0923,0,0900-0959,0,,105,93,496,2,,,,,,
3,22,5,OO,N141SY,5720,12892,LAX,"Los Angeles, CA",15041,SUN,"Sun Valley/Hailey/Ketchum, ID",1245,1240,0,0,1200-1259,1610,1553,0,1600-1659,0,,145,133,696,3,,,,,,
3,13,3,DL,N592NW,1453,13487,MSP,"Minneapolis, MN",14747,SEA,"Seattle, WA",1800,1817,17,1,1800-1859,1949,1931,0,1900-1959,0,,229,194,1399,6,,,,,,
3,20,3,AA,N750UW,2029,10423,AUS,"Austin, TX",14107,PHX,"Phoenix, AZ",1538,1551,13,0,1500-1559,1612,1643,31,1600-1659,0,,154,172,872,4,0,0,18,0,13,
3,29,5,G4,330NV,6,12889,LAS,"Las Vegas, NV",14783,SGF,"Springfield, MO",1608,1608,0,0,1600-1659,2055,2037,0,2000-2059,0,,167,149,1209,5,,,,,,
3,24,7,DL,N879DN,1229,14771,SFO,"San Francisco, CA",14869,SLC,"Salt Lake City, UT",1318,1313,0,0,1300-1359,1612,1546,0,1600-1659,0,,114,93,599,3,,,,,,
3,6,3,EV,N12201,4430,12266,IAH,"Houston, TX",12177,HOB,"Hobbs, NM",1155,1150,0,0,1100-1159,1245,1236,0,1200-1259,0,,110,106,501,3,,,,,,
3,7,4,OO,N928EV,3133,14794,SGU,"St. George, UT",14107,PHX,"Phoenix, AZ",1245,1314,29,1,1200-1259,1358,1421,23,1300-1359,0,,73,67,262,2,0,0,0,0,23,
3,5,2,UA,N15751,2340,14122,PIT,"Pittsburgh, PA",11618,EWR,"Newark, NJ",1710,1814,64,1,1700-1759,1848,1948,60,1800-1859,0,,98,94,319,2,0,0,41,0,19,
3,12,2,9E,N676CA,5256,12478,JFK,"New York, NY",11057,CLT,"Charlotte, NC",1200,1156,0,0,1200-1259,1401,1352,0,1400-1459,0,,121,116,541,3,,,,,,
3,1,5,WN,N7729A,346,10423,AUS,"Austin, TX",11292,DEN,"Denver, CO",1110,1114,4,0,1100-1159,1225,1221,0,1200-1259,0,,135,127,775,4,,,,,,
3,17,7,WN,N792SW,5297,11278,DCA,"Washington, DC",13851,OKC,"Oklahoma City, OK",1500,1501,1,0,1500-1559,1715,1710,0,1700-1759,0,,195,189,1158,5,,,,,,
3,15,5,DL,N711ZX,2197,12892,LAX,"Los Angeles, CA",12478,JFK,"New York, NY",2357,2353,0,0,2300-2359,0825,0810,0,0800-0859,0,,328,317,2475,10,,,,,,
3,21,4,DL,N904DL,828,10994,CHS,"Charleston, SC",10397,ATL,"Atlanta, GA",1247,1244,0,0,1200-1259,1405,1357,0,1400-1459,0,,78,73,259,2,,,,,,
3,27,3,9E,N310PQ,5010,14576,ROC,"Rochester, NY",12953,LGA,"New York, NY",1036,1031,0,0,1000-1059,1200,1151,0,1200-1259,0,,84,80,254,2,,,,,,
3,27,3,AS,N494AS,530,14747,SEA,"Seattle, WA",13891,ONT,"Ontario, CA",0615,0607,0,0,0600-0659,0845,0922,37,0800-0859,0,,150,195,956,4,0,0,37,0,0,
3,29,5,OO,N975SW,5401,15016,STL,"St. Louis, MO",11292,DEN,"Denver, CO",1120,1114,0,0,1100-1159,1249,1249,0,1200-1259,0,,149,155,770,4,,,,,,
3,4,1,9E,N314PQ,3491,11193,CVG,"Cincinnati, OH",12953,LGA,"New York, NY",1320,1315,0,0,1300-1359,1517,1457,0,1500-1559,0,,117,102,585,3,,,,,,
3,1,5,YV,N902FJ,5807,11695,FLG,"Flagstaff, AZ",14107,PHX,"Phoenix, AZ",1429,1423,0,0,1400-1459,1532,1509,0,1500-1559,0,,63,46,119,1,,,,,,
3,14,4,NK,N694NK,939,11292,DEN,"Denver, CO",12889,LAS,"Las Vegas, NV",1350,1348,0,0,1300-1359,1446,1437,0,1400-1459,0,,116,109,628,3,,,,,,
3,8,5,WN,N8541W,2444,14679,SAN,"San Diego, CA",13232,MDW,"Chicago, IL",1030,1105,35,1,1000-1059,1625,1625,0,1600-1659,0,,235,200,1728,7,,,,,,
3,13,3,WN,N7749B,2278,12892,LAX,"Los Angeles, CA",10397,ATL,"Atlanta, GA",0805,0810,5,0,0800-0859,1520,1517,0,1500-1559,0,,255,247,1947,8,,,,,,
3,6,3,AS,N237AK,739,10821,BWI,"Baltimore, MD",12892,LAX,"Los Angeles, CA",0725,0719,0,0,0700-0759,1035,1046,11,1000-1059,0,,370,387,2329,10,,,,,,
3,23,6,MQ,N237NN,3685,13930,ORD,"Chicago, IL",15096,SYR,"Syracuse, NY",1850,1847,0,0,1800-1859,2145,2127,0,2100-2159,0,,115,100,607,3,,,,,,
3,8,5,AA,N837AW,541,15304,TPA,"Tampa, FL",11278,DCA,"Washington, DC",1841,1837,0,0,1800-1859,2100,2110,10,2100-2159,0,,139,153,814,4,,,,,,
3,22,5,OO,N760SK,3283,11057,CLT,"Charlotte, NC",14696,SBN,"South Bend, IN",1114,1112,0,0,1100-1159,1313,1312,0,1300-1359,0,,119,120,534,3,,,,,,
3,20,3,YX,N856RW,3403,11618,EWR,"Newark, NJ",13871,OMA,"Omaha, NE",0559,0558,0,0,0001-0559,0815,0803,0,0800-0859,0,,196,185,1134,5,,,,,,
3,29,5,OH,N563NN,5595,11057,CLT,"Charlotte, NC",13296,MHT,"Manchester, NH",1439,1452,13,0,1400-1459,1650,1654,4,1600-1659,0,,131,122,737,3,,,,,,
3,24,7,YX,N437YX,4396,13303,MIA,"Miami, FL",11624,EYW,"Key West, FL",1200,1153,0,0,1200-1259,1253,1249,0,1200-1259,0,,53,56,125,1,,,,,,
3,23,6,F9,N228FR,775,11292,DEN,"Denver, CO",12889,LAS,"Las Vegas, NV",1405,1357,0,0,1400-1459,1505,1456,0,1500-1559,0,,120,119,628,3,,,,,,
3,27,3,WN,N413WN,1965,14831,SJC,"San Jose, CA",14908,SNA,"Santa Ana, CA",1855,1850,0,0,1800-1859,2010,2004,0,2000-2059,0,,75,74,342,2,,,,,,
3,5,2,AA,N832AW,2142,11278,DCA,"Washington, DC",10721,BOS,"Boston, MA",1230,1305,35,1,1200-1259,1359,1428,29,1300-1359,0,,89,83,399,2,7,0,0,0,22,
3,15,5,AA,N904AN,2584,15304,TPA,"Tampa, FL",13303,MIA,"Miami, FL",1252,1340,48,1,1200-1259,1356,1456,60,1300-1359,0,,64,76,204,1,0,0,12,0,48,
3,24,7,OH,N526EA,5162,12945,LEX,"Lexington, KY",13930,ORD,"Chicago, IL",1009,1048,39,1,1000-1059,1049,1110,21,1000-1059,0,,100,82,323,2,0,0,0,0,21,
3,10,7,MQ,N856AE,3935,11066,CMH,"Columbus, OH",12478,JFK,"New York, NY",1353,1410,17,1,1300-1359,1549,1613,24,1500-1559,0,,116,123,483,2,17,0,7,0,0,
3,23,6,AA,N207UW,645,13830,OGG,"Kahului, HI",14107,PHX,"Phoenix, AZ",2236,2226,0,0,2200-2259,0716,0640,0,0700-0759,0,,340,314,2845,11,,,,,,
3,17,7,DL,N925DN,2345,10397,ATL,"Atlanta, GA",10529,BDL,"Hartford, CT",2133,2136,3,0,2100-2159,2355,2347,0,2300-2359,0,,142,131,859,4,,,,,,
3,25,1,WN,N473WN,799,13296,MHT,"Manchester, NH",10821,BWI,"Baltimore, MD",1250,1247,0,0,1200-1259,1425,1414,0,1400-1459,0,,95,87,377,2,,,,,,
3,20,3,WN,N7735A,28,14843,SJU,"San Juan, PR",12191,HOU,"Houston, TX",0820,0818,0,0,0800-0859,1225,1216,0,1200-1259,0,,305,298,1997,8,,,,,,
3,26,2,WN,,222,12892,LAX,"Los Angeles, CA",10821,BWI,"Baltimore, MD",1135,,,,1100-1159,1935,,,1900-1959,1,A,300,,2329,10,,,,,,
3,28,4,YV,N86336,6295,12266,IAH,"Houston, TX",13851,OKC,"Oklahoma City, OK",1630,1627,0,0,1600-1659,1800,1806,6,1800-1859,0,,90,99,395,2,,,,,,
3,12,2,WN,N296WN,2342,11259,DAL,"Dallas, TX",11057,CLT,"Charlotte, NC",1620,1654,34,1,1600-1659,1940,1955,15,1900-1959,0,,140,121,926,4,13,0,0,0,2,
3,19,2,AS,N516AS,341,11697,FLL,"Fort Lauderdale, FL",14747,SEA,"Seattle, WA",0730,0744,14,0,0700-0759,1125,1101,0,1100-1159,0,,415,377,2717,11,,,,,,
3,18,1,F9,N939FR,751,11292,DEN,"Denver, CO",14107,PHX,"Phoenix, AZ",0900,0853,0,0,0900-0959,0958,0946,0,0900-0959,0,,118,113,602,3,,,,,,
3,8,5,DL,N709TW,1549,12478,JFK,"New York, NY",12889,LAS,"Las Vegas, NV",0830,0825,0,0,0800-0859,1126,1129,3,1100-1159,0,,356,364,2248,9,,,,,,
3,24,7,MQ,N265NN,4053,13930,ORD,"Chicago, IL",11042,CLE,"Cleveland, OH",2025,2022,0,0,2000-2059,2248,2242,0,2200-2259,0,,83,80,316,2,,,,,,
3,7,4,9E,N134EV,5324,10397,ATL,"Atlanta, GA",14098,PHF,"Newport News/Williamsburg, VA",0952,0948,0,0,0900-0959,1141,1122,0,1100-1159,0,,109,94,508,3,,,,,,
3,29,5,HA,N483HA,396,12173,HNL,"Honolulu, HI",13830,OGG,"Kahului, HI",1740,1741,1,0,1700-1759,1820,1819,0,1800-1859,0,,40,38,100,1,,,,,,
3,20,3,WN,N7717D,853,13342,MKE,"Milwaukee, WI",14107,PHX,"Phoenix, AZ",1015,1012,0,0,1000-1059,1205,1145,0,1200-1259,0,,230,213,1460,6,,,,,,
3,27,3,AA,N929NN,2615,11298,DFW,"Dallas/Fort Worth, TX",10849,BZN,"Bozeman, MT",0940,0934,0,0,0900-0959,1152,1149,0,1100-1159,0,,192,195,1163,5,,,,,,
3,25,1,G4,248NV,548,10466,AZA,"Phoenix, AZ",14512,RFD,"Rockford, IL",1436,1417,0,0,1400-1459,1941,1917,0,1900-1959,0,,185,180,1373,6,,,,,,
3,20,3,OO,N804SK,4834,10781,BTR,"Baton Rouge, LA",10397,ATL,"Atlanta, GA",1455,1456,1,0,1400-1459,1720,1728,8,1700-1759,0,,85,92,448,2,,,,,,
3,11,1,AS,N565AS,815,14747,SEA,"Seattle, WA",12982,LIH,"Lihue, HI",1730,1718,0,0,1700-1759,2100,2057,0,2100-2159,0,,390,399,2701,11,,,,,,
3,5,2,WN,N242WN,2203,11278,DCA,"Washington, DC",11697,FLL,"Fort Lauderdale, FL",0630,0624,0,0,0600-0659,0910,0858,0,0900-0959,0,,160,154,899,4,,,,,,
3,15,5,MQ,N237NN,3537,11067,CMI,"Champaign/Urbana, IL",11298,DFW,"Dallas/Fort Worth, TX",1525,1554,29,1,1500-1559,1749,1806,17,1700-1759,0,,144,132,692,3,0,0,0,0,17,
3,8,5,DL,N6703D,1784,13204,MCO,"Orlando, FL",11433,DTW,"Detroit, MI",1009,1003,0,0,1000-1059,1246,1233,0,1200-1259,0,,157,150,957,4,,,,,,
3,7,4,OH,N512AE,5647,11057,CLT,"Charlotte, NC",12217,HSV,"Huntsville, AL",1801,1757,0,0,1800-1859,1832,1821,0,1800-1859,0,,91,84,333,2,,,,,,
3,26,2,WN,N430WN,2520,12191,HOU,"Houston, TX",13232,MDW,"Chicago, IL",1420,1419,0,0,1400-1459,1645,1635,0,1600-1659,0,,145,136,937,4,,,,,,
3,3,7,AS,N263AK,619,12889,LAS,"Las Vegas, NV",14747,SEA,"Seattle, WA",0800,0758,0,0,0800-0859,1040,1051,11,1000-1059,0,,160,173,867,4,,,,,,
3,20,3,WN,N720WN,358,13204,MCO,"Orlando, FL",11066,CMH,"Columbus, OH",1445,1501,16,1,1400-1459,1705,1706,1,1700-1759,0,,140,125,802,4,,,,,,
3,26,2,MQ,N220NN,3984,13486,MSO,"Missoula, MT",11298,DFW,"Dallas/Fort Worth, TX",1341,1405,24,1,1300-1359,1800,1806,6,1800-1859,0,,199,181,1320,6,,,,,,
3,6,3,MQ,N698CB,3677,13303,MIA,"Miami, FL",11042,CLE,"Cleveland, OH",1025,1019,0,0,1000-1059,1329,1331,2,1300-1359,0,,184,192,1080,5,,,,,,
3,8,5,DL,N368DN,2473,10397,ATL,"Atlanta, GA",10721,BOS,"Boston, MA",1815,1812,0,0,1800-1859,2050,2038,0,2000-2059,0,,155,146,946,4,,,,,,
3,5,2,OO,N607SK,3538,10434,AVP,"Scranton/Wilkes-Barre, PA",11433,DTW,"Detroit, MI",1230,1350,80,1,1200-1259,1422,1529,67,1400-1459,0,,112,99,399,2,3,0,0,0,64,
3,12,2,WN,N781WN,1688,10693,BNA,"Nashville, TN",15016,STL,"St. Louis, MO",1605,1644,39,1,1600-1659,1715,1746,31,1700-1759,0,,70,62,272,2,6,0,0,0,25,
3,6,3,OO,N165SY,5631,10561,BFL,"Bakersfield, CA",14771,SFO,"San Francisco, CA",0600,0555,0,0,0600-0659,0717,0714,0,0700-0759,0,,77,79,238,1,,,,,,
3,11,1,B6,N646JB,1165,10721,BOS,"Boston, MA",14635,RSW,"Fort Myers, FL",1942,2003,21,1,1900-1959,2309,2336,27,2300-2359,0,,207,213,1249,5,6,0,6,0,15,
3,6,3,B6,N309JB,1423,11697,FLL,"Fort Lauderdale, FL",13495,MSY,"New Orleans, LA",1012,1036,24,1,1000-1059,1125,1147,22,1100-1159,0,,133,131,674,3,22,0,0,0,0,
3,1,5,WN,N8612K,257,14107,PHX,"Phoenix, AZ",13487,MSP,"Minneapolis, MN",1945,1954,9,0,1900-1959,2350,2337,0,2300-2359,0,,185,163,1276,6,,,,,,
3,28,4,AS,N273AK,11,11618,EWR,"Newark, NJ",14747,SEA,"Seattle, WA",1715,1741,26,1,1700-1759,2035,2036,1,2000-2059,0,,380,355,2402,10,,,,,,
3,31,7,AS,N925VA,1407,12478,JFK,"New York, NY",12892,LAX,"Los Angeles, CA",0930,0929,0,0,0900-0959,1300,1232,0,1300-1359,0,,390,363,2475,10,,,,,,
3,18,1,DL,N980DL,826,14524,RIC,"Richmond, VA",10397,ATL,"Atlanta, GA",1645,1642,0,0,1600-1659,1831,1828,0,1800-1859,0,,106,106,481,2,,,,,,
3,25,1,9E,N138EV,5420,15249,TLH,"Tallahassee, FL",10397,ATL,"Atlanta, GA",1009,1001,0,0,1000-1059,1127,1111,0,1100-1159,0,,78,70,223,1,,,,,,
3,24,7,9E,N326PQ,3464,12953,LGA,"New York, NY",13198,MCI,"Kansas City, MO",1111,1108,0,0,1100-1159,1348,1309,0,1300-1359,0,,217,181,1107,5,,,,,,
3,30,6,DL,N832DN,2518,11433,DTW,"Detroit, MI",13487,MSP,"Minneapolis, MN",1550,1548,0,0,1500-1559,1651,1636,0,1600-1659,0,,121,108,528,3,,,,,,
3,21,4,OO,N601XJ,3842,14869,SLC,"Salt Lake City, UT",12156,HLN,"Helena, MT",1530,1530,0,0,1500-1559,1701,1648,0,1700-1759,0,,91,78,402,2,,,,,,
3,22,5,WN,N8501V,1076,12889,LAS,"Las Vegas, NV",14683,SAT,"San Antonio, TX",0500,0459,0,0,0001-0559,0930,0919,0,0900-0959,0,,150,140,1069,5,,,,,,
3,30,6,G4,272NV,1355,14843,SJU,"San Juan, PR",11193,CVG,"Cincinnati, OH",1804,1804,0,0,1800-1859,2227,2226,0,2200-2259,0,,263,262,1808,8,,,,,,
3,20,3,UA,N456UA,655,12264,IAD,"Washington, DC",10721,BOS,"Boston, MA",1230,1230,0,0,1200-1259,1402,1353,0,1400-1459,0,,92,83,413,2,,,,,,
3,7,4,AS,N548AS,358,14831,SJC,"San Jose, CA",14747,SEA,"Seattle, WA",0735,0718,0,0,0700-0759,0945,1053,68,0900-0959,0,,130,215,696,3,0,0,68,0,0,
3,21,4,AA,N980TW,14,13244,MEM,"Memphis, TN",11298,DFW,"Dallas/Fort Worth, TX",0743,0740,0,0,0700-0759,0939,0928,0,0900-0959,0,,116,108,431,2,,,,,,
3,28,4,OO,N789SK,5339,10372,ASE,"Aspen, CO",11292,DEN,"Denver, CO",1400,1352,0,0,1400-1459,1457,1438,0,1400-1459,0,,57,46,125,1,,,,,,
3,13,3,OO,N471CA,5083,13930,ORD,"Chicago, IL",10431,AVL,"Asheville, NC",0745,0735,0,0,0700-0759,1030,1005,0,1000-1059,0,,105,90,536,3,,,,,,
3,2,6,WN,N7747C,3719,10693,BNA,"Nashville, TN",11278,DCA,"Washington, DC",1845,1840,0,0,1800-1859,2115,2102,0,2100-2159,0,,90,82,562,3,,,,,,
3,17,7,OO,N957SW,5699,11638,FAT,"Fresno, CA",11292,DEN,"Denver, CO",0640,0640,0,0,0600-0659,1008,1003,0,1000-1059,0,,148,143,844,4,,,,,,
3,19,2,B6,N536JB,667,13204,MCO,"Orlando, FL",14254,PSE,"Ponce, PR",2208,2208,0,0,2200-2259,0053,0053,0,0001-0559,0,,165,165,1179,5,,,,,,
3,8,5,OO,N240SY,3574,14869,SLC,"Salt Lake City, UT",14570,RNO,"Reno, NV",1715,1751,36,1,1700-1759,1755,1843,48,1700-1759,0,,100,112,422,2,0,0,12,0,36,
3,22,5,DL,N979DL,1118,14986,SRQ,"Sarasota/Bradenton, FL",10397,ATL,"Atlanta, GA",1240,1239,0,0,1200-1259,1420,1418,0,1400-1459,0,,100,99,444,2,,,,,,
3,7,4,9E,N349PQ,5090,10397,ATL,"Atlanta, GA",14098,PHF,"Newport News/Williamsburg, VA",1510,1555,45,1,1500-1559,1646,1720,34,1600-1659,0,,96,85,508,3,34,0,0,0,0,
3,31,7,DL,N686DA,1412,10397,ATL,"Atlanta, GA",13495,MSY,"New Orleans, LA",1620,1619,0,0,1600-1659,1656,1654,0,1600-1659,0,,96,95,425,2,,,,,,
3,7,4,OO,N8942A,3691,11898,GFK,"Grand Forks, ND",13487,MSP,"Minneapolis, MN",0745,0737,0,0,0700-0759,0913,0909,0,0900-0959,0,,88,92,284,2,,,,,,
3,13,3,UA,N67812,481,12892,LAX,"Los Angeles, CA",14771,SFO,"San Francisco, CA",1800,2016,136,1,1800-1859,1930,2149,139,1900-1959,0,,90,93,337,2,136,0,3,0,0,
3,19,2,DL,N348NW,2322,13487,MSP,"Minneapolis, MN",11278,DCA,"Washington, DC",2020,2015,0,0,2000-2059,2340,2324,0,2300-2359,0,,140,129,931,4,,,,,,
3,31,7,OO,N440SW,3717,11977,GRB,"Green Bay, WI",13487,MSP,"Minneapolis, MN",1134,1123,0,0,1100-1159,1249,1232,0,1200-1259,0,,75,69,252,2,,,,,,
3,21,4,HA,N476HA,126,12173,HNL,"Honolulu, HI",13830,OGG,"Kahului, HI",0610,0605,0,0,0600-0659,0649,0642,0,0600-0659,0,,39,37,100,1,,,,,,
3,27,3,OO,N282SY,3725,14685,SAV,"Savannah, GA",12953,LGA,"New York, NY",0618,0616,0,0,0600-0659,0829,0813,0,0800-0859,0,,131,117,722,3,,,,,,
3,6,3,AA,N931AM,2424,11298,DFW,"Dallas/Fort Worth, TX",12892,LAX,"Los Angeles, CA",0840,0839,0,0,0800-0859,1016,1027,11,1000-1059,0,,216,228,1235,5,,,,,,
3,26,2,UA,N73860,369,13930,ORD,"Chicago, IL",12892,LAX,"Los Angeles, CA",1755,1749,0,0,1700-1759,2025,2016,0,2000-2059,0,,270,267,1744,7,,,,,,
3,11,1,UA,N72405,1121,14747,SEA,"Seattle, WA",12266,IAH,"Houston, TX",0900,0850,0,0,0900-0959,1515,1457,0,1500-1559,0,,255,247,1874,8,,,,,,
3,14,4,OO,N292SY,3815,12953,LGA,"New York, NY",11995,GSO,"Greensboro/High Point, NC",1800,1758,0,0,1800-1859,1955,1938,0,1900-1959,0,,115,100,461,2,,,,,,
3,9,6,DL,N913DL,2004,10397,ATL,"Atlanta, GA",11995,GSO,"Greensboro/High Point, NC",1915,1914,0,0,1900-1959,2030,2020,0,2000-2059,0,,75,66,306,2,,,,,,
3,1,5,OO,N929EV,5338,14771,SFO,"San Francisco, CA",14262,PSP,"Palm Springs, CA",1945,1937,0,0,1900-1959,2120,2104,0,2100-2159,0,,95,87,421,2,,,,,,
3,1,5,AS,N556AS,330,14747,SEA,"Seattle, WA",14831,SJC,"San Jose, CA",1430,1415,0,0,1400-1459,1632,1626,0,1600-1659,0,,122,131,696,3,,,,,,
3,28,4,G4,248NV,583,11986,GRR,"Grand Rapids, MI",10466,AZA,"Phoenix, AZ",2146,2209,23,1,2100-2159,2249,2258,9,2200-2259,0,,243,229,1561,7,,,,,,
3,31,7,DL,N595NW,2771,14635,RSW,"Fort Myers, FL",11433,DTW,"Detroit, MI",1615,1611,0,0,1600-1659,1914,1901,0,1900-1959,0,,179,170,1084,5,,,,,,
3,27,3,DL,N364NB,2032,11278,DCA,"Washington, DC",13487,MSP,"Minneapolis, MN",0830,0822,0,0,0800-0859,1017,1004,0,1000-1059,0,,167,162,931,4,,,,,,
3,10,7,HA,N488HA,355,13830,OGG,"Kahului, HI",12173,HNL,"Honolulu, HI",1725,1725,0,0,1700-1759,1804,1802,0,1800-1859,0,,39,37,100,1,,,,,,
3,16,6,NK,N659NK,235,10158,ACY,"Atlantic City, NJ",11697,FLL,"Fort Lauderdale, FL",1245,1235,0,0,1200-1259,1528,1521,0,1500-1559,0,,163,166,977,4,,,,,,
3,17,7,9E,N801AY,5364,11066,CMH,"Columbus, OH",11433,DTW,"Detroit, MI",1522,1517,0,0,1500-1559,1624,1617,0,1600-1659,0,,62,60,155,1,,,,,,
3,5,2,AA,N825NN,1108,11433,DTW,"Detroit, MI",11298,DFW,"Dallas/Fort Worth, TX",0551,0544,0,0,0001-0559,0800,0732,0,0800-0859,0,,189,168,986,4,,,,,,
3,16,6,WN,N729SW,4403,13232,MDW,"Chicago, IL",11193,CVG,"Cincinnati, OH",0825,0821,0,0,0800-0859,1035,1017,0,1000-1059,0,,70,56,249,1,,,,,,
3,1,5,NK,N627NK,327,10821,BWI,"Baltimore, MD",12266,IAH,"Houston, TX",1230,1232,2,0,1200-1259,1505,1521,16,1500-1559,0,,215,229,1235,5,2,0,14,0,0,
3,6,3,B6,N334JB,159,10721,BOS,"Boston, MA",14100,PHL,"Philadelphia, PA",0608,0600,0,0,0600-0659,0745,0735,0,0700-0759,0,,97,95,280,2,,,,,,
3,2,6,NK,N525NK,536,11697,FLL,"Fort Lauderdale, FL",10397,ATL,"Atlanta, GA",1225,1227,2,0,1200-1259,1424,1416,0,1400-1459,0,,119,109,581,3,,,,,,
3,13,3,9E,N686BR,5090,14098,PHF,"Newport News/Williamsburg, VA",10397,ATL,"Atlanta, GA",1721,2000,159,1,1700-1759,1915,2144,149,1900-1959,0,,114,104,508,3,11,0,0,0,138,
3,4,1,UA,N813UA,2216,11292,DEN,"Denver, CO",13486,MSO,"Missoula, MT",1845,1838,0,0,1800-1859,2104,2039,0,2100-2159,0,,139,121,679,3,,,,,,
3,29,5,UA,N14731,1655,13930,ORD,"Chicago, IL",14570,RNO,"Reno, NV",1955,1950,0,0,1900-1959,2228,2200,0,2200-2259,0,,273,250,1671,7,,,,,,
3,3,7,OO,N755SK,3188,14674,SAF,"Santa Fe, NM",11298,DFW,"Dallas/Fort Worth, TX",1053,1048,0,0,1000-1059,1335,1328,0,1300-1359,0,,102,100,551,3,,,,,,
3,5,2,WN,N8508W,879,10397,ATL,"Atlanta, GA",12889,LAS,"Las Vegas, NV",1940,1939,0,0,1900-1959,2115,2133,18,2100-2159,0,,275,294,1747,7,0,0,18,0,0,
3,30,6,UA,N25705,1860,12266,IAH,"Houston, TX",15016,STL,"St. Louis, MO",1215,1217,2,0,1200-1259,1414,1423,9,1400-1459,0,,119,126,667,3,,,,,,
3,15,5,G4,249NV,543,12278,ICT,"Wichita, KS",10466,AZA,"Phoenix, AZ",1633,1633,0,0,1600-1659,1656,1650,0,1600-1659,0,,143,137,855,4,,,,,,
3,24,7,OO,N919SW,5122,13930,ORD,"Chicago, IL",13184,MBS,"Saginaw/Bay City/Midland, MI",1936,1923,0,0,1900-1959,2148,2120,0,2100-2159,0,,72,57,222,1,,,,,,
3,14,4,EV,N11536,3979,11481,ECP,"Panama City, FL",12266,IAH,"Houston, TX",0645,0636,0,0,0600-0659,0849,0846,0,0800-0859,0,,124,130,572,3,,,,,,
3,1,5,WN,N7818L,2277,14831,SJC,"San Jose, CA",14107,PHX,"Phoenix, AZ",1625,1624,0,0,1600-1659,1915,1905,0,1900-1959,0,,110,101,621,3,,,,,,
3,27,3,WN,N7719A,1190,11292,DEN,"Denver, CO",10423,AUS,"Austin, TX",2105,2101,0,0,2100-2159,0005,2355,0,0001-0559,0,,120,114,775,4,,,,,,
3,18,1,DL,N920DU,418,14107,PHX,"Phoenix, AZ",12478,JFK,"New York, NY",1200,1158,0,0,1200-1259,1949,1940,0,1900-1959,0,,289,282,2153,9,,,,,,
3,14,4,AA,N156UW,1709,11697,FLL,"Fort Lauderdale, FL",11057,CLT,"Charlotte, NC",1716,1741,25,1,1700-1759,1924,1933,9,1900-1959,0,,128,112,632,3,,,,,,
3,29,5,UA,N67812,643,12758,KOA,"Kona, HI",14771,SFO,"San Francisco, CA",1255,1316,21,1,1200-1259,2056,2109,13,2000-2059,0,,301,293,2367,10,,,,,,
3,21,4,EV,N17159,4227,11049,CLL,"College Station/Bryan, TX",12266,IAH,"Houston, TX",1555,1550,0,0,1500-1559,1643,1630,0,1600-1659,0,,48,40,74,1,,,,,,
3,23,6,MQ,N232NN,3825,11298,DFW,"Dallas/Fort Worth, TX",10208,AGS,"Augusta, GA",1221,1223,2,0,1200-1259,1538,1545,7,1500-1559,0,,137,142,874,4,,,,,,
3,8,5,OH,N575NN,5511,13495,MSY,"New Orleans, LA",11278,DCA,"Washington, DC",1103,1059,0,0,1100-1159,1430,1411,0,1400-1459,0,,147,132,969,4,,,,,,
3,5,2,DL,N836DN,2982,10397,ATL,"Atlanta, GA",15016,STL,"St. Louis, MO",1434,1433,0,0,1400-1459,1517,1511,0,1500-1559,0,,103,98,484,2,,,,,,
3,10,7,AA,N562UW,2079,11057,CLT,"Charlotte, NC",14027,PBI,"West Palm Beach/Palm Beach, FL",2210,2217,7,0,2200-2259,2357,2354,0,2300-2359,0,,107,97,590,3,,,,,,
3,22,5,YX,N211JQ,6004,12953,LGA,"New York, NY",13198,MCI,"Kansas City, MO",0805,0803,0,0,0800-0859,1038,1030,0,1000-1059,0,,213,207,1107,5,,,,,,
3,31,7,WN,N497WN,3302,13495,MSY,"New Orleans, LA",13204,MCO,"Orlando, FL",0545,0543,0,0,0001-0559,0825,0814,0,0800-0859,0,,100,91,551,3,,,,,,
3,28,4,WN,N466WN,369,14122,PIT,"Pittsburgh, PA",10397,ATL,"Atlanta, GA",1740,1734,0,0,1700-1759,1925,1906,0,1900-1959,0,,105,92,526,3,,,,,,
3,22,5,F9,N715FR,772,12889,LAS,"Las Vegas, NV",11292,DEN,"Denver, CO",1350,1348,0,0,1300-1359,1655,1716,21,1600-1659,0,,125,148,628,3,0,0,21,0,0,
3,28,4,NK,N628NK,1068,14747,SEA,"Seattle, WA",12889,LAS,"Las Vegas, NV",0600,0556,0,0,0600-0659,0828,0826,0,0800-0859,0,,148,150,867,4,,,,,,
3,11,1,DL,N364NB,1682,12892,LAX,"Los Angeles, CA",10423,AUS,"Austin, TX",1135,1147,12,0,1100-1159,1633,1643,10,1600-1659,0,,178,176,1242,5,,,,,,
3,15,5,YX,N858RW,3453,14122,PIT,"Pittsburgh, PA",11618,EWR,"Newark, NJ",1155,1230,35,1,1100-1159,1337,1429,52,1300-1359,0,,102,119,319,2,0,0,52,0,0,
3,15,5,AA,N884NN,290,10693,BNA,"Nashville, TN",11057,CLT,"Charlotte, NC",0738,0734,0,0,0700-0759,1014,1032,18,1000-1059,0,,96,118,328,2,0,0,18,0,0,
3,8,5,OO,N825SK,3557,10693,BNA,"Nashville, TN",13487,MSP,"Minneapolis, MN",1201,1156,0,0,1200-1259,1421,1409,0,1400-1459,0,,140,133,695,3,,,,,,
3,6,3,YX,N402YX,4704,11278,DCA,"Washington, DC",11066,CMH,"Columbus, OH",1840,1836,0,0,1800-1859,2009,2005,0,2000-2059,0,,89,89,323,2,,,,,,
3,19,2,AA,N956AN,2778,10397,ATL,"Atlanta, GA",11298,DFW,"Dallas/Fort Worth, TX",1005,1000,0,0,1000-1059,1140,1125,0,1100-1159,0,,155,145,731,3,,,,,,
3,20,3,OO,N188SY,3484,10713,BOI,"Boise, ID",14679,SAN,"San Diego, CA",1035,1031,0,0,1000-1059,1155,1152,0,1100-1159,0,,140,141,749,3,,,,,,
3,21,4,WN,N7877H,2343,13204,MCO,"Orlando, FL",13198,MCI,"Kansas City, MO",1130,1136,6,0,1100-1159,1335,1339,4,1300-1359,0,,185,183,1072,5,,,,,,
3,10,7,AA,N110AN,117,12478,JFK,"New York, NY",12892,LAX,"Los Angeles, CA",1515,1510,0,0,1500-1559,1851,1906,15,1800-1859,0,,396,416,2475,10,0,0,15,0,0,
3,6,3,OH,N506AE,5500,15624,VPS,"Valparaiso, FL",11057,CLT,"Charlotte, NC",1427,1426,0,0,1400-1459,1710,1700,0,1700-1759,0,,103,94,460,2,,,,,,
3,2,6,DL,N308DE,1413,10397,ATL,"Atlanta, GA",11624,EYW,"Key West, FL",1255,1250,0,0,1200-1259,1446,1442,0,1400-1459,0,,111,112,646,3,,,,,,
3,15,5,MQ,N532EA,3886,13930,ORD,"Chicago, IL",13459,MQT,"Marquette, MI",1825,1823,0,0,1800-1859,2042,2044,2,2000-2059,0,,77,81,303,2,,,,,,
3,21,4,EV,N16541,4432,12896,LBB,"Lubbock, TX",12266,IAH,"Houston, TX",0710,0702,0,0,0700-0759,0850,0841,0,0800-0859,0,,100,99,458,2,,,,,,
3,8,5,YV,N86309,6040,12266,IAH,"Houston, TX",13851,OKC,"Oklahoma City, OK",0945,0942,0,0,0900-0959,1115,1107,0,1100-1159,0,,90,85,395,2,,,,,,
3,1,5,WN,N8584Z,2327,14057,PDX,"Portland, OR",14679,SAN,"San Diego, CA",1115,1113,0,0,1100-1159,1335,1338,3,1300-1359,0,,140,145,933,4,,,,,,
3,4,1,NK,N628NK,722,13204,MCO,"Orlando, FL",14122,PIT,"Pittsburgh, PA",0945,1044,59,1,0900-0959,1206,1252,46,1200-1259,0,,141,128,834,4,0,0,0,0,46,
3,20,3,YV,N89321,6222,11298,DFW,"Dallas/Fort Worth, TX",12266,IAH,"Houston, TX",1855,1854,0,0,1800-1859,2019,2018,0,2000-2059,0,,84,84,224,1,,,,,,
3,10,7,OH,N593NN,5425,11057,CLT,"Charlotte, NC",12323,ILM,"Wilmington, NC",1816,1837,21,1,1800-1859,1923,1923,0,1900-1959,0,,67,46,185,1,,,,,,
3,30,6,UA,N77295,1783,11618,EWR,"Newark, NJ",15304,TPA,"Tampa, FL",1515,1509,0,0,1500-1559,1816,1758,0,1800-1859,0,,181,169,997,4,,,,,,
3,1,5,DL,N325NB,428,13487,MSP,"Minneapolis, MN",10423,AUS,"Austin, TX",0910,0930,20,1,0900-0959,1218,1230,12,1200-1259,0,,188,180,1042,5,,,,,,
3,7,4,UA,N401UA,1199,12264,IAD,"Washington, DC",11618,EWR,"Newark, NJ",1655,1659,4,0,1600-1659,1827,1819,0,1800-1859,0,,92,80,212,1,,,,,,
3,3,7,MQ,N807AE,3693,14321,PWM,"Portland, ME",12953,LGA,"New York, NY",1809,,,,1800-1859,1940,,,1900-1959,1,B,91,,269,2,,,,,,
3,12,2,WN,N740SW,3044,11278,DCA,"Washington, DC",11259,DAL,"Dallas, TX",0635,0634,0,0,0600-0659,0855,0857,2,0800-0859,0,,200,203,1184,5,,,,,,
3,18,1,DL,N911DA,1320,10397,ATL,"Atlanta, GA",10693,BNA,"Nashville, TN",1355,1359,4,0,1300-1359,1404,1356,0,1400-1459,0,,69,57,214,1,,,,,,
3,17,7,9E,N299PQ,5295,11953,GNV,"Gainesville, FL",10397,ATL,"Atlanta, GA",1006,1004,0,0,1000-1059,1130,1118,0,1100-1159,0,,84,74,300,2,,,,,,
3,4,1,AA,N703UW,2176,11995,GSO,"Greensboro/High Point, NC",11057,CLT,"Charlotte, NC",1300,1414,74,1,1300-1359,1401,1511,70,1400-1459,0,,61,57,83,1,0,0,0,0,70,
3,11,1,OH,N590NN,5178,11996,GSP,"Greer, SC",11057,CLT,"Charlotte, NC",1111,1107,0,0,1100-1159,1220,1205,0,1200-1259,0,,69,58,75,1,,,,,,
3,22,5,OO,N810SK,3675,11433,DTW,"Detroit, MI",12266,IAH,"Houston, TX",0836,0836,0,0,0800-0859,1057,1021,0,1000-1059,0,,201,165,1075,5,,,,,,
3,13,3,F9,N233FR,810,11697,FLL,"Fort Lauderdale, FL",15356,TTN,"Trenton, NJ",1505,1455,0,0,1500-1559,1800,1748,0,1800-1859,0,,175,173,1026,5,,,,,,
3,10,7,WN,N552WN,1422,14122,PIT,"Pittsburgh, PA",13232,MDW,"Chicago, IL",0710,0706,0,0,0700-0759,0750,0743,0,0700-0759,0,,100,97,402,2,,,,,,
3,26,2,AA,N909AM,1229,11298,DFW,"Dallas/Fort Worth, TX",14679,SAN,"San Diego, CA",1212,1220,8,0,1200-1259,1318,1315,0,1300-1359,0,,186,175,1171,5,,,,,,
3,8,5,NK,N535NK,1078,11697,FLL,"Fort Lauderdale, FL",10397,ATL,"Atlanta, GA",1809,1809,0,0,1800-1859,2010,1959,0,2000-2059,0,,121,110,581,3,,,,,,
3,27,3,WN,N8640D,2396,13198,MCI,"Kansas City, MO",10821,BWI,"Baltimore, MD",0640,0639,0,0,0600-0659,1000,0955,0,1000-1059,0,,140,136,967,4,,,,,,
3,22,5,UA,N676UA,748,12266,IAH,"Houston, TX",11618,EWR,"Newark, NJ",1215,1332,77,1,1200-1259,1647,1808,81,1600-1659,0,,212,216,1400,6,0,0,81,0,0,
3,4,1,NK,N641NK,178,15304,TPA,"Tampa, FL",11042,CLE,"Cleveland, OH",1451,1506,15,1,1400-1459,1726,1732,6,1700-1759,0,,155,146,927,4,,,,,,
3,24,7,NK,N619NK,336,13204,MCO,"Orlando, FL",11433,DTW,"Detroit, MI",0710,0706,0,0,0700-0759,0954,0947,0,0900-0959,0,,164,161,957,4,,,,,,
3,27,3,AA,N913NN,1578,11298,DFW,"Dallas/Fort Worth, TX",13487,MSP,"Minneapolis, MN",1639,1634,0,0,1600-1659,1901,1911,10,1900-1959,0,,142,157,852,4,,,,,,
3,8,5,9E,N913XJ,5315,11057,CLT,"Charlotte, NC",12953,LGA,"New York, NY",1045,1039,0,0,1000-1059,1246,1240,0,1200-1259,0,,121,121,544,3,,,,,,
3,2,6,OH,N580NN,5424,11057,CLT,"Charlotte, NC",11433,DTW,"Detroit, MI",1302,1301,0,0,1300-1359,1500,1447,0,1500-1559,0,,118,106,500,3,,,,,,
3,21,4,DL,N333NW,848,12953,LGA,"New York, NY",11433,DTW,"Detroit, MI",0600,0550,0,0,0600-0659,0759,0737,0,0700-0759,0,,119,107,502,3,,,,,,
3,26,2,YV,N932LR,5952,14107,PHX,"Phoenix, AZ",14570,RNO,"Reno, NV",0720,0715,0,0,0700-0759,0920,0909,0,0900-0959,0,,120,114,601,3,,,,,,
3,18,1,DL,N310DN,2057,13487,MSP,"Minneapolis, MN",15304,TPA,"Tampa, FL",1310,1308,0,0,1300-1359,1722,1707,0,1700-1759,0,,192,179,1306,6,,,,,,
3,15,5,OH,N554NN,5045,13931,ORF,"Norfolk, VA",11057,CLT,"Charlotte, NC",0907,0903,0,0,0900-0959,1044,1037,0,1000-1059,0,,97,94,290,2,,,,,,
3,26,2,OO,N139SY,5900,14771,SFO,"San Francisco, CA",14570,RNO,"Reno, NV",0635,0626,0,0,0600-0659,0749,0718,0,0700-0759,0,,74,52,192,1,,,,,,
3,20,3,WN,N8616C,701,12191,HOU,"Houston, TX",11292,DEN,"Denver, CO",1420,1428,8,0,1400-1459,1550,1544,0,1500-1559,0,,150,136,883,4,,,,,,
3,8,5,B6,N627JB,1171,12953,LGA,"New York, NY",11697,FLL,"Fort Lauderdale, FL",1445,1444,0,0,1400-1459,1803,1744,0,1800-1859,0,,198,180,1076,5,,,,,,
3,7,4,NK,N644NK,1808,13495,MSY,"New Orleans, LA",11433,DTW,"Detroit, MI",1920,1930,10,0,1900-1959,2256,2254,0,2200-2259,0,,156,144,926,4,,,,,,
3,1,5,WN,N264LV,167,14908,SNA,"Santa Ana, CA",14831,SJC,"San Jose, CA",1705,1706,1,0,1700-1759,1825,1830,5,1800-1859,0,,80,84,342,2,,,,,,
3,9,6,9E,N607LR,5508,10721,BOS,"Boston, MA",14524,RIC,"Richmond, VA",1445,1440,0,0,1400-1459,1633,1630,0,1600-1659,0,,108,110,474,2,,,,,,
3,15,5,UA,N842UA,2225,10423,AUS,"Austin, TX",13930,ORD,"Chicago, IL",1732,1728,0,0,1700-1759,2019,2000,0,2000-2059,0,,167,152,977,4,,,,,,
3,12,2,OH,N599NN,5209,11193,CVG,"Cincinnati, OH",11057,CLT,"Charlotte, NC",0927,0926,0,0,0900-0959,1111,1056,0,1100-1159,0,,104,90,335,2,,,,,,
3,15,5,OO,N791SK,5211,10372,ASE,"Aspen, CO",12266,IAH,"Houston, TX",1340,1400,20,1,1300-1359,1711,1725,14,1700-1759,0,,151,145,913,4,,,,,,
3,14,4,DL,N312US,1981,12953,LGA,"New York, NY",13487,MSP,"Minneapolis, MN",0603,0556,0,0,0600-0659,0815,0754,0,0800-0859,0,,192,178,1020,5,,,,,,
3,28,4,OO,N928SW,5159,11292,DEN,"Denver, CO",14237,PRC,"Prescott, AZ",1325,1311,0,0,1300-1359,1423,1410,0,1400-1459,0,,118,119,557,3,,,,,,
3,13,3,WN,N931WN,2034,15016,STL,"St. Louis, MO",12191,HOU,"Houston, TX",2145,2146,1,0,2100-2159,2350,2350,0,2300-2359,0,,125,124,687,3,,,,,,
3,17,7,DL,N823DN,769,10397,ATL,"Atlanta, GA",14771,SFO,"San Francisco, CA",1459,1459,0,0,1400-1459,1721,1656,0,1700-1759,0,,322,297,2139,9,,,,,,
3,11,1,OO,N247SY,3580,14570,RNO,"Reno, NV",14869,SLC,"Salt Lake City, UT",1706,1738,32,1,1700-1759,1937,2015,38,1900-1959,0,,91,97,422,2,0,0,6,0,32,
3,24,7,UA,N57869,2395,13930,ORD,"Chicago, IL",12889,LAS,"Las Vegas, NV",0810,0803,0,0,0800-0859,1003,0956,0,1000-1059,0,,233,233,1514,7,,,,,,
3,14,4,AA,N762US,1936,14321,PWM,"Portland, ME",14100,PHL,"Philadelphia, PA",1745,1827,42,1,1700-1759,1932,2010,38,1900-1959,0,,107,103,364,2,2,0,0,0,36,
3,5,2,AA,N305NX,2793,13303,MIA,"Miami, FL",11292,DEN,"Denver, CO",1955,2012,17,1,1900-1959,2234,2259,25,2200-2259,0,,279,287,1709,7,17,0,8,0,0,
3,1,5,WN,N497WN,664,11259,DAL,"Dallas, TX",12896,LBB,"Lubbock, TX",1735,1736,1,0,1700-1759,1845,1844,0,1800-1859,0,,70,68,293,2,,,,,,
3,14,4,WN,N7880D,2282,12339,IND,"Indianapolis, IN",15304,TPA,"Tampa, FL",0525,0520,0,0,0001-0559,0740,0721,0,0700-0759,0,,135,121,837,4,,,,,,
3,16,6,OO,N910SW,5080,12899,LBF,"North Platte, NE",11292,DEN,"Denver, CO",0640,0628,0,0,0600-0659,0648,0639,0,0600-0659,0,,68,71,228,1,,,,,,
3,27,3,YX,N722YX,3540,12266,IAH,"Houston, TX",14492,RDU,"Raleigh/Durham, NC",0725,0721,0,0,0700-0759,1107,1101,0,1100-1159,0,,162,160,1042,5,,,,,,
3,31,7,9E,N398CA,5443,10397,ATL,"Atlanta, GA",10135,ABE,"Allentown/Bethlehem/Easton, PA",1515,1655,100,1,1500-1559,1719,1847,88,1700-1759,0,,124,112,692,3,66,0,0,0,22,
3,2,6,AS,N835VA,1905,12889,LAS,"Las Vegas, NV",14771,SFO,"San Francisco, CA",1315,1304,0,0,1300-1359,1455,1443,0,1400-1459,0,,100,99,414,2,,,,,,
3,28,4,YX,N106HQ,4656,10868,CAE,"Columbia, SC",11057,CLT,"Charlotte, NC",1253,1301,8,0,1200-1259,1401,1354,0,1400-1459,0,,68,53,88,1,,,,,,
3,16,6,DL,N920AT,2331,10397,ATL,"Atlanta, GA",11481,ECP,"Panama City, FL",1106,1117,11,0,1100-1159,1114,1119,5,1100-1159,0,,68,62,240,1,,,,,,
3,6,3,AA,N885NN,2825,14262,PSP,"Palm Springs, CA",11298,DFW,"Dallas/Fort Worth, TX",1445,1443,0,0,1400-1459,1935,1919,0,1900-1959,0,,170,156,1126,5,,,,,,
3,3,7,AA,N973NN,1320,11057,CLT,"Charlotte, NC",10721,BOS,"Boston, MA",0950,0956,6,0,0900-0959,1212,1207,0,1200-1259,0,,142,131,728,3,,,,,,
3,10,7,AA,N833AW,2061,15016,STL,"St. Louis, MO",11298,DFW,"Dallas/Fort Worth, TX",1906,1858,0,0,1900-1959,2106,2048,0,2100-2159,0,,120,110,550,3,,,,,,
3,9,6,NK,N647NK,676,11697,FLL,"Fort Lauderdale, FL",13204,MCO,"Orlando, FL",2159,2156,0,0,2100-2159,2304,2255,0,2300-2359,0,,65,59,177,1,,,,,,
3,5,2,WN,N400WN,1504,14771,SFO,"San Francisco, CA",10800,BUR,"Burbank, CA",0815,0809,0,0,0800-0859,0940,0914,0,0900-0959,0,,85,65,326,2,,,,,,
3,17,7,OO,N460SW,3809,13487,MSP,"Minneapolis, MN",11003,CID,"Cedar Rapids/Iowa City, IA",1555,1550,0,0,1500-1559,1713,1652,0,1700-1759,0,,78,62,220,1,,,,,,
3,31,7,9E,N8936A,5346,10397,ATL,"Atlanta, GA",14814,SHV,"Shreveport, LA",1527,1639,72,1,1500-1559,1624,1734,70,1600-1659,0,,117,115,551,3,0,0,0,0,70,
3,10,7,9E,N840AY,3379,12478,JFK,"New York, NY",14524,RIC,"Richmond, VA",0942,0935,0,0,0900-0959,1120,1149,29,1100-1159,0,,98,134,288,2,0,0,29,0,0,
3,20,3,WN,N8579Z,1511,13796,OAK,"Oakland, CA",13232,MDW,"Chicago, IL",0620,0639,19,1,0600-0659,1230,1253,23,1200-1259,0,,250,254,1844,8,19,0,4,0,0,
3,17,7,OH,N262PS,5309,11278,DCA,"Washington, DC",10980,CHA,"Chattanooga, TN",1001,0949,0,0,1000-1059,1154,1135,0,1100-1159,0,,113,106,523,3,,,,,,
3,19,2,WN,N740SW,1256,11697,FLL,"Fort Lauderdale, FL",12191,HOU,"Houston, TX",0800,0759,0,0,0800-0859,1000,0940,0,1000-1059,0,,180,161,957,4,,,,,,
3,6,3,MQ,N616AE,3737,13930,ORD,"Chicago, IL",10685,BMI,"Bloomington/Normal, IL",2200,2155,0,0,2200-2259,2248,2247,0,2200-2259,0,,48,52,116,1,,,,,,
3,5,2,UA,N69813,538,11618,EWR,"Newark, NJ",13495,MSY,"New Orleans, LA",2030,2024,0,0,2000-2059,2246,2235,0,2200-2259,0,,196,191,1167,5,,,,,,
3,2,6,WN,N440LV,2715,10529,BDL,"Hartford, CT",13204,MCO,"Orlando, FL",1725,1741,16,1,1700-1759,2025,2024,0,2000-2059,0,,180,163,1050,5,,,,,,
3,9,6,HA,N483HA,124,12982,LIH,"Lihue, HI",12173,HNL,"Honolulu, HI",0720,0710,0,0,0700-0759,0754,0746,0,0700-0759,0,,34,36,102,1,,,,,,
3,24,7,AA,N126UW,1692,11057,CLT,"Charlotte, NC",14122,PIT,"Pittsburgh, PA",1859,1921,22,1,1800-1859,2020,2036,16,2000-2059,0,,81,75,366,2,0,0,0,0,16,
3,6,3,AA,N806AW,1689,14107,PHX,"Phoenix, AZ",14122,PIT,"Pittsburgh, PA",1624,1618,0,0,1600-1659,2216,2158,0,2200-2259,0,,232,220,1814,8,,,,,,
3,22,5,OH,N237PS,5313,10868,CAE,"Columbia, SC",11278,DCA,"Washington, DC",1934,2024,50,1,1900-1959,2106,2146,40,2100-2159,0,,92,82,408,2,1,0,0,0,39,
3,30,6,DL,N679DA,2630,10397,ATL,"Atlanta, GA",15304,TPA,"Tampa, FL",1933,1928,0,0,1900-1959,2059,2057,0,2000-2059,0,,86,89,406,2,,,,,,
3,21,4,WN,N794SW,2092,11292,DEN,"Denver, CO",13851,OKC,"Oklahoma City, OK",1600,1641,41,1,1600-1659,1830,1906,36,1800-1859,0,,90,85,495,2,36,0,0,0,0,
3,29,5,AS,N481AS,693,14057,PDX,"Portland, OR",14747,SEA,"Seattle, WA",2200,2149,0,0,2200-2259,2255,2242,0,2200-2259,0,,55,53,129,1,,,,,,
3,12,2,AA,N972AN,111,12339,IND,"Indianapolis, IN",11057,CLT,"Charlotte, NC",0622,0609,0,0,0600-0659,0809,0800,0,0800-0859,0,,107,111,427,2,,,,,,
3,13,3,DL,N589NW,2299,11697,FLL,"Fort Lauderdale, FL",13487,MSP,"Minneapolis, MN",1544,1545,1,0,1500-1559,1845,1831,0,1800-1859,0,,241,226,1487,6,,,,,,
3,2,6,EV,N12564,4217,12266,IAH,"Houston, TX",11140,CRP,"Corpus Christi, TX",1620,1620,0,0,1600-1659,1725,1735,10,1700-1759,0,,65,75,201,1,,,,,,
3,28,4,YX,N736YX,3598,11986,GRR,"Grand Rapids, MI",11618,EWR,"Newark, NJ",0557,0548,0,0,0001-0559,0758,0741,0,0700-0759,0,,121,113,605,3,,,,,,
3,22,5,WN,N950WN,418,14747,SEA,"Seattle, WA",14893,SMF,"Sacramento, CA",2115,2155,40,1,2100-2159,2305,2338,33,2300-2359,0,,110,103,605,3,8,0,0,0,25,
3,28,4,MQ,N807AE,3606,14960,SPS,"Wichita Falls, TX",11298,DFW,"Dallas/Fort Worth, TX",1705,1704,0,0,1700-1759,1755,1756,1,1700-1759,0,,50,52,113,1,,,,,,
3,6,3,OH,N587NN,5214,11057,CLT,"Charlotte, NC",11996,GSP,"Greer, SC",1118,1116,0,0,1100-1159,1206,1153,0,1200-1259,0,,48,37,75,1,,,,,,
3,22,5,AA,N535UW,1805,11057,CLT,"Charlotte, NC",11292,DEN,"Denver, CO",2226,2233,7,0,2200-2259,0006,0014,8,0001-0559,0,,220,221,1337,6,,,,,,
3,17,7,OO,N142SY,5359,10713,BOI,"Boise, ID",14771,SFO,"San Francisco, CA",1400,1355,0,0,1400-1459,1458,1437,0,1400-1459,0,,118,102,522,3,,,,,,
3,5,2,WN,N239WN,1006,12889,LAS,"Las Vegas, NV",10140,ABQ,"Albuquerque, NM",1420,1416,0,0,1400-1459,1655,1643,0,1600-1659,0,,95,87,486,2,,,,,,
3,24,7,AS,N835VA,1241,13930,ORD,"Chicago, IL",12892,LAX,"Los Angeles, CA",1925,1919,0,0,1900-1959,2205,2130,0,2200-2259,0,,280,251,1744,7,,,,,,
3,15,5,G4,319NV,383,15376,TUS,"Tucson, AZ",14314,PVU,"Provo, UT",1300,1246,0,0,1300-1359,1540,1516,0,1500-1559,0,,100,90,560,3,,,,,,
3,13,3,9E,N923XJ,5054,11298,DFW,"Dallas/Fort Worth, TX",11193,CVG,"Cincinnati, OH",1559,1556,0,0,1500-1559,1904,1908,4,1900-1959,0,,125,132,812,4,,,,,,
3,2,6,OO,N162PQ,3689,13487,MSP,"Minneapolis, MN",12266,IAH,"Houston, TX",1515,1519,4,0,1500-1559,1818,1843,25,1800-1859,0,,183,204,1034,5,4,0,21,0,0,
3,19,2,UA,N36469,447,12892,LAX,"Los Angeles, CA",14771,SFO,"San Francisco, CA",1200,1156,0,0,1200-1259,1336,1316,0,1300-1359,0,,96,80,337,2,,,,,,
3,7,4,UA,N37464,352,12264,IAD,"Washington, DC",10721,BOS,"Boston, MA",2230,2229,0,0,2200-2259,2359,2350,0,2300-2359,0,,89,81,413,2,,,,,,
3,21,4,MQ,N653AE,3443,13290,MHK,"Manhattan/Ft. Riley, KS",13930,ORD,"Chicago, IL",0533,0829,176,1,0001-0559,0720,1036,196,0700-0759,0,,107,127,501,3,176,0,20,0,0,
3,14,4,AA,N738US,1746,12953,LGA,"New York, NY",11057,CLT,"Charlotte, NC",0836,0829,0,0,0800-0859,1049,1023,0,1000-1059,0,,133,114,544,3,,,,,,
3,17,7,B6,N937JB,578,14771,SFO,"San Francisco, CA",11697,FLL,"Fort Lauderdale, FL",0939,0935,0,0,0900-0959,1805,1751,0,1800-1859,0,,326,316,2584,11,,,,,,
3,26,2,WN,N295WN,752,14635,RSW,"Fort Myers, FL",13232,MDW,"Chicago, IL",1525,1520,0,0,1500-1559,1725,1706,0,1700-1759,0,,180,166,1105,5,,,,,,
3,28,4,DL,N987DN,2331,11481,ECP,"Panama City, FL",10397,ATL,"Atlanta, GA",1154,1149,0,0,1100-1159,1415,1410,0,1400-1459,0,,81,81,240,1,,,,,,
3,14,4,EV,N12563,4141,12266,IAH,"Houston, TX",10279,AMA,"Amarillo, TX",1445,1441,0,0,1400-1459,1634,1638,4,1600-1659,0,,109,117,517,3,,,,,,
3,20,3,AA,N710UW,1649,11278,DCA,"Washington, DC",13204,MCO,"Orlando, FL",1743,1737,0,0,1700-1759,2012,2000,0,2000-2059,0,,149,143,759,4,,,,,,
3,16,6,DL,N916DE,754,10821,BWI,"Baltimore, MD",10397,ATL,"Atlanta, GA",1044,1036,0,0,1000-1059,1238,1226,0,1200-1259,0,,114,110,577,3,,,,,,
3,3,7,WN,N8637A,4442,12892,LAX,"Los Angeles, CA",14831,SJC,"San Jose, CA",0925,0924,0,0,0900-0959,1045,1037,0,1000-1059,0,,80,73,308,2,,,,,,
3,31,7,WN,N7851A,2767,13204,MCO,"Orlando, FL",13871,OMA,"Omaha, NE",1005,1003,0,0,1000-1059,1220,1227,7,1200-1259,0,,195,204,1211,5,,,,,,
3,26,2,UA,N87527,754,13487,MSP,"Minneapolis, MN",13930,ORD,"Chicago, IL",0730,0722,0,0,0700-0759,0902,0858,0,0900-0959,0,,92,96,334,2,,,,,,
3,29,5,HA,N487HA,216,12173,HNL,"Honolulu, HI",13830,OGG,"Kahului, HI",1004,1001,0,0,1000-1059,1047,1042,0,1000-1059,0,,43,41,100,1,,,,,,
3,29,5,MQ,N834AE,3667,11067,CMI,"Champaign/Urbana, IL",11298,DFW,"Dallas/Fort Worth, TX",0706,0728,22,1,0700-0759,0934,0958,24,0900-0959,0,,148,150,692,3,22,0,2,0,0,
3,23,6,YX,N858RW,3746,12206,HRL,"Harlingen/San Benito, TX",12266,IAH,"Houston, TX",1605,1601,0,0,1600-1659,1723,1741,18,1700-1759,0,,78,100,295,2,0,0,18,0,0,
3,20,3,DL,N923AT,1932,13577,MYR,"Myrtle Beach, SC",10397,ATL,"Atlanta, GA",1445,1437,0,0,1400-1459,1611,1557,0,1600-1659,0,,86,80,317,2,,,,,,
3,15,5,DL,N918DU,1161,10397,ATL,"Atlanta, GA",15304,TPA,"Tampa, FL",0825,0820,0,0,0800-0859,0952,0939,0,0900-0959,0,,87,79,406,2,,,,,,
3,28,4,AA,N947UW,2085,14100,PHL,"Philadelphia, PA",11278,DCA,"Washington, DC",1635,1629,0,0,1600-1659,1744,1719,0,1700-1759,0,,69,50,119,1,,,,,,
3,3,7,OO,N762SK,3248,11298,DFW,"Dallas/Fort Worth, TX",13290,MHK,"Manhattan/Ft. Riley, KS",2041,2037,0,0,2000-2059,2219,2207,0,2200-2259,0,,98,90,431,2,,,,,,
3,12,2,WN,N562WN,1506,14893,SMF,"Sacramento, CA",14747,SEA,"Seattle, WA",1435,1508,33,1,1400-1459,1630,1713,43,1600-1659,0,,115,125,605,3,0,28,10,0,5,
3,30,6,UA,N68823,2254,14635,RSW,"Fort Myers, FL",13930,ORD,"Chicago, IL",0800,0753,0,0,0800-0859,1009,0937,0,1000-1059,0,,189,164,1120,5,,,,,,
3,18,1,AA,N994AN,1611,11298,DFW,"Dallas/Fort Worth, TX",14679,SAN,"San Diego, CA",0655,0652,0,0,0600-0659,0803,0755,0,0800-0859,0,,188,183,1171,5,,,,,,
3,16,6,AS,N251AK,773,11618,EWR,"Newark, NJ",14679,SAN,"San Diego, CA",1630,1628,0,0,1600-1659,1940,1923,0,1900-1959,0,,370,355,2425,10,,,,,,
3,23,6,WN,N498WN,5408,10693,BNA,"Nashville, TN",13495,MSY,"New Orleans, LA",0820,0816,0,0,0800-0859,0955,0944,0,0900-0959,0,,95,88,471,2,,,,,,
3,6,3,UA,N17245,1418,11697,FLL,"Fort Lauderdale, FL",13930,ORD,"Chicago, IL",0809,0806,0,0,0800-0859,1024,1023,0,1000-1059,0,,195,197,1182,5,,,,,,
3,2,6,DL,N104DU,1176,11298,DFW,"Dallas/Fort Worth, TX",12953,LGA,"New York, NY",1444,1454,10,0,1400-1459,1905,1905,0,1900-1959,0,,201,191,1389,6,,,,,,
3,7,4,DL,N593NW,1280,14635,RSW,"Fort Myers, FL",13487,MSP,"Minneapolis, MN",1835,1830,0,0,1800-1859,2116,2107,0,2100-2159,0,,221,217,1416,6,,,,,,
3,14,4,DL,N360DN,2213,10423,AUS,"Austin, TX",10397,ATL,"Atlanta, GA",1235,1234,0,0,1200-1259,1543,1551,8,1500-1559,0,,128,137,813,4,,,,,,
3,15,5,OO,N200SY,5614,12892,LAX,"Los Angeles, CA",11298,DFW,"Dallas/Fort Worth, TX",0832,0825,0,0,0800-0859,1348,1401,13,1300-1359,0,,196,216,1235,5,,,,,,
3,22,5,AS,N846VA,1792,14771,SFO,"San Francisco, CA",14747,SEA,"Seattle, WA",1620,1614,0,0,1600-1659,1835,1839,4,1800-1859,0,,135,145,679,3,,,,,,
3,12,2,DL,N907DE,767,10397,ATL,"Atlanta, GA",12339,IND,"Indianapolis, IN",0857,0853,0,0,0800-0859,1025,1022,0,1000-1059,0,,88,89,432,2,,,,,,
3,2,6,EV,N14907,4264,12266,IAH,"Houston, TX",12915,LCH,"Lake Charles, LA",1020,1014,0,0,1000-1059,1114,1131,17,1100-1159,0,,54,77,127,1,0,0,17,0,0,
3,6,3,DL,N359NB,1172,14869,SLC,"Salt Lake City, UT",13930,ORD,"Chicago, IL",0820,0858,38,1,0800-0859,1229,1253,24,1200-1259,0,,189,175,1250,6,0,0,0,0,24,
3,4,1,YX,N727YX,3409,11433,DTW,"Detroit, MI",11618,EWR,"Newark, NJ",1205,1210,5,0,1200-1259,1401,1401,0,1400-1459,0,,116,111,488,2,,,,,,
3,2,6,MQ,N694AE,3648,13930,ORD,"Chicago, IL",11823,FWA,"Fort Wayne, IN",1915,1913,0,0,1900-1959,2113,2102,0,2100-2159,0,,58,49,157,1,,,,,,
3,16,6,DL,N343NB,2450,13487,MSP,"Minneapolis, MN",10721,BOS,"Boston, MA",1945,1941,0,0,1900-1959,2327,2305,0,2300-2359,0,,162,144,1124,5,,,,,,
3,9,6,YX,N729YX,3486,12339,IND,"Indianapolis, IN",13930,ORD,"Chicago, IL",0645,0642,0,0,0600-0659,0658,0651,0,0600-0659,0,,73,69,177,1,,,,,,
3,29,5,AA,N159AN,1153,14107,PHX,"Phoenix, AZ",11298,DFW,"Dallas/Fort Worth, TX",0520,0513,0,0,0001-0559,0940,0939,0,0900-0959,0,,140,146,868,4,,,,,,
3,11,1,HA,N379HA,1,12892,LAX,"Los Angeles, CA",12173,HNL,"Honolulu, HI",0700,0655,0,0,0700-0759,1010,0934,0,1000-1059,0,,370,339,2556,11,,,,,,
3,3,7,AA,N661AW,546,14570,RNO,"Reno, NV",14107,PHX,"Phoenix, AZ",1240,1238,0,0,1200-1259,1528,1531,3,1500-1559,0,,108,113,601,3,,,,,,
3,27,3,DL,N3742C,2372,13487,MSP,"Minneapolis, MN",13495,MSY,"New Orleans, LA",1015,1008,0,0,1000-1059,1302,1233,0,1300-1359,0,,167,145,1039,5,,,,,,
3,12,2,OO,N275SY,3688,12953,LGA,"New York, NY",13342,MKE,"Milwaukee, WI",0830,0827,0,0,0800-0859,1016,0951,0,1000-1059,0,,166,144,738,3,,,,,,
3,28,4,DL,N374NW,2376,14027,PBI,"West Palm Beach/Palm Beach, FL",12478,JFK,"New York, NY",1959,1943,0,0,1900-1959,2259,2233,0,2200-2259,0,,180,170,1028,5,,,,,,
3,6,3,UA,N61881,2223,14057,PDX,"Portland, OR",11292,DEN,"Denver, CO",1240,1239,0,0,1200-1259,1602,1602,0,1600-1659,0,,142,143,991,4,,,,,,
3,2,6,DL,N950AT,1442,10397,ATL,"Atlanta, GA",11637,FAR,"Fargo, ND",2115,2123,8,0,2100-2159,2325,2326,1,2300-2359,0,,190,183,1123,5,,,,,,
3,20,3,9E,N915XJ,3486,12953,LGA,"New York, NY",13296,MHT,"Manchester, NH",2159,2149,0,0,2100-2159,2310,2238,0,2300-2359,0,,71,49,195,1,,,,,,
3,12,2,WN,N262WN,323,10423,AUS,"Austin, TX",13495,MSY,"New Orleans, LA",1645,1643,0,0,1600-1659,1805,1753,0,1800-1859,0,,80,70,444,2,,,,,,
3,27,3,YX,N871RW,6055,11996,GSP,"Greer, SC",12953,LGA,"New York, NY",0635,0628,0,0,0600-0659,0842,0826,0,0800-0859,0,,127,118,610,3,,,,,,
3,15,5,B6,N178JB,1282,14524,RIC,"Richmond, VA",10721,BOS,"Boston, MA",1535,1706,91,1,1500-1559,1709,1830,81,1700-1759,0,,94,84,474,2,0,0,51,0,30,
3,12,2,WN,N281WN,497,15016,STL,"St. Louis, MO",10693,BNA,"Nashville, TN",1415,1409,0,0,1400-1459,1520,1506,0,1500-1559,0,,65,57,272,2,,,,,,
3,21,4,OH,N600NN,5108,11057,CLT,"Charlotte, NC",13230,MDT,"Harrisburg, PA",1750,2022,152,1,1700-1759,1918,2152,154,1900-1959,0,,88,90,413,2,1,0,2,0,151,
3,15,5,F9,N706FR,100,10397,ATL,"Atlanta, GA",14843,SJU,"San Juan, PR",1118,1112,0,0,1100-1159,1454,1515,21,1400-1459,0,,216,243,1547,7,0,0,21,0,0,
3,11,1,UA,N68843,545,11292,DEN,"Denver, CO",12266,IAH,"Houston, TX",1205,1159,0,0,1200-1259,1523,1513,0,1500-1559,0,,138,134,862,4,,,,,,
3,27,3,DL,N978AT,2922,15304,TPA,"Tampa, FL",12478,JFK,"New York, NY",1510,1503,0,0,1500-1559,1759,1750,0,1700-1759,0,,169,167,1005,5,,,,,,
3,2,6,DL,N981DL,967,10821,BWI,"Baltimore, MD",10397,ATL,"Atlanta, GA",1500,1459,0,0,1500-1559,1653,1642,0,1600-1659,0,,113,103,577,3,,,,,,
3,25,1,WN,N8532S,280,12889,LAS,"Las Vegas, NV",13232,MDW,"Chicago, IL",0900,0859,0,0,0900-0959,1430,1422,0,1400-1459,0,,210,203,1521,7,,,,,,
3,29,5,YV,N89304,6265,13851,OKC,"Oklahoma City, OK",12266,IAH,"Houston, TX",0944,0928,0,0,0900-0959,1113,1049,0,1100-1159,0,,89,81,395,2,,,,,,
3,24,7,DL,N917DU,2021,15304,TPA,"Tampa, FL",10397,ATL,"Atlanta, GA",1255,1247,0,0,1200-1259,1433,1420,0,1400-1459,0,,98,93,406,2,,,,,,
3,31,7,WN,N7738A,5229,11259,DAL,"Dallas, TX",11292,DEN,"Denver, CO",1325,1323,0,0,1300-1359,1425,1417,0,1400-1459,0,,120,114,651,3,,,,,,
3,26,2,UA,N17719,1138,12266,IAH,"Houston, TX",14683,SAT,"San Antonio, TX",0732,0729,0,0,0700-0759,0832,0830,0,0800-0859,0,,60,61,191,1,,,,,,
3,2,6,AS,N525VA,1958,14771,SFO,"San Francisco, CA",14679,SAN,"San Diego, CA",1545,1538,0,0,1500-1559,1715,1720,5,1700-1759,0,,90,102,447,2,,,,,,
3,14,4,UA,N442UA,2199,11298,DFW,"Dallas/Fort Worth, TX",13930,ORD,"Chicago, IL",1914,2046,92,1,1900-1959,2129,2339,130,2100-2159,0,,135,173,801,4,10,0,38,0,82,
3,10,7,9E,N924EV,5365,14814,SHV,"Shreveport, LA",10397,ATL,"Atlanta, GA",1105,1059,0,0,1100-1159,1351,1328,0,1300-1359,0,,106,89,551,3,,,,,,
3,18,1,AA,N809AW,1649,11278,DCA,"Washington, DC",13204,MCO,"Orlando, FL",1743,1740,0,0,1700-1759,2012,2000,0,2000-2059,0,,149,140,759,4,,,,,,
3,1,5,OO,N980SW,5121,15454,UIN,"Quincy, IL",13930,ORD,"Chicago, IL",1728,1715,0,0,1700-1759,1850,1816,0,1800-1859,0,,82,61,222,1,,,,,,
3,3,7,WN,N8604K,4250,14107,PHX,"Phoenix, AZ",14057,PDX,"Portland, OR",0805,0820,15,1,0800-0859,0955,1012,17,0900-0959,0,,170,172,1009,5,15,0,2,0,0,
3,15,5,DL,N896AT,2792,11057,CLT,"Charlotte, NC",11433,DTW,"Detroit, MI",1315,1310,0,0,1300-1359,1510,1459,0,1500-1559,0,,115,109,500,3,,,,,,
3,1,5,9E,N926XJ,5022,13487,MSP,"Minneapolis, MN",11423,DSM,"Des Moines, IA",1430,1512,42,1,1400-1459,1552,1654,62,1500-1559,0,,82,102,232,1,0,0,20,0,42,
3,6,3,AS,N407AS,707,14747,SEA,"Seattle, WA",14492,RDU,"Raleigh/Durham, NC",0810,0821,11,0,0800-0859,1605,1600,0,1600-1659,0,,295,279,2354,10,,,,,,
3,14,4,9E,N935XJ,3301,10792,BUF,"Buffalo, NY",12953,LGA,"New York, NY",0545,0539,0,0,0001-0559,0720,0718,0,0700-0759,0,,95,99,292,2,,,,,,
3,2,6,OO,N594SW,3134,13342,MKE,"Milwaukee, WI",13930,ORD,"Chicago, IL",0631,0631,0,0,0600-0659,0739,0747,8,0700-0759,0,,68,76,67,1,,,,,,
3,31,7,AS,N513AS,829,14679,SAN,"San Diego, CA",13830,OGG,"Kahului, HI",0640,0642,2,0,0600-0659,1000,0950,0,1000-1059,0,,380,368,2541,11,,,,,,
3,16,6,WN,N263WN,5295,14107,PHX,"Phoenix, AZ",10140,ABQ,"Albuquerque, NM",0600,0558,0,0,0600-0659,0805,0800,0,0800-0859,0,,65,62,328,2,,,,,,
3,16,6,DL,N949AT,1183,13487,MSP,"Minneapolis, MN",13930,ORD,"Chicago, IL",1515,1515,0,0,1500-1559,1640,1648,8,1600-1659,0,,85,93,334,2,,,,,,
3,11,1,AA,N323RM,2390,13204,MCO,"Orlando, FL",13303,MIA,"Miami, FL",0614,0608,0,0,0600-0659,0725,0714,0,0700-0759,0,,71,66,192,1,,,,,,
3,5,2,B6,N273JB,1886,14122,PIT,"Pittsburgh, PA",10721,BOS,"Boston, MA",1944,,,,1900-1959,2120,,,2100-2159,1,A,96,,496,2,,,,,,
3,29,5,AS,N298AK,581,14107,PHX,"Phoenix, AZ",14747,SEA,"Seattle, WA",1335,1353,18,1,1300-1359,1645,1650,5,1600-1659,0,,190,177,1107,5,,,,,,
3,14,4,UA,N894UA,1929,14747,SEA,"Seattle, WA",11618,EWR,"Newark, NJ",0604,0557,0,0,0600-0659,1420,1415,0,1400-1459,0,,316,318,2402,10,,,,,,
3,15,5,WN,N422WN,4536,14831,SJC,"San Jose, CA",14057,PDX,"Portland, OR",0840,0844,4,0,0800-0859,1025,1026,1,1000-1059,0,,105,102,569,3,,,,,,
3,28,4,UA,N29717,104,12016,GUM,"Guam, TT",14955,SPN,"Saipan, TT",1650,1646,0,0,1600-1659,1731,1733,2,1700-1759,0,,41,47,129,1,,,,,,
3,2,6,EV,N23139,4175,11618,EWR,"Newark, NJ",13487,MSP,"Minneapolis, MN",2105,2058,0,0,2100-2159,2321,2329,8,2300-2359,0,,196,211,1008,5,,,,,,
3,18,1,OO,N875AS,3852,10397,ATL,"Atlanta, GA",11146,CRW,"Charleston/Dunbar, WV",1456,1500,4,0,1400-1459,1620,1618,0,1600-1659,0,,84,78,363,2,,,,,,
3,2,6,OH,N540EA,5135,10994,CHS,"Charleston, SC",11278,DCA,"Washington, DC",1122,1123,1,0,1100-1159,1255,1241,0,1200-1259,0,,93,78,444,2,,,,,,
3,8,5,9E,N325PQ,5327,12478,JFK,"New York, NY",14576,ROC,"Rochester, NY",0915,0908,0,0,0900-0959,1044,1021,0,1000-1059,0,,89,73,264,2,,,,,,
3,15,5,WN,N8625A,1107,10821,BWI,"Baltimore, MD",10792,BUF,"Buffalo, NY",1115,1114,0,0,1100-1159,1230,1214,0,1200-1259,0,,75,60,281,2,,,,,,
3,12,2,AA,N649AW,889,14107,PHX,"Phoenix, AZ",10423,AUS,"Austin, TX",1610,1620,10,0,1600-1659,2015,2052,37,2000-2059,0,,125,152,872,4,0,0,27,6,4,
3,25,1,DL,N921DN,1746,12451,JAX,"Jacksonville, FL",11433,DTW,"Detroit, MI",1218,1210,0,0,1200-1259,1444,1418,0,1400-1459,0,,146,128,813,4,,,,,,
3,22,5,YV,N930LR,5828,10599,BHM,"Birmingham, AL",11298,DFW,"Dallas/Fort Worth, TX",1507,1512,5,0,1500-1559,1715,1714,0,1700-1759,0,,128,122,597,3,,,,,,
3,29,5,AA,N967UW,1986,14100,PHL,"Philadelphia, PA",14492,RDU,"Raleigh/Durham, NC",1835,1852,17,1,1800-1859,2006,2012,6,2000-2059,0,,91,80,337,2,,,,,,
3,17,7,OO,N200SY,5466,14771,SFO,"San Francisco, CA",12892,LAX,"Los Angeles, CA",0700,0655,0,0,0700-0759,0853,0828,0,0800-0859,0,,113,93,337,2,,,,,,
3,7,4,AA,N660AW,476,10397,ATL,"Atlanta, GA",14107,PHX,"Phoenix, AZ",1126,1124,0,0,1100-1159,1345,1343,0,1300-1359,0,,259,259,1587,7,,,,,,
3,21,4,OO,N8933B,3959,10397,ATL,"Atlanta, GA",13377,MLU,"Monroe, LA",1647,1641,0,0,1600-1659,1729,1709,0,1700-1759,0,,102,88,448,2,,,,,,
3,19,2,AS,N597AS,50,14709,SCC,"Deadhorse, AK",10754,BRW,"Barrow, AK",1730,1734,4,0,1700-1759,1825,1819,0,1800-1859,0,,55,45,204,1,,,,,,
3,4,1,OH,N547NN,5513,13577,MYR,"Myrtle Beach, SC",14100,PHL,"Philadelphia, PA",1744,1742,0,0,1700-1759,1932,1915,0,1900-1959,0,,108,93,473,2,,,,,,
3,29,5,DL,N355NW,1753,10721,BOS,"Boston, MA",11193,CVG,"Cincinnati, OH",1825,1822,0,0,1800-1859,2057,2047,0,2000-2059,0,,152,145,752,4,,,,,,
3,20,3,UA,N69847,1828,13198,MCI,"Kansas City, MO",11292,DEN,"Denver, CO",0600,0549,0,0,0600-0659,0648,0623,0,0600-0659,0,,108,94,533,3,,,,,,
3,7,4,OO,N279SY,4095,13487,MSP,"Minneapolis, MN",11066,CMH,"Columbus, OH",0850,0905,15,1,0800-0859,1154,1154,0,1100-1159,0,,124,109,626,3,,,,,,
3,7,4,OO,N751SK,3026,13290,MHK,"Manhattan/Ft. Riley, KS",11298,DFW,"Dallas/Fort Worth, TX",1055,1046,0,0,1000-1059,1236,1222,0,1200-1259,0,,101,96,431,2,,,,,,
3,27,3,DL,N595NW,2216,13487,MSP,"Minneapolis, MN",10397,ATL,"Atlanta, GA",1735,1731,0,0,1700-1759,2110,2049,0,2100-2159,0,,155,138,907,4,,,,,,
3,11,1,DL,N851DN,506,14843,SJU,"San Juan, PR",10397,ATL,"Atlanta, GA",1430,1427,0,0,1400-1459,1836,1818,0,1800-1859,0,,246,231,1547,7,,,,,,
3,20,3,MQ,N241NN,3357,10792,BUF,"Buffalo, NY",13930,ORD,"Chicago, IL",1818,1811,0,0,1800-1859,1925,1853,0,1900-1959,0,,127,102,474,2,,,,,,
3,3,7,WN,N720WN,3200,10693,BNA,"Nashville, TN",10397,ATL,"Atlanta, GA",1415,1527,72,1,1400-1459,1620,1735,75,1600-1659,0,,65,68,214,1,0,0,3,0,72,
3,16,6,AS,N537AS,829,14679,SAN,"San Diego, CA",13830,OGG,"Kahului, HI",0640,0638,0,0,0600-0659,1000,1000,0,1000-1059,0,,380,382,2541,11,,,,,,
3,8,5,OO,N630SK,4873,11433,DTW,"Detroit, MI",10792,BUF,"Buffalo, NY",1011,1009,0,0,1000-1059,1121,1110,0,1100-1159,0,,70,61,241,1,,,,,,
3,16,6,WN,N216WR,4272,13871,OMA,"Omaha, NE",13232,MDW,"Chicago, IL",1820,1821,1,0,1800-1859,1945,1937,0,1900-1959,0,,85,76,423,2,,,,,,
3,16,6,YX,N649RW,3498,13930,ORD,"Chicago, IL",12339,IND,"Indianapolis, IN",2110,2107,0,0,2100-2159,2315,2259,0,2300-2359,0,,65,52,177,1,,,,,,
3,29,5,YX,N868RW,6036,14524,RIC,"Richmond, VA",10721,BOS,"Boston, MA",1146,1135,0,0,1100-1159,1330,1321,0,1300-1359,0,,104,106,474,2,,,,,,
3,16,6,WN,N8546V,5183,14107,PHX,"Phoenix, AZ",14057,PDX,"Portland, OR",2040,2109,29,1,2000-2059,2330,2343,13,2300-2359,0,,170,154,1009,5,,,,,,
3,16,6,DL,N347NB,2360,14747,SEA,"Seattle, WA",13930,ORD,"Chicago, IL",0745,0739,0,0,0700-0759,1348,1318,0,1300-1359,0,,243,219,1721,7,,,,,,
3,1,5,OO,N179SY,3489,11638,FAT,"Fresno, CA",14747,SEA,"Seattle, WA",0600,0601,1,0,0600-0659,0820,0843,23,0800-0859,0,,140,162,748,3,1,0,22,0,0,
3,30,6,DL,N318DX,1527,12953,LGA,"New York, NY",11697,FLL,"Fort Lauderdale, FL",1530,1532,2,0,1500-1559,1849,1827,0,1800-1859,0,,199,175,1076,5,,,,,,
3,24,7,AA,N157UW,452,11057,CLT,"Charlotte, NC",10721,BOS,"Boston, MA",1125,1127,2,0,1100-1159,1340,1332,0,1300-1359,0,,135,125,728,3,,,,,,
3,15,5,YV,N920FJ,5730,14107,PHX,"Phoenix, AZ",12266,IAH,"Houston, TX",1238,1234,0,0,1200-1259,1712,1713,1,1700-1759,0,,154,159,1009,5,,,,,,
3,18,1,9E,N195PQ,3365,12953,LGA,"New York, NY",14524,RIC,"Richmond, VA",1246,1251,5,0,1200-1259,1420,1407,0,1400-1459,0,,94,76,292,2,,,,,,
3,11,1,EV,N13553,4083,12266,IAH,"Houston, TX",15919,XNA,"Fayetteville, AR",1630,1621,0,0,1600-1659,1813,1812,0,1800-1859,0,,103,111,438,2,,,,,,
3,1,5,AA,N703UW,2002,11057,CLT,"Charlotte, NC",10529,BDL,"Hartford, CT",1120,1118,0,0,1100-1159,1313,1308,0,1300-1359,0,,113,110,644,3,,,,,,
3,13,3,AA,N984TW,1492,11066,CMH,"Columbus, OH",11298,DFW,"Dallas/Fort Worth, TX",1509,1559,50,1,1500-1559,1700,1802,62,1700-1759,0,,171,183,926,4,0,0,46,0,16,
3,22,5,9E,N836AY,5049,10397,ATL,"Atlanta, GA",12951,LFT,"Lafayette, LA",1621,1616,0,0,1600-1659,1712,1644,0,1700-1759,0,,111,88,503,3,,,,,,
3,13,3,9E,N607LR,5163,14492,RDU,"Raleigh/Durham, NC",11193,CVG,"Cincinnati, OH",0808,0814,6,0,0800-0859,0953,0945,0,0900-0959,0,,105,91,390,2,,,,,,
3,29,5,OO,N889AS,4317,11433,DTW,"Detroit, MI",13367,MLI,"Moline, IL",2030,2027,0,0,2000-2059,2104,2105,1,2100-2159,0,,94,98,373,2,,,,,,
3,20,3,WN,N782SA,1803,10800,BUR,"Burbank, CA",14831,SJC,"San Jose, CA",0735,0730,0,0,0700-0759,0845,0830,0,0800-0859,0,,70,60,296,2,,,,,,
3,26,2,UA,N423UA,2231,13930,ORD,"Chicago, IL",10423,AUS,"Austin, TX",0745,0751,6,0,0700-0759,1032,1024,0,1000-1059,0,,167,153,977,4,,,,,,
3,5,2,MQ,N816AE,3943,12323,ILM,"Wilmington, NC",12953,LGA,"New York, NY",1529,1524,0,0,1500-1559,1718,1703,0,1700-1759,0,,109,99,500,3,,,,,,
3,1,5,B6,N634JB,1171,12953,LGA,"New York, NY",11697,FLL,"Fort Lauderdale, FL",1445,1606,81,1,1400-1459,1803,1924,81,1800-1859,0,,198,198,1076,5,16,0,0,0,65,
3,19,2,NK,N660NK,972,14107,PHX,"Phoenix, AZ",11298,DFW,"Dallas/Fort Worth, TX",0109,0056,0,0,0001-0559,0517,0450,0,0001-0559,0,,128,114,868,4,,,,,,
3,15,5,WN,N7849A,2344,14307,PVD,"Providence, RI",11278,DCA,"Washington, DC",0910,0908,0,0,0900-0959,1040,1029,0,1000-1059,0,,90,81,356,2,,,,,,
3,8,5,OH,N718PS,5590,11057,CLT,"Charlotte, NC",11003,CID,"Cedar Rapids/Iowa City, IA",2054,2245,111,1,2000-2059,2214,0009,115,2200-2259,0,,140,144,742,3,0,0,4,0,111,
3,8,5,UA,N66837,2133,10257,ALB,"Albany, NY",13930,ORD,"Chicago, IL",0728,0747,19,1,0700-0759,0854,0919,25,0800-0859,0,,146,152,723,3,19,0,6,0,0,
3,18,1,OO,N955SW,5405,11637,FAR,"Fargo, ND",11292,DEN,"Denver, CO",1700,1654,0,0,1700-1759,1807,1746,0,1800-1859,0,,127,112,627,3,,,,,,
3,3,7,B6,N283JB,1001,10792,BUF,"Buffalo, NY",12478,JFK,"New York, NY",2052,,,,2000-2059,2218,,,2200-2259,1,B,86,,301,2,,,,,,
3,5,2,MQ,N225NN,3594,15096,SYR,"Syracuse, NY",13930,ORD,"Chicago, IL",0746,0737,0,0,0700-0759,0915,0859,0,0900-0959,0,,149,142,607,3,,,,,,
3,30,6,OO,N791SK,5820,10372,ASE,"Aspen, CO",11292,DEN,"Denver, CO",1530,1602,32,1,1500-1559,1627,1655,28,1600-1659,0,,57,53,125,1,7,0,0,0,21,
3,12,2,AA,N794AN,102,12173,HNL,"Honolulu, HI",11298,DFW,"Dallas/Fort Worth, TX",2006,1958,0,0,2000-2059,0825,0747,0,0800-0859,0,,439,409,3784,11,,,,,,
3,2,6,YX,N205JQ,5993,11298,DFW,"Dallas/Fort Worth, TX",11433,DTW,"Detroit, MI",1530,1613,43,1,1500-1559,1911,1939,28,1900-1959,0,,161,146,986,4,6,0,0,0,22,
3,27,3,9E,N8891A,5137,10785,BTV,"Burlington, VT",12953,LGA,"New York, NY",1315,1305,0,0,1300-1359,1436,1424,0,1400-1459,0,,81,79,258,2,,,,,,
3,17,7,WN,N7849A,4467,11066,CMH,"Columbus, OH",15016,STL,"St. Louis, MO",2120,2118,0,0,2100-2159,2150,2148,0,2100-2159,0,,90,90,409,2,,,,,,
3,21,4,WN,N796SW,1257,10821,BWI,"Baltimore, MD",10721,BOS,"Boston, MA",2145,2147,2,0,2100-2159,2310,2303,0,2300-2359,0,,85,76,369,2,,,,,,
3,7,4,UA,N38479,2139,13930,ORD,"Chicago, IL",11697,FLL,"Fort Lauderdale, FL",0810,0805,0,0,0800-0859,1216,1204,0,1200-1259,0,,186,179,1182,5,,,,,,
3,17,7,B6,N805JB,426,15304,TPA,"Tampa, FL",12478,JFK,"New York, NY",1735,1758,23,1,1700-1759,2021,2028,7,2000-2059,0,,166,150,1005,5,,,,,,
3,17,7,AA,N153AN,1471,14747,SEA,"Seattle, WA",13303,MIA,"Miami, FL",2105,2111,6,0,2100-2159,0550,0540,0,0001-0559,0,,345,329,2724,11,,,,,,
3,12,2,B6,N373JB,917,10721,BOS,"Boston, MA",12478,JFK,"New York, NY",0530,0515,0,0,0001-0559,0642,0619,0,0600-0659,0,,72,64,187,1,,,,,,
3,16,6,YX,N419YX,4607,14635,RSW,"Fort Myers, FL",13303,MIA,"Miami, FL",1944,1936,0,0,1900-1959,2030,2027,0,2000-2059,0,,46,51,104,1,,,,,,
3,29,5,NK,N615NK,358,13204,MCO,"Orlando, FL",14100,PHL,"Philadelphia, PA",0942,0940,0,0,0900-0959,1213,1202,0,1200-1259,0,,151,142,861,4,,,,,,
3,3,7,AA,N9628W,2399,11540,ELP,"El Paso, TX",11298,DFW,"Dallas/Fort Worth, TX",1452,1450,0,0,1400-1459,1735,1726,0,1700-1759,0,,103,96,551,3,,,,,,
3,19,2,EV,N15572,4297,12953,LGA,"New York, NY",11042,CLE,"Cleveland, OH",0700,0645,0,0,0700-0759,0846,0852,6,0800-0859,0,,106,127,419,2,,,,,,
3,23,6,AA,N917AN,380,12953,LGA,"New York, NY",13930,ORD,"Chicago, IL",1830,1822,0,0,1800-1859,2019,1951,0,2000-2059,0,,169,149,733,3,,,,,,
3,3,7,OO,N164SY,5315,11292,DEN,"Denver, CO",13851,OKC,"Oklahoma City, OK",2015,2029,14,0,2000-2059,2255,2323,28,2200-2259,0,,100,114,495,2,0,0,14,0,14,
3,8,5,YX,N631RW,3537,11618,EWR,"Newark, NJ",11433,DTW,"Detroit, MI",1029,1022,0,0,1000-1059,1231,1204,0,1200-1259,0,,122,102,488,2,,,,,,
3,26,2,AA,N760US,831,11057,CLT,"Charlotte, NC",11433,DTW,"Detroit, MI",1655,1705,10,0,1600-1659,1846,1847,1,1800-1859,0,,111,102,500,3,,,,,,
3,5,2,WN,N8318F,1616,13495,MSY,"New Orleans, LA",11292,DEN,"Denver, CO",1835,1904,29,1,1800-1859,2035,2055,20,2000-2059,0,,180,171,1062,5,0,0,0,0,20,
3,22,5,WN,N485WN,1990,14107,PHX,"Phoenix, AZ",12889,LAS,"Las Vegas, NV",0920,0920,0,0,0900-0959,1035,1031,0,1000-1059,0,,75,71,255,2,,,,,,
3,18,1,OO,N922EV,3768,14696,SBN,"South Bend, IN",13487,MSP,"Minneapolis, MN",0705,0703,0,0,0700-0759,0807,0741,0,0800-0859,0,,122,98,411,2,,,,,,
3,20,3,OO,N443SW,3698,11775,FSD,"Sioux Falls, SD",13487,MSP,"Minneapolis, MN",1742,1735,0,0,1700-1759,1849,1940,51,1800-1859,0,,67,125,196,1,0,0,51,0,0,
3,1,5,AA,N938AN,2344,10397,ATL,"Atlanta, GA",13303,MIA,"Miami, FL",0730,0727,0,0,0700-0759,0929,0945,16,0900-0959,0,,119,138,594,3,0,0,16,0,0,
4,20,6,DL,N371DN,2486,10397,ATL,"Atlanta, GA",12478,JFK,"New York, NY",1215,1304,49,1,1200-1259,1431,1518,47,1400-1459,0,,136,134,760,4,47,0,0,0,0,
4,23,2,OO,N110SY,5621,13930,ORD,"Chicago, IL",11433,DTW,"Detroit, MI",1127,1130,3,0,1100-1159,1349,1345,0,1300-1359,0,,82,75,235,1,,,,,,
4,9,2,YV,N952LR,5775,14107,PHX,"Phoenix, AZ",13851,OKC,"Oklahoma City, OK",1210,1204,0,0,1200-1259,1618,1603,0,1600-1659,0,,128,119,833,4,,,,,,
4,20,6,DL,N912DU,2209,13487,MSP,"Minneapolis, MN",12892,LAX,"Los Angeles, CA",1420,1418,0,0,1400-1459,1621,1600,0,1600-1659,0,,241,222,1535,7,,,,,,
4,14,7,G4,218NV,1800,12339,IND,"Indianapolis, IN",11697,FLL,"Fort Lauderdale, FL",0630,0636,6,0,0600-0659,0905,0926,21,0900-0959,0,,155,170,1005,5,6,0,15,0,0,
4,27,6,YV,N928LR,5728,11540,ELP,"El Paso, TX",11298,DFW,"Dallas/Fort Worth, TX",0853,0844,0,0,0800-0859,1135,1122,0,1100-1159,0,,102,98,551,3,,,,,,
4,29,1,AS,N524AS,479,14908,SNA,"Santa Ana, CA",14747,SEA,"Seattle, WA",1930,1927,0,0,1900-1959,2225,2223,0,2200-2259,0,,175,176,978,4,,,,,,
4,4,4,B6,N228JB,2525,12478,JFK,"New York, NY",15304,TPA,"Tampa, FL",0600,0552,0,0,0600-0659,0857,0843,0,0800-0859,0,,177,171,1005,5,,,,,,
4,20,6,WN,N8657B,5223,15016,STL,"St. Louis, MO",11697,FLL,"Fort Lauderdale, FL",0550,0557,7,0,0001-0559,0935,0934,0,0900-0959,0,,165,157,1057,5,,,,,,
4,7,7,NK,N629NK,636,15304,TPA,"Tampa, FL",11433,DTW,"Detroit, MI",1715,1709,0,0,1700-1759,2000,1943,0,2000-2059,0,,165,154,983,4,,,,,,
4,7,7,WN,N945WN,4579,10397,ATL,"Atlanta, GA",14635,RSW,"Fort Myers, FL",1225,1243,18,1,1200-1259,1405,1412,7,1400-1459,0,,100,89,515,3,,,,,,
4,17,3,AA,N575UW,2182,11057,CLT,"Charlotte, NC",14747,SEA,"Seattle, WA",1644,1650,6,0,1600-1659,1934,1952,18,1900-1959,0,,350,362,2279,10,6,0,12,0,0,
4,18,4,WN,N913WN,333,10423,AUS,"Austin, TX",10397,ATL,"Atlanta, GA",1210,1323,73,1,1200-1259,1520,1624,64,1500-1559,0,,130,121,813,4,3,0,0,0,61,
4,15,1,UA,N428UA,1211,11292,DEN,"Denver, CO",14122,PIT,"Pittsburgh, PA",1735,1718,0,0,1700-1759,2231,2220,0,2200-2259,0,,176,182,1290,6,,,,,,
4,25,4,UA,N77525,316,14107,PHX,"Phoenix, AZ",12264,IAD,"Washington, DC",0745,0740,0,0,0700-0759,1453,1443,0,1400-1459,0,,248,243,1956,8,,,,,,
4,4,4,NK,N694NK,537,10397,ATL,"Atlanta, GA",11697,FLL,"Fort Lauderdale, FL",1515,1514,0,0,1500-1559,1706,1659,0,1700-1759,0,,111,105,581,3,,,,,,
4,16,2,UA,N475UA,580,14771,SFO,"San Francisco, CA",13495,MSY,"New Orleans, LA",0830,0822,0,0,0800-0859,1447,1424,0,1400-1459,0,,257,242,1911,8,,,,,,
4,30,2,DL,N937AT,1580,12951,LFT,"Lafayette, LA",10397,ATL,"Atlanta, GA",0600,0555,0,0,0600-0659,0843,0832,0,0800-0859,0,,103,97,503,3,,,,,,
4,1,1,NK,N653NK,1071,13495,MSY,"New Orleans, LA",11292,DEN,"Denver, CO",0600,0734,94,1,0600-0659,0815,0915,60,0800-0859,0,,195,161,1062,5,60,0,0,0,0,
4,27,6,AA,N400AN,682,14107,PHX,"Phoenix, AZ",13204,MCO,"Orlando, FL",0845,0841,0,0,0800-0859,1552,1623,31,1500-1559,0,,247,282,1849,8,0,0,31,0,0,
4,21,7,OO,N945SW,5070,13930,ORD,"Chicago, IL",14006,PAH,"Paducah, KY",2115,2112,0,0,2100-2159,2239,2235,0,2200-2259,0,,84,83,342,2,,,,,,
4,15,1,YX,N445YX,4433,13303,MIA,"Miami, FL",15249,TLH,"Tallahassee, FL",1730,1730,0,0,1700-1759,1857,1859,2,1800-1859,0,,87,89,402,2,,,,,,
4,20,6,DL,N349DX,2720,12889,LAS,"Las Vegas, NV",11433,DTW,"Detroit, MI",1241,1254,13,0,1200-1259,1940,1944,4,1900-1959,0,,239,230,1749,7,,,,,,
4,9,2,YX,N121HQ,4406,11433,DTW,"Detroit, MI",14100,PHL,"Philadelphia, PA",1753,1748,0,0,1700-1759,1934,1932,0,1900-1959,0,,101,104,453,2,,,,,,
4,7,7,WN,N8309C,4944,10693,BNA,"Nashville, TN",13232,MDW,"Chicago, IL",1245,1244,0,0,1200-1259,1415,1414,0,1400-1459,0,,90,90,395,2,,,,,,
4,19,5,OO,N971SW,5306,11292,DEN,"Denver, CO",10713,BOI,"Boise, ID",0751,0746,0,0,0700-0759,1000,0939,0,1000-1059,0,,129,113,649,3,,,,,,
4,3,3,OH,N501BG,5081,13139,LYH,"Lynchburg, VA",11057,CLT,"Charlotte, NC",0652,0648,0,0,0600-0659,0805,0827,22,0800-0859,0,,73,99,175,1,0,0,22,0,0,
4,14,7,G4,311NV,303,13851,OKC,"Oklahoma City, OK",12892,LAX,"Los Angeles, CA",1156,1156,0,0,1100-1159,1300,1303,3,1300-1359,0,,184,187,1187,5,,,,,,
4,9,2,WN,N767SW,2148,13495,MSY,"New Orleans, LA",13204,MCO,"Orlando, FL",0525,0524,0,0,0001-0559,0800,0756,0,0800-0859,0,,95,92,551,3,,,,,,
4,4,4,AS,N288AK,634,14747,SEA,"Seattle, WA",14262,PSP,"Palm Springs, CA",1200,1200,0,0,1200-1259,1445,1445,0,1400-1459,0,,165,165,987,4,,,,,,
4,22,1,AS,N849VA,1142,13487,MSP,"Minneapolis, MN",14679,SAN,"San Diego, CA",1735,1718,0,0,1700-1759,1945,1854,0,1900-1959,0,,250,216,1532,7,,,,,,
4,8,1,DL,N365NW,2852,14027,PBI,"West Palm Beach/Palm Beach, FL",12478,JFK,"New York, NY",1201,1202,1,0,1200-1259,1502,1457,0,1500-1559,0,,181,175,1028,5,,,,,,
4,25,4,9E,N326PQ,5478,13487,MSP,"Minneapolis, MN",11042,CLE,"Cleveland, OH",1520,1516,0,0,1500-1559,1816,1757,0,1800-1859,0,,116,101,622,3,,,,,,
4,9,2,YV,N512MJ,6079,11057,CLT,"Charlotte, NC",12264,IAD,"Washington, DC",1030,1025,0,0,1000-1059,1150,1140,0,1100-1159,0,,80,75,322,2,,,,,,
4,22,1,AA,N968AN,1476,14107,PHX,"Phoenix, AZ",14908,SNA,"Santa Ana, CA",1345,1340,0,0,1300-1359,1504,1525,21,1500-1559,0,,79,105,338,2,0,0,21,0,0,
4,11,4,WN,N8578Q,1910,14679,SAN,"San Diego, CA",14893,SMF,"Sacramento, CA",1800,1755,0,0,1800-1859,1930,1927,0,1900-1959,0,,90,92,480,2,,,,,,
4,30,2,DL,N667DN,1363,10397,ATL,"Atlanta, GA",13495,MSY,"New Orleans, LA",2153,2149,0,0,2100-2159,2230,2215,0,2200-2259,0,,97,86,425,2,,,,,,
4,24,3,AA,N154UW,1671,10821,BWI,"Baltimore, MD",11057,CLT,"Charlotte, NC",0632,0625,0,0,0600-0659,0814,0750,0,0800-0859,0,,102,85,361,2,,,,,,
4,14,7,WN,N213WN,3307,11697,FLL,"Fort Lauderdale, FL",15304,TPA,"Tampa, FL",1805,1820,15,1,1800-1859,1910,1916,6,1900-1959,0,,65,56,197,1,,,,,,
4,19,5,WN,N8576Z,188,13796,OAK,"Oakland, CA",12191,HOU,"Houston, TX",0620,0625,5,0,0600-0659,1215,1159,0,1200-1259,0,,235,214,1642,7,,,,,,
4,5,5,OO,N121SY,5847,14771,SFO,"San Francisco, CA",15016,STL,"St. Louis, MO",1745,1745,0,0,1700-1759,2359,2351,0,2300-2359,0,,254,246,1735,7,,,,,,
4,25,4,AS,N557AS,173,14747,SEA,"Seattle, WA",12982,LIH,"Lihue, HI",1010,1003,0,0,1000-1059,1350,1348,0,1300-1359,0,,400,405,2701,11,,,,,,
4,25,4,YX,N873RW,5926,12478,JFK,"New York, NY",11278,DCA,"Washington, DC",1259,1257,0,0,1200-1259,1419,1408,0,1400-1459,0,,80,71,213,1,,,,,,
4,21,7,DL,N172DN,1713,12478,JFK,"New York, NY",12892,LAX,"Los Angeles, CA",1529,1527,0,0,1500-1559,1859,1822,0,1800-1859,0,,390,355,2475,10,,,,,,
4,28,7,YX,N401YX,4594,13487,MSP,"Minneapolis, MN",11278,DCA,"Washington, DC",0721,0718,0,0,0700-0759,1100,1030,0,1100-1159,0,,159,132,931,4,,,,,,
4,6,6,OH,N519AE,5592,12992,LIT,"Little Rock, AR",11057,CLT,"Charlotte, NC",1346,1340,0,0,1300-1359,1651,1646,0,1600-1659,0,,125,126,640,3,,,,,,
4,9,2,YX,N107HQ,4356,11057,CLT,"Charlotte, NC",14576,ROC,"Rochester, NY",2135,2229,54,1,2100-2159,2322,0012,50,2300-2359,0,,107,103,573,3,0,0,0,0,50,
4,9,2,AA,N832AW,674,11298,DFW,"Dallas/Fort Worth, TX",14685,SAV,"Savannah, GA",1850,1849,0,0,1800-1859,2209,2209,0,2200-2259,0,,139,140,925,4,,,,,,
4,14,7,NK,N530NK,563,13930,ORD,"Chicago, IL",14679,SAN,"San Diego, CA",1026,1024,0,0,1000-1059,1300,1338,38,1300-1359,0,,274,314,1723,7,0,0,38,0,0,
4,26,5,WN,N7867A,2192,11278,DCA,"Washington, DC",11259,DAL,"Dallas, TX",0600,0602,2,0,0600-0659,0810,0810,0,0800-0859,0,,190,188,1184,5,,,,,,
4,14,7,DL,N946AT,1821,13230,MDT,"Harrisburg, PA",10397,ATL,"Atlanta, GA",0600,0557,0,0,0600-0659,0759,0758,0,0700-0759,0,,119,121,620,3,,,,,,
4,30,2,AS,N836VA,1325,14771,SFO,"San Francisco, CA",14057,PDX,"Portland, OR",0920,0915,0,0,0900-0959,1110,1056,0,1100-1159,0,,110,101,550,3,,,,,,
4,16,2,AA,N946UW,2149,11278,DCA,"Washington, DC",10721,BOS,"Boston, MA",1430,1429,0,0,1400-1459,1600,1549,0,1600-1659,0,,90,80,399,2,,,,,,
4,27,6,OH,N207PS,5697,10868,CAE,"Columbia, SC",11057,CLT,"Charlotte, NC",1102,1057,0,0,1100-1159,1220,1217,0,1200-1259,0,,78,80,88,1,,,,,,
4,10,3,OO,N463SW,3936,10397,ATL,"Atlanta, GA",13377,MLU,"Monroe, LA",2049,2047,0,0,2000-2059,2130,2111,0,2100-2159,0,,101,84,448,2,,,,,,
4,24,3,DL,N909DE,1349,13485,MSN,"Madison, WI",10397,ATL,"Atlanta, GA",0600,0551,0,0,0600-0659,0910,0854,0,0900-0959,0,,130,123,707,3,,,,,,
4,26,5,AA,N912NN,2692,11057,CLT,"Charlotte, NC",14683,SAT,"San Antonio, TX",2056,2056,0,0,2000-2059,2302,2240,0,2300-2359,0,,186,164,1095,5,,,,,,
4,26,5,DL,N369NB,395,13930,ORD,"Chicago, IL",14747,SEA,"Seattle, WA",1858,1856,0,0,1800-1859,2144,2142,0,2100-2159,0,,286,286,1721,7,,,,,,
4,1,1,YX,N410YX,4446,12953,LGA,"New York, NY",12339,IND,"Indianapolis, IN",1944,2133,109,1,1900-1959,2204,0012,128,2200-2259,0,,140,159,660,3,0,0,19,0,109,
4,7,7,WN,N930WN,3532,14771,SFO,"San Francisco, CA",12889,LAS,"Las Vegas, NV",0725,0720,0,0,0700-0759,0855,0839,0,0800-0859,0,,90,79,414,2,,,,,,
4,3,3,WN,N8662F,2041,14057,PDX,"Portland, OR",15016,STL,"St. Louis, MO",0915,0911,0,0,0900-0959,1455,1441,0,1400-1459,0,,220,210,1708,7,,,,,,
4,17,3,AA,N121AN,59,12892,LAX,"Los Angeles, CA",12758,KOA,"Kona, HI",0820,0821,1,0,0800-0859,1123,1056,0,1100-1159,0,,363,335,2504,11,,,,,,
4,29,1,AS,N413AS,329,14831,SJC,"San Jose, CA",14747,SEA,"Seattle, WA",1350,1353,3,0,1300-1359,1605,1621,16,1600-1659,0,,135,148,696,3,0,0,16,0,0,
4,15,1,WN,N447WN,523,11066,CMH,"Columbus, OH",10397,ATL,"Atlanta, GA",0825,0822,0,0,0800-0859,1005,0947,0,1000-1059,0,,100,85,447,2,,,,,,
4,10,3,EV,N16541,4047,12266,IAH,"Houston, TX",11140,CRP,"Corpus Christi, TX",1225,1217,0,0,1200-1259,1331,1317,0,1300-1359,0,,66,60,201,1,,,,,,
4,10,3,OO,N498CA,7431,14869,SLC,"Salt Lake City, UT",14113,PIH,"Pocatello, ID",2220,2212,0,0,2200-2259,2320,2251,0,2300-2359,0,,60,39,150,1,,,,,,
4,5,5,WN,N776WN,1894,11259,DAL,"Dallas, TX",13851,OKC,"Oklahoma City, OK",2145,2218,33,1,2100-2159,2245,2306,21,2200-2259,0,,60,48,181,1,8,0,0,0,13,
4,19,5,NK,N533NK,860,13204,MCO,"Orlando, FL",10529,BDL,"Hartford, CT",1510,,,,1500-1559,1754,,,1700-1759,1,C,164,,1050,5,,,,,,
4,23,2,DL,N993DL,2357,10397,ATL,"Atlanta, GA",11423,DSM,"Des Moines, IA",2125,2121,0,0,2100-2159,2240,2223,0,2200-2259,0,,135,122,743,3,,,,,,
4,11,4,MQ,N232NN,3337,13930,ORD,"Chicago, IL",13871,OMA,"Omaha, NE",2211,2208,0,0,2200-2259,2346,0009,23,2300-2359,0,,95,121,416,2,0,0,23,0,0,
4,6,6,UA,N68453,2253,14492,RDU,"Raleigh/Durham, NC",12264,IAD,"Washington, DC",0615,0605,0,0,0600-0659,0719,0707,0,0700-0759,0,,64,62,224,1,,,,,,
4,1,1,AA,N9630A,1607,11298,DFW,"Dallas/Fort Worth, TX",11042,CLE,"Cleveland, OH",1836,1844,8,0,1800-1859,2211,2212,1,2200-2259,0,,155,148,1021,5,,,,,,
4,28,7,WN,N424WN,4942,13232,MDW,"Chicago, IL",15016,STL,"St. Louis, MO",2215,2308,53,1,2200-2259,2325,0017,52,2300-2359,0,,70,69,251,2,49,0,0,0,3,
4,27,6,MQ,N834AE,4077,12478,JFK,"New York, NY",10693,BNA,"Nashville, TN",2030,2021,0,0,2000-2059,2208,2135,0,2200-2259,0,,158,134,765,4,,,,,,
4,23,2,WN,N739GB,2069,14057,PDX,"Portland, OR",14679,SAN,"San Diego, CA",1210,1211,1,0,1200-1259,1440,1422,0,1400-1459,0,,150,131,933,4,,,,,,
4,21,7,DL,N961DL,1711,10397,ATL,"Atlanta, GA",15919,XNA,"Fayetteville, AR",2149,2148,0,0,2100-2159,2251,2240,0,2200-2259,0,,122,112,589,3,,,,,,
4,28,7,DL,N876DN,998,11986,GRR,"Grand Rapids, MI",10397,ATL,"Atlanta, GA",0800,0754,0,0,0800-0859,1001,0946,0,1000-1059,0,,121,112,640,3,,,,,,
4,24,3,NK,N633NK,118,13204,MCO,"Orlando, FL",11433,DTW,"Detroit, MI",1420,1418,0,0,1400-1459,1710,1702,0,1700-1759,0,,170,164,957,4,,,,,,
4,13,6,OO,N256SY,3633,14771,SFO,"San Francisco, CA",14869,SLC,"Salt Lake City, UT",1019,1009,0,0,1000-1059,1309,1253,0,1300-1359,0,,110,104,599,3,,,,,,
4,15,1,NK,N620NK,316,11433,DTW,"Detroit, MI",12953,LGA,"New York, NY",0600,0555,0,0,0600-0659,0740,0735,0,0700-0759,0,,100,100,502,3,,,,,,
4,17,3,DL,N921AT,2812,13487,MSP,"Minneapolis, MN",13244,MEM,"Memphis, TN",1754,1752,0,0,1700-1759,2011,1957,0,2000-2059,0,,137,125,700,3,,,,,,
4,6,6,OO,N929SW,5965,11097,COD,"Cody, WY",11292,DEN,"Denver, CO",1122,1112,0,0,1100-1159,1257,1236,0,1200-1259,0,,95,84,391,2,,,,,,
4,3,3,OH,N568NN,5064,11057,CLT,"Charlotte, NC",11066,CMH,"Columbus, OH",2227,2229,2,0,2200-2259,2356,0007,11,2300-2359,0,,89,98,347,2,,,,,,
4,25,4,9E,N538CA,3374,11193,CVG,"Cincinnati, OH",13198,MCI,"Kansas City, MO",1559,1555,0,0,1500-1559,1657,1631,0,1600-1659,0,,118,96,539,3,,,,,,
4,18,4,AA,N9629H,2509,11298,DFW,"Dallas/Fort Worth, TX",12451,JAX,"Jacksonville, FL",1050,,,,1000-1059,1408,,,1400-1459,1,B,138,,918,4,,,,,,
4,26,5,NK,N536NK,203,10721,BOS,"Boston, MA",14027,PBI,"West Palm Beach/Palm Beach, FL",0830,0828,0,0,0800-0859,1156,1143,0,1100-1159,0,,206,195,1197,5,,,,,,
4,22,1,WN,N214WN,445,13232,MDW,"Chicago, IL",14730,SDF,"Louisville, KY",2205,2200,0,0,2200-2259,0015,0015,0,0001-0559,0,,70,75,271,2,,,,,,
4,24,3,OO,N906SW,7377,14869,SLC,"Salt Lake City, UT",10779,BTM,"Butte, MT",1106,1100,0,0,1100-1159,1238,1235,0,1200-1259,0,,92,95,358,2,,,,,,
4,24,3,WN,N965WN,705,15376,TUS,"Tucson, AZ",12892,LAX,"Los Angeles, CA",1710,1719,9,0,1700-1759,1840,1847,7,1800-1859,0,,90,88,451,2,,,,,,
4,27,6,UA,N57869,592,13930,ORD,"Chicago, IL",12892,LAX,"Los Angeles, CA",1550,1557,7,0,1500-1559,1816,1821,5,1800-1859,0,,266,264,1744,7,,,,,,
4,13,6,WN,N8313F,5259,15370,TUL,"Tulsa, OK",14107,PHX,"Phoenix, AZ",0715,0710,0,0,0700-0759,0755,0753,0,0700-0759,0,,160,163,935,4,,,,,,
4,5,5,AS,N527VA,1936,14771,SFO,"San Francisco, CA",12892,LAX,"Los Angeles, CA",1800,1806,6,0,1800-1859,1930,1937,7,1900-1959,0,,90,91,337,2,,,,,,
4,28,7,UA,N890UA,1639,15376,TUS,"Tucson, AZ",12266,IAH,"Houston, TX",0640,0650,10,0,0600-0659,1101,1102,1,1100-1159,0,,141,132,936,4,,,,,,
4,17,3,OO,N863AS,3131,14107,PHX,"Phoenix, AZ",14794,SGU,"St. George, UT",2017,2150,93,1,2000-2059,2229,2358,89,2200-2259,0,,72,68,262,2,76,0,0,0,13,
4,6,6,AS,N534AS,603,14893,SMF,"Sacramento, CA",14679,SAN,"San Diego, CA",1955,1942,0,0,1900-1959,2125,2113,0,2100-2159,0,,90,91,480,2,,,,,,
4,25,4,AA,N949AN,1342,15370,TUL,"Tulsa, OK",11298,DFW,"Dallas/Fort Worth, TX",0500,0455,0,0,0001-0559,0614,0612,0,0600-0659,0,,74,77,237,1,,,,,,
4,4,4,WN,N8512U,2572,11292,DEN,"Denver, CO",12889,LAS,"Las Vegas, NV",1235,1241,6,0,1200-1259,1330,1326,0,1300-1359,0,,115,105,628,3,,,,,,
4,10,3,UA,,1140,10721,BOS,"Boston, MA",11292,DEN,"Denver, CO",1806,,,,1800-1859,2040,,,2000-2059,1,B,274,,1754,8,,,,,,
4,18,4,UA,N429UA,593,11292,DEN,"Denver, CO",14262,PSP,"Palm Springs, CA",0920,0918,0,0,0900-0959,1033,1017,0,1000-1059,0,,133,119,776,4,,,,,,
4,13,6,YV,N945LR,5816,12191,HOU,"Houston, TX",11298,DFW,"Dallas/Fort Worth, TX",1233,1927,414,1,1200-1259,1345,2035,410,1300-1359,0,,72,68,247,1,0,0,0,0,410,
4,20,6,DL,N306DN,1438,14679,SAN,"San Diego, CA",11433,DTW,"Detroit, MI",1202,1155,0,0,1200-1259,1922,1919,0,1900-1959,0,,260,264,1956,8,,,,,,
4,2,2,YV,N505MJ,6234,12264,IAD,"Washington, DC",11057,CLT,"Charlotte, NC",2215,2255,40,1,2200-2259,2335,0009,34,2300-2359,0,,80,74,322,2,34,0,0,0,0,
4,5,5,UA,N896UA,2014,13930,ORD,"Chicago, IL",13931,ORF,"Norfolk, VA",1806,1759,0,0,1800-1859,2123,2104,0,2100-2159,0,,137,125,717,3,,,,,,
4,26,5,OO,N924SW,5399,14696,SBN,"South Bend, IN",13930,ORD,"Chicago, IL",0800,0758,0,0,0800-0859,0815,0802,0,0800-0859,0,,75,64,84,1,,,,,,
4,3,3,OO,N140SY,5508,12892,LAX,"Los Angeles, CA",14489,RDM,"Bend/Redmond, OR",1610,1605,0,0,1600-1659,1829,1832,3,1800-1859,0,,139,147,726,3,,,,,,
4,24,3,WN,N723SW,1793,12892,LAX,"Los Angeles, CA",11540,ELP,"El Paso, TX",1440,1442,2,0,1400-1459,1735,1727,0,1700-1759,0,,115,105,715,3,,,,,,
4,29,1,WN,N751SW,893,14122,PIT,"Pittsburgh, PA",10397,ATL,"Atlanta, GA",1340,1348,8,0,1300-1359,1525,1518,0,1500-1559,0,,105,90,526,3,,,,,,
4,1,1,WN,N557WN,2077,14893,SMF,"Sacramento, CA",14107,PHX,"Phoenix, AZ",2130,2126,0,0,2100-2159,2315,2312,0,2300-2359,0,,105,106,647,3,,,,,,
4,7,7,AA,N9010R,1505,13198,MCI,"Kansas City, MO",11298,DFW,"Dallas/Fort Worth, TX",1559,1551,0,0,1500-1559,1744,1754,10,1700-1759,0,,105,123,460,2,,,,,,
4,14,7,WN,N7825A,4546,13204,MCO,"Orlando, FL",14122,PIT,"Pittsburgh, PA",1100,1257,117,1,1100-1159,1315,1458,103,1300-1359,0,,135,121,834,4,103,0,0,0,0,
4,5,5,NK,N905NK,1617,10423,AUS,"Austin, TX",11292,DEN,"Denver, CO",1931,1924,0,0,1900-1959,2058,2033,0,2000-2059,0,,147,129,775,4,,,,,,
4,21,7,WN,N423WN,4215,11433,DTW,"Detroit, MI",10821,BWI,"Baltimore, MD",0755,0748,0,0,0700-0759,0925,0903,0,0900-0959,0,,90,75,409,2,,,,,,
4,8,1,9E,N272PQ,5444,15919,XNA,"Fayetteville, AR",10397,ATL,"Atlanta, GA",1300,1248,0,0,1300-1359,1545,1540,0,1500-1559,0,,105,112,589,3,,,,,,
4,22,1,AA,N824AW,2012,12451,JAX,"Jacksonville, FL",14100,PHL,"Philadelphia, PA",0515,0510,0,0,0001-0559,0724,0840,76,0700-0759,0,,129,210,742,3,0,0,76,0,0,
4,15,1,AA,N805AW,2116,10721,BOS,"Boston, MA",11278,DCA,"Washington, DC",2000,1956,0,0,2000-2059,2146,2141,0,2100-2159,0,,106,105,399,2,,,,,,
4,11,4,G4,250NV,532,10466,AZA,"Phoenix, AZ",14314,PVU,"Provo, UT",0640,0639,0,0,0600-0659,0912,0922,10,0900-0959,0,,92,103,477,2,,,,,,
4,5,5,UA,N33289,1965,15304,TPA,"Tampa, FL",11618,EWR,"Newark, NJ",0600,0556,0,0,0600-0659,0835,0830,0,0800-0859,0,,155,154,997,4,,,,,,
4,14,7,OO,N774SK,4106,13487,MSP,"Minneapolis, MN",11267,DAY,"Dayton, OH",0955,0953,0,0,0900-0959,1245,1244,0,1200-1259,0,,110,111,574,3,,,,,,
4,26,5,OO,N941SW,5091,13930,ORD,"Chicago, IL",13121,LWB,"Lewisburg, WV",1400,1408,8,0,1400-1459,1644,1714,30,1600-1659,0,,104,126,489,2,8,0,22,0,0,
4,12,5,EV,N16981,4157,12266,IAH,"Houston, TX",12951,LFT,"Lafayette, LA",1835,1831,0,0,1800-1859,1934,1928,0,1900-1959,0,,59,57,201,1,,,,,,
4,29,1,DL,N6704Z,932,14771,SFO,"San Francisco, CA",10721,BOS,"Boston, MA",2230,2227,0,0,2200-2259,0728,0649,0,0700-0759,0,,358,322,2704,11,,,,,,
4,10,3,AA,N717UW,1926,11057,CLT,"Charlotte, NC",14122,PIT,"Pittsburgh, PA",1455,1451,0,0,1400-1459,1625,1618,0,1600-1659,0,,90,87,366,2,,,,,,
4,9,2,AA,N732US,1684,14100,PHL,"Philadelphia, PA",14122,PIT,"Pittsburgh, PA",2040,2040,0,0,2000-2059,2158,2146,0,2100-2159,0,,78,66,268,2,,,,,,
4,26,5,OO,N706SK,3034,12892,LAX,"Los Angeles, CA",14489,RDM,"Bend/Redmond, OR",0915,0904,0,0,0900-0959,1128,1115,0,1100-1159,0,,133,131,726,3,,,,,,
4,3,3,AA,N828AW,1934,14685,SAV,"Savannah, GA",11057,CLT,"Charlotte, NC",1615,1610,0,0,1600-1659,1725,1714,0,1700-1759,0,,70,64,213,1,,,,,,
4,29,1,AA,N929AA,1316,11298,DFW,"Dallas/Fort Worth, TX",14057,PDX,"Portland, OR",0845,0930,45,1,0800-0859,1100,1130,30,1100-1159,0,,255,240,1616,7,3,0,0,0,27,
4,21,7,OH,N509AE,5639,11193,CVG,"Cincinnati, OH",14100,PHL,"Philadelphia, PA",1736,1726,0,0,1700-1759,1925,1900,0,1900-1959,0,,109,94,507,3,,,,,,
4,9,2,OH,N260JS,5613,11278,DCA,"Washington, DC",11042,CLE,"Cleveland, OH",2220,2223,3,0,2200-2259,2343,2348,5,2300-2359,0,,83,85,310,2,,,,,,
4,25,4,B6,N535JB,306,11697,FLL,"Fort Lauderdale, FL",11618,EWR,"Newark, NJ",0835,0830,0,0,0800-0859,1133,1116,0,1100-1159,0,,178,166,1065,5,,,,,,
4,16,2,DL,N3733Z,1632,11292,DEN,"Denver, CO",14869,SLC,"Salt Lake City, UT",1430,1427,0,0,1400-1459,1557,1607,10,1500-1559,0,,87,100,391,2,,,,,,
4,2,2,DL,N3773D,1604,12892,LAX,"Los Angeles, CA",13495,MSY,"New Orleans, LA",0940,0937,0,0,0900-0959,1519,1457,0,1500-1559,0,,219,200,1670,7,,,,,,
4,25,4,EV,N16976,4323,11618,EWR,"Newark, NJ",11042,CLE,"Cleveland, OH",1659,1650,0,0,1600-1659,1846,1845,0,1800-1859,0,,107,115,404,2,,,,,,
4,7,7,F9,N311FR,2090,14893,SMF,"Sacramento, CA",12889,LAS,"Las Vegas, NV",1923,1912,0,0,1900-1959,2051,2034,0,2000-2059,0,,88,82,397,2,,,,,,
4,21,7,AA,N107US,617,10529,BDL,"Hartford, CT",11057,CLT,"Charlotte, NC",1925,1922,0,0,1900-1959,2136,2131,0,2100-2159,0,,131,129,644,3,,,,,,
4,11,4,NK,N694NK,562,12889,LAS,"Las Vegas, NV",13796,OAK,"Oakland, CA",0840,0836,0,0,0800-0859,1010,1008,0,1000-1059,0,,90,92,407,2,,,,,,
4,12,5,DL,N331DN,2934,11433,DTW,"Detroit, MI",14679,SAN,"San Diego, CA",0830,0824,0,0,0800-0859,1030,0951,0,1000-1059,0,,300,267,1956,8,,,,,,
4,11,4,UA,N16703,1730,13930,ORD,"Chicago, IL",10693,BNA,"Nashville, TN",1000,1011,11,0,1000-1059,1135,1143,8,1100-1159,0,,95,92,409,2,,,,,,
4,2,2,F9,N207FR,2066,12889,LAS,"Las Vegas, NV",14492,RDU,"Raleigh/Durham, NC",2350,2348,0,0,2300-2359,0704,0657,0,0700-0759,0,,254,249,2026,9,,,,,,
4,15,1,WN,N422WN,818,10397,ATL,"Atlanta, GA",13495,MSY,"New Orleans, LA",2155,2157,2,0,2100-2159,2225,2221,0,2200-2259,0,,90,84,425,2,,,,,,
4,27,6,9E,N931XJ,3363,12339,IND,"Indianapolis, IN",13487,MSP,"Minneapolis, MN",1607,1602,0,0,1600-1659,1657,1645,0,1600-1659,0,,110,103,503,3,,,,,,
4,22,1,YX,N858RW,3655,11057,CLT,"Charlotte, NC",11618,EWR,"Newark, NJ",0600,0555,0,0,0600-0659,0755,0749,0,0700-0759,0,,115,114,529,3,,,,,,
4,8,1,9E,N331PQ,5233,12478,JFK,"New York, NY",12339,IND,"Indianapolis, IN",1815,1810,0,0,1800-1859,2045,2011,0,2000-2059,0,,150,121,665,3,,,,,,
4,23,2,OO,N247SY,3831,12954,LGB,"Long Beach, CA",14869,SLC,"Salt Lake City, UT",1017,1004,0,0,1000-1059,1312,1307,0,1300-1359,0,,115,123,588,3,,,,,,
4,6,6,9E,N921XJ,5032,11433,DTW,"Detroit, MI",10785,BTV,"Burlington, VT",1545,1542,0,0,1500-1559,1728,1723,0,1700-1759,0,,103,101,537,3,,,,,,
4,1,1,WN,,2339,13204,MCO,"Orlando, FL",13342,MKE,"Milwaukee, WI",0720,,,,0700-0759,0920,,,0900-0959,1,A,180,,1066,5,,,,,,
4,20,6,OH,N507AE,5417,11193,CVG,"Cincinnati, OH",14100,PHL,"Philadelphia, PA",0554,0553,0,0,0001-0559,0738,0734,0,0700-0759,0,,104,101,507,3,,,,,,
4,26,5,AS,N569AS,882,14831,SJC,"San Jose, CA",14679,SAN,"San Diego, CA",2055,2048,0,0,2000-2059,2220,2208,0,2200-2259,0,,85,80,417,2,,,,,,
4,3,3,MQ,N925AE,3624,13930,ORD,"Chicago, IL",15295,TOL,"Toledo, OH",1640,1638,0,0,1600-1659,1839,1830,0,1800-1859,0,,59,52,213,1,,,,,,
4,9,2,AS,N593AS,62,14828,SIT,"Sitka, AK",12819,KTN,"Ketchikan, AK",1210,1152,0,0,1200-1259,1300,1253,0,1300-1359,0,,50,61,183,1,,,,,,
4,9,2,B6,N648JB,1600,10721,BOS,"Boston, MA",11278,DCA,"Washington, DC",0538,0529,0,0,0001-0559,0719,0702,0,0700-0759,0,,101,93,399,2,,,,,,
4,1,1,WN,N959WN,105,12892,LAX,"Los Angeles, CA",14893,SMF,"Sacramento, CA",1845,2143,178,1,1800-1859,2005,2258,173,2000-2059,0,,80,75,373,2,114,0,0,0,59,
4,23,2,DL,N854DN,1993,12478,JFK,"New York, NY",10397,ATL,"Atlanta, GA",1725,1720,0,0,1700-1759,2009,1922,0,2000-2059,0,,164,122,760,4,,,,,,
4,28,7,G4,320NV,2229,12992,LIT,"Little Rock, AR",14761,SFB,"Sanford, FL",2021,2003,0,0,2000-2059,2320,2253,0,2300-2359,0,,119,110,765,4,,,,,,
4,10,3,DL,N970AT,2087,10868,CAE,"Columbia, SC",10397,ATL,"Atlanta, GA",1620,1617,0,0,1600-1659,1732,1717,0,1700-1759,0,,72,60,192,1,,,,,,
4,20,6,AA,N178US,1351,15304,TPA,"Tampa, FL",11298,DFW,"Dallas/Fort Worth, TX",1131,1144,13,0,1100-1159,1323,1323,0,1300-1359,0,,172,159,929,4,,,,,,
4,5,5,WN,N435WN,2208,12892,LAX,"Los Angeles, CA",14107,PHX,"Phoenix, AZ",1550,1553,3,0,1500-1559,1715,1720,5,1700-1759,0,,85,87,370,2,,,,,,
4,11,4,YX,N107HQ,4440,13577,MYR,"Myrtle Beach, SC",11278,DCA,"Washington, DC",1432,1418,0,0,1400-1459,1555,1529,0,1500-1559,0,,83,71,372,2,,,,,,
4,15,1,WN,N7842A,784,13232,MDW,"Chicago, IL",14747,SEA,"Seattle, WA",1205,1216,11,0,1200-1259,1435,1455,20,1400-1459,0,,270,279,1733,7,0,0,9,0,11,
4,18,4,NK,N649NK,975,11433,DTW,"Detroit, MI",11292,DEN,"Denver, CO",1722,1715,0,0,1700-1759,1835,1821,0,1800-1859,0,,193,186,1123,5,,,,,,
4,11,4,OO,N767SK,3172,15412,TYS,"Knoxville, TN",11298,DFW,"Dallas/Fort Worth, TX",1631,1628,0,0,1600-1659,1800,1801,1,1800-1859,0,,149,153,771,4,,,,,,
4,3,3,UA,N79521,1615,11042,CLE,"Cleveland, OH",14771,SFO,"San Francisco, CA",0733,0724,0,0,0700-0759,0957,0954,0,0900-0959,0,,324,330,2161,9,,,,,,
4,2,2,WN,N429WN,610,15016,STL,"St. Louis, MO",14100,PHL,"Philadelphia, PA",0825,0821,0,0,0800-0859,1130,1117,0,1100-1159,0,,125,116,814,4,,,,,,
4,20,6,G4,318NV,34,12889,LAS,"Las Vegas, NV",14570,RNO,"Reno, NV",1448,1448,0,0,1400-1459,1610,1603,0,1600-1659,0,,82,75,345,2,,,,,,
4,27,6,9E,N903XJ,3335,14122,PIT,"Pittsburgh, PA",12478,JFK,"New York, NY",1038,1111,33,1,1000-1059,1210,1244,34,1200-1259,0,,92,93,340,2,33,0,1,0,0,
4,9,2,UA,N73256,1949,14262,PSP,"Palm Springs, CA",11292,DEN,"Denver, CO",0700,0657,0,0,0700-0759,1006,0955,0,1000-1059,0,,126,118,776,4,,,,,,
4,19,5,AS,N836VA,1014,14747,SEA,"Seattle, WA",13930,ORD,"Chicago, IL",0640,0633,0,0,0600-0659,1250,1229,0,1200-1259,0,,250,236,1721,7,,,,,,
4,30,2,DL,N914DU,1937,10397,ATL,"Atlanta, GA",11252,DAB,"Daytona Beach, FL",2237,2239,2,0,2200-2259,2359,2349,0,2300-2359,0,,82,70,366,2,,,,,,
4,26,5,AA,N917UY,1788,11057,CLT,"Charlotte, NC",12953,LGA,"New York, NY",0837,0833,0,0,0800-0859,1030,1029,0,1000-1059,0,,113,116,544,3,,,,,,
4,11,4,WN,N7732A,1209,11618,EWR,"Newark, NJ",15016,STL,"St. Louis, MO",0755,0758,3,0,0700-0759,0930,0951,21,0900-0959,0,,155,173,872,4,0,0,21,0,0,
4,20,6,WN,N8690A,2902,15304,TPA,"Tampa, FL",13296,MHT,"Manchester, NH",1850,1853,3,0,1800-1859,2145,2130,0,2100-2159,0,,175,157,1204,5,,,,,,
4,29,1,UA,N456UA,204,12889,LAS,"Las Vegas, NV",11618,EWR,"Newark, NJ",1645,1039,1074,1,1600-1659,0046,1827,1061,0001-0559,0,,301,288,2227,9,708,0,0,0,353,
4,1,1,OO,N208SY,5510,12892,LAX,"Los Angeles, CA",14698,SBP,"San Luis Obispo, CA",2235,2234,0,0,2200-2259,2348,2325,0,2300-2359,0,,73,51,156,1,,,,,,
4,28,7,DL,N916DU,1620,12889,LAS,"Las Vegas, NV",12478,JFK,"New York, NY",0953,0957,4,0,0900-0959,1759,1727,0,1700-1759,0,,306,270,2248,9,,,,,,
4,26,5,9E,N133EV,5059,13367,MLI,"Moline, IL",10397,ATL,"Atlanta, GA",1123,1118,0,0,1100-1159,1417,1352,0,1400-1459,0,,114,94,633,3,,,,,,
4,26,5,OH,N596NN,5368,11057,CLT,"Charlotte, NC",10994,CHS,"Charleston, SC",0940,1124,104,1,0900-0959,1051,1209,78,1000-1059,0,,71,45,168,1,0,0,0,0,78,
4,24,3,9E,N8976E,5099,11057,CLT,"Charlotte, NC",11193,CVG,"Cincinnati, OH",0922,0916,0,0,0900-0959,1042,1043,1,1000-1059,0,,80,87,335,2,,,,,,
4,28,7,WN,N8311Q,4491,10821,BWI,"Baltimore, MD",10994,CHS,"Charleston, SC",1135,1134,0,0,1100-1159,1310,1304,0,1300-1359,0,,95,90,472,2,,,,,,
4,29,1,WN,N782SA,460,10529,BDL,"Hartford, CT",10821,BWI,"Baltimore, MD",1200,1219,19,1,1200-1259,1315,1328,13,1300-1359,0,,75,69,283,2,,,,,,
4,30,2,NK,N650NK,195,12889,LAS,"Las Vegas, NV",13198,MCI,"Kansas City, MO",0957,1048,51,1,0900-0959,1438,1529,51,1400-1459,0,,161,161,1139,5,5,0,0,0,46,
4,26,5,DL,N351DN,2979,10397,ATL,"Atlanta, GA",12889,LAS,"Las Vegas, NV",1820,1846,26,1,1800-1859,1958,1957,0,1900-1959,0,,278,251,1747,7,,,,,,
4,15,1,OH,N508AE,5184,11617,EWN,"New Bern/Morehead/Beaufort, NC",11057,CLT,"Charlotte, NC",1428,1500,32,1,1400-1459,1550,1603,13,1500-1559,0,,82,63,221,1,,,,,,
4,22,1,WN,N7859B,574,13232,MDW,"Chicago, IL",11042,CLE,"Cleveland, OH",1525,1547,22,1,1500-1559,1735,1749,14,1700-1759,0,,70,62,307,2,,,,,,
4,27,6,WN,N220WN,4922,14576,ROC,"Rochester, NY",10821,BWI,"Baltimore, MD",0610,0607,0,0,0600-0659,0725,0719,0,0700-0759,0,,75,72,277,2,,,,,,
4,4,4,OO,N145SY,5684,13851,OKC,"Oklahoma City, OK",11292,DEN,"Denver, CO",0615,0609,0,0,0600-0659,0659,0650,0,0600-0659,0,,104,101,495,2,,,,,,
4,17,3,WN,N904WN,1253,12889,LAS,"Las Vegas, NV",14107,PHX,"Phoenix, AZ",2010,2008,0,0,2000-2059,2115,2106,0,2100-2159,0,,65,58,255,2,,,,,,
4,21,7,AA,N714US,1764,13230,MDT,"Harrisburg, PA",11057,CLT,"Charlotte, NC",1716,1723,7,0,1700-1759,1900,1905,5,1900-1959,0,,104,102,413,2,,,,,,
4,22,1,OO,N693BR,5870,13930,ORD,"Chicago, IL",11995,GSO,"Greensboro/High Point, NC",1402,1355,0,0,1400-1459,1657,1710,13,1600-1659,0,,115,135,589,3,,,,,,
4,8,1,F9,N322FR,436,11292,DEN,"Denver, CO",13342,MKE,"Milwaukee, WI",1519,1519,0,0,1500-1559,1841,1834,0,1800-1859,0,,142,135,896,4,,,,,,
4,1,1,AA,N573UW,866,11057,CLT,"Charlotte, NC",11298,DFW,"Dallas/Fort Worth, TX",1506,1516,10,0,1500-1559,1703,1703,0,1700-1759,0,,177,167,936,4,,,,,,
4,19,5,OO,N710SK,3210,14107,PHX,"Phoenix, AZ",10800,BUR,"Burbank, CA",0738,0732,0,0,0700-0759,0917,0859,0,0900-0959,0,,99,87,369,2,,,,,,
4,6,6,WN,N256WN,3502,10693,BNA,"Nashville, TN",11481,ECP,"Panama City, FL",1300,1314,14,0,1300-1359,1420,1425,5,1400-1459,0,,80,71,401,2,,,,,,
4,3,3,OO,N976SW,5937,12992,LIT,"Little Rock, AR",11292,DEN,"Denver, CO",1105,1058,0,0,1100-1159,1229,1208,0,1200-1259,0,,144,130,771,4,,,,,,
4,20,6,B6,N509JB,495,12197,HPN,"White Plains, NY",13204,MCO,"Orlando, FL",1444,1548,64,1,1400-1459,1734,1846,72,1700-1759,0,,170,178,972,4,64,0,8,0,0,
4,16,2,UA,N495UA,1834,11298,DFW,"Dallas/Fort Worth, TX",11618,EWR,"Newark, NJ",1915,1905,0,0,1900-1959,2334,2315,0,2300-2359,0,,199,190,1372,6,,,,,,
4,10,3,MQ,N815AE,3996,11778,FSM,"Fort Smith, AR",11298,DFW,"Dallas/Fort Worth, TX",1826,1821,0,0,1800-1859,1939,1925,0,1900-1959,0,,73,64,227,1,,,,,,
4,24,3,AA,N662AW,443,11278,DCA,"Washington, DC",11057,CLT,"Charlotte, NC",1659,1652,0,0,1600-1659,1836,1804,0,1800-1859,0,,97,72,331,2,,,,,,
4,21,7,WN,N208WN,3283,10397,ATL,"Atlanta, GA",11278,DCA,"Washington, DC",2040,2040,0,0,2000-2059,2225,2222,0,2200-2259,0,,105,102,547,3,,,,,,
4,26,5,NK,N905NK,529,14122,PIT,"Pittsburgh, PA",14635,RSW,"Fort Myers, FL",1427,1420,0,0,1400-1459,1703,1649,0,1700-1759,0,,156,149,966,4,,,,,,
4,24,3,WN,N286WN,973,13232,MDW,"Chicago, IL",13296,MHT,"Manchester, NH",2220,2355,95,1,2200-2259,0120,0245,85,0001-0559,0,,120,110,838,4,67,0,0,0,18,
4,2,2,WN,N467WN,776,11618,EWR,"Newark, NJ",13232,MDW,"Chicago, IL",1800,1755,0,0,1800-1859,1925,1901,0,1900-1959,0,,145,126,711,3,,,,,,
4,19,5,AA,N997AA,2511,12889,LAS,"Las Vegas, NV",11298,DFW,"Dallas/Fort Worth, TX",1924,1915,0,0,1900-1959,2359,2337,0,2300-2359,0,,155,142,1055,5,,,,,,
4,3,3,WN,N7850B,42,11278,DCA,"Washington, DC",15016,STL,"St. Louis, MO",1135,1217,42,1,1100-1159,1255,1329,34,1200-1259,0,,140,132,719,3,0,0,0,0,34,
4,17,3,OH,N595NN,5616,13342,MKE,"Milwaukee, WI",11057,CLT,"Charlotte, NC",1630,1622,0,0,1600-1659,1934,1920,0,1900-1959,0,,124,118,651,3,,,,,,
4,16,2,YV,N246LR,5963,11540,ELP,"El Paso, TX",11298,DFW,"Dallas/Fort Worth, TX",1817,1814,0,0,1800-1859,2100,2057,0,2100-2159,0,,103,103,551,3,,,,,,
4,7,7,NK,N526NK,212,15024,STT,"Charlotte Amalie, VI",11697,FLL,"Fort Lauderdale, FL",1630,1619,0,0,1600-1659,1938,1909,0,1900-1959,0,,188,170,1107,5,,,,,,
4,23,2,WN,N402WN,1550,11278,DCA,"Washington, DC",11697,FLL,"Fort Lauderdale, FL",1335,1330,0,0,1300-1359,1615,1542,0,1600-1659,0,,160,132,899,4,,,,,,
4,2,2,DL,N367DN,2957,10397,ATL,"Atlanta, GA",12953,LGA,"New York, NY",2130,2127,0,0,2100-2159,2343,2329,0,2300-2359,0,,133,122,762,4,,,,,,
4,5,5,DL,N973DL,2407,14193,PNS,"Pensacola, FL",10397,ATL,"Atlanta, GA",1125,1122,0,0,1100-1159,1344,1340,0,1300-1359,0,,79,78,271,2,,,,,,
4,17,3,AA,N913US,517,11298,DFW,"Dallas/Fort Worth, TX",11057,CLT,"Charlotte, NC",1520,1519,0,0,1500-1559,1853,1836,0,1800-1859,0,,153,137,936,4,,,,,,
4,27,6,NK,N504NK,563,13930,ORD,"Chicago, IL",14679,SAN,"San Diego, CA",1026,1019,0,0,1000-1059,1300,1255,0,1300-1359,0,,274,276,1723,7,,,,,,
4,24,3,9E,N137EV,5286,12266,IAH,"Houston, TX",11433,DTW,"Detroit, MI",1251,1253,2,0,1200-1259,1644,1626,0,1600-1659,0,,173,153,1075,5,,,,,,
4,20,6,AS,N583AS,403,12892,LAX,"Los Angeles, CA",14747,SEA,"Seattle, WA",0600,0551,0,0,0600-0659,0855,0834,0,0800-0859,0,,175,163,954,4,,,,,,
4,8,1,DL,N932AT,2540,11986,GRR,"Grand Rapids, MI",11433,DTW,"Detroit, MI",0515,0519,4,0,0001-0559,0619,0615,0,0600-0659,0,,64,56,120,1,,,,,,
4,24,3,DL,N338DN,2178,13204,MCO,"Orlando, FL",12478,JFK,"New York, NY",1200,1157,0,0,1200-1259,1436,1439,3,1400-1459,0,,156,162,944,4,,,,,,
4,20,6,OO,N831SK,3610,13851,OKC,"Oklahoma City, OK",13487,MSP,"Minneapolis, MN",0700,0654,0,0,0700-0759,0910,0900,0,0900-0959,0,,130,126,694,3,,,,,,
4,15,1,AA,N960AN,346,11298,DFW,"Dallas/Fort Worth, TX",13495,MSY,"New Orleans, LA",1825,2040,135,1,1800-1859,1950,2204,134,1900-1959,0,,85,84,447,2,19,0,0,0,115,
4,18,4,UA,N27733,2189,13930,ORD,"Chicago, IL",14100,PHL,"Philadelphia, PA",0928,0924,0,0,0900-0959,1228,1215,0,1200-1259,0,,120,111,678,3,,,,,,
4,21,7,AS,N594AS,858,12982,LIH,"Lihue, HI",14679,SAN,"San Diego, CA",1210,1157,0,0,1200-1259,2045,2030,0,2000-2059,0,,335,333,2676,11,,,,,,
4,13,6,WN,N228WN,3720,10800,BUR,"Burbank, CA",14831,SJC,"San Jose, CA",1805,1813,8,0,1800-1859,1915,1910,0,1900-1959,0,,70,57,296,2,,,,,,
4,15,1,DL,N684DA,970,10397,ATL,"Atlanta, GA",14635,RSW,"Fort Myers, FL",1559,1559,0,0,1500-1559,1739,1735,0,1700-1759,0,,100,96,515,3,,,,,,
4,11,4,DL,N3755D,1474,10693,BNA,"Nashville, TN",10397,ATL,"Atlanta, GA",1457,1452,0,0,1400-1459,1705,1656,0,1700-1759,0,,68,64,214,1,,,,,,
4,9,2,OO,N246SY,4096,11423,DSM,"Des Moines, IA",14869,SLC,"Salt Lake City, UT",1753,1755,2,0,1700-1759,1945,2005,20,1900-1959,0,,172,190,955,4,2,0,18,0,0,
4,19,5,OO,N766SK,3077,13244,MEM,"Memphis, TN",13930,ORD,"Chicago, IL",0505,0500,0,0,0001-0559,0700,0634,0,0700-0759,0,,115,94,491,2,,,,,,
4,2,2,MQ,N905JH,3657,11986,GRR,"Grand Rapids, MI",13930,ORD,"Chicago, IL",1414,1414,0,0,1400-1459,1420,1418,0,1400-1459,0,,66,64,137,1,,,,,,
4,14,7,F9,N714FR,556,14679,SAN,"San Diego, CA",11292,DEN,"Denver, CO",1338,1345,7,0,1300-1359,1708,1706,0,1700-1759,0,,150,141,853,4,,,,,,
4,22,1,YX,N130HQ,4486,11278,DCA,"Washington, DC",13296,MHT,"Manchester, NH",1459,1459,0,0,1400-1459,1635,1654,19,1600-1659,0,,96,115,406,2,0,0,19,0,0,
4,5,5,WN,N445WN,995,14492,RDU,"Raleigh/Durham, NC",13204,MCO,"Orlando, FL",1145,1207,22,1,1100-1159,1330,1339,9,1300-1359,0,,105,92,534,3,,,,,,
4,21,7,MQ,N254NN,4065,11298,DFW,"Dallas/Fort Worth, TX",11003,CID,"Cedar Rapids/Iowa City, IA",1640,1638,0,0,1600-1659,1837,1829,0,1800-1859,0,,117,111,685,3,,,,,,
4,19,5,YX,N721YX,3586,12266,IAH,"Houston, TX",11042,CLE,"Cleveland, OH",1622,1619,0,0,1600-1659,2007,2008,1,2000-2059,0,,165,169,1091,5,,,,,,
4,17,3,WN,N8647A,15,14492,RDU,"Raleigh/Durham, NC",11259,DAL,"Dallas, TX",0715,0707,0,0,0700-0759,0905,0858,0,0900-0959,0,,170,171,1052,5,,,,,,
4,6,6,MQ,N902BC,3896,13930,ORD,"Chicago, IL",13367,MLI,"Moline, IL",1713,1736,23,1,1700-1759,1808,1814,6,1800-1859,0,,55,38,139,1,,,,,,
4,2,2,B6,N281JB,218,11057,CLT,"Charlotte, NC",12478,JFK,"New York, NY",1002,1004,2,0,1000-1059,1208,1243,35,1200-1259,0,,126,159,541,3,2,0,33,0,0,
4,9,2,WN,N473WN,1484,11042,CLE,"Cleveland, OH",13232,MDW,"Chicago, IL",1605,1600,0,0,1600-1659,1620,1606,0,1600-1659,0,,75,66,307,2,,,,,,
4,2,2,YX,N438YX,4452,14100,PHL,"Philadelphia, PA",11066,CMH,"Columbus, OH",2040,2030,0,0,2000-2059,2221,2204,0,2200-2259,0,,101,94,406,2,,,,,,
4,10,3,DL,N369NB,2066,12892,LAX,"Los Angeles, CA",11298,DFW,"Dallas/Fort Worth, TX",0915,0911,0,0,0900-0959,1415,1350,0,1400-1459,0,,180,159,1235,5,,,,,,
4,28,7,9E,N330PQ,3322,12953,LGA,"New York, NY",14122,PIT,"Pittsburgh, PA",1345,1333,0,0,1300-1359,1517,1507,0,1500-1559,0,,92,94,335,2,,,,,,
4,27,6,WN,N271LV,3553,10821,BWI,"Baltimore, MD",10257,ALB,"Albany, NY",2155,2155,0,0,2100-2159,2305,2306,1,2300-2359,0,,70,71,289,2,,,,,,
4,3,3,OO,N919EV,3949,10397,ATL,"Atlanta, GA",15607,VLD,"Valdosta, GA",1458,1456,0,0,1400-1459,1600,1551,0,1600-1659,0,,62,55,208,1,,,,,,
4,24,3,DL,N346NB,1462,11433,DTW,"Detroit, MI",10721,BOS,"Boston, MA",0725,0719,0,0,0700-0759,0924,0905,0,0900-0959,0,,119,106,632,3,,,,,,
4,15,1,DL,N931DN,1699,11042,CLE,"Cleveland, OH",10397,ATL,"Atlanta, GA",1906,1932,26,1,1900-1959,2052,2107,15,2000-2059,0,,106,95,554,3,3,0,0,0,12,
4,10,3,WN,N8567Z,462,15016,STL,"St. Louis, MO",12892,LAX,"Los Angeles, CA",0705,0703,0,0,0700-0759,0910,0914,4,0900-0959,0,,245,251,1592,7,,,,,,
4,13,6,DL,N331NB,1731,12892,LAX,"Los Angeles, CA",14057,PDX,"Portland, OR",1920,1916,0,0,1900-1959,2135,2127,0,2100-2159,0,,135,131,834,4,,,,,,
4,19,5,AA,N205UW,1945,13830,OGG,"Kahului, HI",14107,PHX,"Phoenix, AZ",2124,2112,0,0,2100-2159,0601,0543,0,0600-0659,0,,337,331,2845,11,,,,,,
4,4,4,OO,N946SW,5363,13851,OKC,"Oklahoma City, OK",11292,DEN,"Denver, CO",1650,1644,0,0,1600-1659,1749,1721,0,1700-1759,0,,119,97,495,2,,,,,,
4,1,1,AA,N814NN,2402,14908,SNA,"Santa Ana, CA",11298,DFW,"Dallas/Fort Worth, TX",1055,1053,0,0,1000-1059,1550,1537,0,1500-1559,0,,175,164,1205,5,,,,,,
4,29,1,DL,N956AT,2399,11481,ECP,"Panama City, FL",10397,ATL,"Atlanta, GA",1440,1436,0,0,1400-1459,1655,1635,0,1600-1659,0,,75,59,240,1,,,,,,
4,8,1,OO,N196SY,3308,14057,PDX,"Portland, OR",11259,DAL,"Dallas, TX",0630,0624,0,0,0600-0659,1225,1155,0,1200-1259,0,,235,211,1626,7,,,,,,
4,29,1,WN,N8533S,788,11986,GRR,"Grand Rapids, MI",13232,MDW,"Chicago, IL",0720,0807,47,1,0700-0759,0720,0808,48,0700-0759,0,,60,61,137,1,47,0,1,0,0,
4,30,2,OH,N501BG,5355,10693,BNA,"Nashville, TN",11278,DCA,"Washington, DC",1313,1303,0,0,1300-1359,1559,1539,0,1500-1559,0,,106,96,562,3,,,,,,
4,13,6,YV,N918FJ,5720,11298,DFW,"Dallas/Fort Worth, TX",13422,MOB,"Mobile, AL",1300,1536,156,1,1300-1359,1437,1718,161,1400-1459,0,,97,102,539,3,0,156,5,0,0,
4,21,7,YV,N519LR,6006,12264,IAD,"Washington, DC",13931,ORF,"Norfolk, VA",1300,1255,0,0,1300-1359,1402,1349,0,1400-1459,0,,62,54,157,1,,,,,,
4,30,2,AA,N966NN,1045,13930,ORD,"Chicago, IL",14747,SEA,"Seattle, WA",1000,0956,0,0,1000-1059,1240,1255,15,1200-1259,0,,280,299,1721,7,0,0,15,0,0,
4,22,1,UA,N469UA,2368,12953,LGA,"New York, NY",11292,DEN,"Denver, CO",1542,1604,22,1,1500-1559,1810,1841,31,1800-1859,0,,268,277,1620,7,22,0,9,0,0,
4,16,2,9E,N320PQ,5021,10397,ATL,"Atlanta, GA",12945,LEX,"Lexington, KY",1636,1658,22,1,1600-1659,1753,1803,10,1700-1759,0,,77,65,304,2,,,,,,
4,25,4,OO,N913EV,4009,10397,ATL,"Atlanta, GA",15607,VLD,"Valdosta, GA",2112,2111,0,0,2100-2159,2216,2203,0,2200-2259,0,,64,52,208,1,,,,,,
4,18,4,DL,N696DL,942,10397,ATL,"Atlanta, GA",14635,RSW,"Fort Myers, FL",0816,0812,0,0,0800-0859,0955,0937,0,0900-0959,0,,99,85,515,3,,,,,,
4,26,5,AA,N757UW,2053,14683,SAT,"San Antonio, TX",14107,PHX,"Phoenix, AZ",0615,0609,0,0,0600-0659,0647,0628,0,0600-0659,0,,152,139,843,4,,,,,,
4,3,3,OH,N716PS,5575,11641,FAY,"Fayetteville, NC",11057,CLT,"Charlotte, NC",0545,0541,0,0,0001-0559,0642,0630,0,0600-0659,0,,57,49,118,1,,,,,,
4,2,2,AS,N579AS,904,11630,FAI,"Fairbanks, AK",10299,ANC,"Anchorage, AK",0800,1505,425,1,0800-0859,0905,1602,417,0900-0959,0,,65,57,261,2,417,0,0,0,0,
4,24,3,OH,N245PS,5412,14576,ROC,"Rochester, NY",11278,DCA,"Washington, DC",0531,0527,0,0,0001-0559,0659,0636,0,0600-0659,0,,88,69,296,2,,,,,,
4,3,3,AA,N114UW,788,11057,CLT,"Charlotte, NC",13204,MCO,"Orlando, FL",1050,1045,0,0,1000-1059,1227,1227,0,1200-1259,0,,97,102,468,2,,,,,,
4,30,2,WN,N7843A,2013,13495,MSY,"New Orleans, LA",11292,DEN,"Denver, CO",0920,0958,38,1,0900-0959,1115,1136,21,1100-1159,0,,175,158,1062,5,8,0,0,0,13,
4,21,7,OO,N154SY,5502,12892,LAX,"Los Angeles, CA",14689,SBA,"Santa Barbara, CA",1125,1114,0,0,1100-1159,1224,1205,0,1200-1259,0,,59,51,89,1,,,,,,
4,27,6,YX,N138HQ,4545,14027,PBI,"West Palm Beach/Palm Beach, FL",11278,DCA,"Washington, DC",1447,1439,0,0,1400-1459,1716,1709,0,1700-1759,0,,149,150,857,4,,,,,,
4,19,5,YV,N245LR,5742,13891,ONT,"Ontario, CA",14107,PHX,"Phoenix, AZ",1156,1147,0,0,1100-1159,1315,1251,0,1300-1359,0,,79,64,325,2,,,,,,
4,30,2,DL,N915DN,318,10397,ATL,"Atlanta, GA",12266,IAH,"Houston, TX",0913,0910,0,0,0900-0959,1029,1015,0,1000-1059,0,,136,125,689,3,,,,,,
4,7,7,WN,N205WN,5403,15370,TUL,"Tulsa, OK",11259,DAL,"Dallas, TX",0605,0604,0,0,0600-0659,0710,0701,0,0700-0759,0,,65,57,238,1,,,,,,
4,14,7,WN,N8548P,5487,14831,SJC,"San Jose, CA",13891,ONT,"Ontario, CA",0735,0729,0,0,0700-0759,0850,0837,0,0800-0859,0,,75,68,333,2,,,,,,
4,18,4,WN,N717SA,1726,10397,ATL,"Atlanta, GA",12339,IND,"Indianapolis, IN",0905,0903,0,0,0900-0959,1040,1030,0,1000-1059,0,,95,87,432,2,,,,,,
4,10,3,WN,N7740A,1679,12339,IND,"Indianapolis, IN",13796,OAK,"Oakland, CA",0730,0729,0,0,0700-0759,0915,0911,0,0900-0959,0,,285,282,1933,8,,,,,,
4,26,5,UA,N12754,2086,15096,SYR,"Syracuse, NY",13930,ORD,"Chicago, IL",0700,0650,0,0,0700-0759,0812,0748,0,0800-0859,0,,132,118,607,3,,,,,,
4,22,1,DL,N330DX,2711,11697,FLL,"Fort Lauderdale, FL",11433,DTW,"Detroit, MI",1211,1206,0,0,1200-1259,1513,1505,0,1500-1559,0,,182,179,1127,5,,,,,,
4,27,6,OO,N710SK,3292,14696,SBN,"South Bend, IN",11057,CLT,"Charlotte, NC",1710,1659,0,0,1700-1759,1915,1832,0,1900-1959,0,,125,93,534,3,,,,,,
4,21,7,B6,N273JB,2283,10721,BOS,"Boston, MA",14492,RDU,"Raleigh/Durham, NC",0619,0610,0,0,0600-0659,0825,0817,0,0800-0859,0,,126,127,612,3,,,,,,
4,18,4,OO,N8903A,7397,14869,SLC,"Salt Lake City, UT",14794,SGU,"St. George, UT",2215,2209,0,0,2200-2259,2325,2301,0,2300-2359,0,,70,52,272,2,,,,,,
4,27,6,YV,N917FJ,5746,14107,PHX,"Phoenix, AZ",11540,ELP,"El Paso, TX",1526,1523,0,0,1500-1559,1737,1730,0,1700-1759,0,,71,67,347,2,,,,,,
4,6,6,WN,N7835A,3732,13204,MCO,"Orlando, FL",11278,DCA,"Washington, DC",1305,1342,37,1,1300-1359,1515,1538,23,1500-1559,0,,130,116,759,4,23,0,0,0,0,
4,16,2,WN,N7747C,634,14771,SFO,"San Francisco, CA",10800,BUR,"Burbank, CA",0925,0923,0,0,0900-0959,1045,1027,0,1000-1059,0,,80,64,326,2,,,,,,
4,17,3,WN,N8561Z,2050,10821,BWI,"Baltimore, MD",11697,FLL,"Fort Lauderdale, FL",0910,0905,0,0,0900-0959,1145,1125,0,1100-1159,0,,155,140,925,4,,,,,,
4,30,2,OO,N8933B,4125,15323,TRI,"Bristol/Johnson City/Kingsport, TN",10397,ATL,"Atlanta, GA",1521,1504,0,0,1500-1559,1634,1608,0,1600-1659,0,,73,64,227,1,,,,,,
4,21,7,YV,N80348,6087,12124,HHH,"Hilton Head, SC",12264,IAD,"Washington, DC",1445,1446,1,0,1400-1459,1625,1636,11,1600-1659,0,,100,110,498,2,,,,,,
4,14,7,OO,N923EV,7408,11433,DTW,"Detroit, MI",14150,PLN,"Pellston, MI",2014,2042,28,1,2000-2059,2125,2145,20,2100-2159,0,,71,63,243,1,0,0,0,0,20,
4,9,2,WN,N8604K,883,14893,SMF,"Sacramento, CA",13204,MCO,"Orlando, FL",1055,1102,7,0,1000-1059,1905,1849,0,1900-1959,0,,310,287,2408,10,,,,,,
4,8,1,WN,N945WN,1882,14747,SEA,"Seattle, WA",14679,SAN,"San Diego, CA",1800,1946,106,1,1800-1859,2050,2247,117,2000-2059,0,,170,181,1050,5,98,0,11,0,8,
4,22,1,DL,N959AT,1859,11618,EWR,"Newark, NJ",10397,ATL,"Atlanta, GA",0932,0921,0,0,0900-0959,1153,1125,0,1100-1159,0,,141,124,746,3,,,,,,
4,28,7,9E,N8694A,5356,12478,JFK,"New York, NY",10821,BWI,"Baltimore, MD",1758,1754,0,0,1700-1759,1916,1900,0,1900-1959,0,,78,66,184,1,,,,,,
4,7,7,UA,N855UA,1213,12953,LGA,"New York, NY",13930,ORD,"Chicago, IL",1300,1420,80,1,1300-1359,1433,1549,76,1400-1459,0,,153,149,733,3,0,0,1,0,75,
4,9,2,WN,N7845A,1446,12892,LAX,"Los Angeles, CA",14831,SJC,"San Jose, CA",1555,1552,0,0,1500-1559,1715,1658,0,1700-1759,0,,80,66,308,2,,,,,,
4,16,2,AS,N568AS,325,10423,AUS,"Austin, TX",14679,SAN,"San Diego, CA",1515,1510,0,0,1500-1559,1620,1607,0,1600-1659,0,,185,177,1164,5,,,,,,
4,2,2,AA,N894NN,335,13930,ORD,"Chicago, IL",13303,MIA,"Miami, FL",1215,1214,0,0,1200-1259,1622,1559,0,1600-1659,0,,187,165,1197,5,,,,,,
4,3,3,OO,N427SW,4134,14869,SLC,"Salt Lake City, UT",14457,RAP,"Rapid City, SD",1355,1348,0,0,1300-1359,1537,1525,0,1500-1559,0,,102,97,508,3,,,,,,
4,9,2,DL,N860DN,998,11986,GRR,"Grand Rapids, MI",10397,ATL,"Atlanta, GA",0800,0758,0,0,0800-0859,1002,0951,0,1000-1059,0,,122,113,640,3,,,,,,
4,24,3,YX,N414YX,4480,11066,CMH,"Columbus, OH",12953,LGA,"New York, NY",2009,1948,0,0,2000-2059,2200,2130,0,2200-2259,0,,111,102,479,2,,,,,,
4,16,2,AA,N650AW,591,11057,CLT,"Charlotte, NC",14321,PWM,"Portland, ME",0956,0954,0,0,0900-0959,1222,1208,0,1200-1259,0,,146,134,813,4,,,,,,
4,13,6,YX,N117HQ,4445,14100,PHL,"Philadelphia, PA",11066,CMH,"Columbus, OH",1557,1601,4,0,1500-1559,1739,1728,0,1700-1759,0,,102,87,406,2,,,,,,
4,8,1,OO,N435SW,5756,14698,SBP,"San Luis Obispo, CA",14771,SFO,"San Francisco, CA",1615,1602,0,0,1600-1659,1728,1717,0,1700-1759,0,,73,75,190,1,,,,,,
4,16,2,AS,N472AS,375,11618,EWR,"Newark, NJ",14771,SFO,"San Francisco, CA",1730,1726,0,0,1700-1759,2100,2043,0,2100-2159,0,,390,377,2565,11,,,,,,
4,17,3,UA,N39423,368,14771,SFO,"San Francisco, CA",14107,PHX,"Phoenix, AZ",0607,0558,0,0,0600-0659,0802,0801,0,0800-0859,0,,115,123,651,3,,,,,,
4,19,5,OO,N910EV,3950,10397,ATL,"Atlanta, GA",15607,VLD,"Valdosta, GA",1000,1033,33,1,1000-1059,1110,1143,33,1100-1159,0,,70,70,208,1,22,0,0,0,11,
4,9,2,DL,N853DN,2596,10397,ATL,"Atlanta, GA",11292,DEN,"Denver, CO",1147,1145,0,0,1100-1159,1306,1255,0,1300-1359,0,,199,190,1199,5,,,,,,
4,25,4,OO,N878AS,7390,11433,DTW,"Detroit, MI",12397,ITH,"Ithaca/Cortland, NY",2225,2223,0,0,2200-2259,2344,2331,0,2300-2359,0,,79,68,353,2,,,,,,
4,8,1,OO,N959SW,5104,11292,DEN,"Denver, CO",12519,JMS,"Jamestown, ND",1945,1931,0,0,1900-1959,2239,2216,0,2200-2259,0,,114,105,573,3,,,,,,
4,23,2,WN,N8527Q,2137,10693,BNA,"Nashville, TN",13232,MDW,"Chicago, IL",1010,1014,4,0,1000-1059,1140,1148,8,1100-1159,0,,90,94,395,2,,,,,,
4,29,1,NK,N613NK,1236,13204,MCO,"Orlando, FL",10431,AVL,"Asheville, NC",1658,1656,0,0,1600-1659,1842,1846,4,1800-1859,0,,104,110,488,2,,,,,,
4,28,7,WN,N778SW,5405,12191,HOU,"Houston, TX",13495,MSY,"New Orleans, LA",1345,1343,0,0,1300-1359,1450,1451,1,1400-1459,0,,65,68,302,2,,,,,,
4,17,3,UA,N38443,2136,10721,BOS,"Boston, MA",12264,IAD,"Washington, DC",1945,1936,0,0,1900-1959,2119,2101,0,2100-2159,0,,94,85,413,2,,,,,,
4,2,2,DL,N972AT,2678,11057,CLT,"Charlotte, NC",11433,DTW,"Detroit, MI",1948,1931,0,0,1900-1959,2150,2109,0,2100-2159,0,,122,98,500,3,,,,,,
4,15,1,MQ,N902BC,4032,13930,ORD,"Chicago, IL",13485,MSN,"Madison, WI",1155,1151,0,0,1100-1159,1247,1243,0,1200-1259,0,,52,52,109,1,,,,,,
4,19,5,HA,N481HA,293,12173,HNL,"Honolulu, HI",12982,LIH,"Lihue, HI",1255,1255,0,0,1200-1259,1337,1332,0,1300-1359,0,,42,37,102,1,,,,,,
4,5,5,DL,N859DN,2419,14193,PNS,"Pensacola, FL",10397,ATL,"Atlanta, GA",0635,0631,0,0,0600-0659,0851,0841,0,0800-0859,0,,76,70,271,2,,,,,,
4,14,7,YV,N933LR,5896,12954,LGB,"Long Beach, CA",14107,PHX,"Phoenix, AZ",1649,1736,47,1,1600-1659,1810,1852,42,1800-1859,0,,81,76,355,2,1,0,0,0,41,
4,11,4,WN,N773SA,2202,12451,JAX,"Jacksonville, FL",10693,BNA,"Nashville, TN",1105,1102,0,0,1100-1159,1140,1129,0,1100-1159,0,,95,87,483,2,,,,,,
4,13,6,YX,N645RW,3447,11292,DEN,"Denver, CO",14457,RAP,"Rapid City, SD",2021,2018,0,0,2000-2059,2134,2129,0,2100-2159,0,,73,71,300,2,,,,,,
4,19,5,DL,N363NW,2919,12478,JFK,"New York, NY",14683,SAT,"San Antonio, TX",1905,1222,1037,1,1900-1959,2228,1518,1010,2200-2259,0,,263,236,1587,7,1010,0,0,0,0,
4,14,7,DL,N953AT,1705,10397,ATL,"Atlanta, GA",13230,MDT,"Harrisburg, PA",1515,1652,97,1,1500-1559,1709,1848,99,1700-1759,0,,114,116,620,3,19,0,2,0,78,
4,17,3,OH,N226JS,5408,11278,DCA,"Washington, DC",11986,GRR,"Grand Rapids, MI",1710,1700,0,0,1700-1759,1902,1844,0,1900-1959,0,,112,104,524,3,,,,,,
4,18,4,AA,N708UW,1664,10821,BWI,"Baltimore, MD",11057,CLT,"Charlotte, NC",2003,2031,28,1,2000-2059,2139,2152,13,2100-2159,0,,96,81,361,2,,,,,,
4,24,3,UA,N16234,1697,13930,ORD,"Chicago, IL",10994,CHS,"Charleston, SC",1945,1941,0,0,1900-1959,2253,2242,0,2200-2259,0,,128,121,760,4,,,,,,
4,21,7,YV,N88341,6178,12266,IAH,"Houston, TX",14524,RIC,"Richmond, VA",1945,2204,139,1,1900-1959,2337,0141,124,2300-2359,0,,172,157,1157,5,0,0,0,0,124,
4,2,2,WN,,332,12191,HOU,"Houston, TX",13204,MCO,"Orlando, FL",2000,,,,2000-2059,2310,,,2300-2359,1,A,130,,849,4,,,,,,
4,2,2,UA,N36472,233,14683,SAT,"San Antonio, TX",13930,ORD,"Chicago, IL",0730,0726,0,0,0700-0759,1019,1004,0,1000-1059,0,,169,158,1041,5,,,,,,
4,21,7,NK,N534NK,618,13495,MSY,"New Orleans, LA",13204,MCO,"Orlando, FL",1713,,,,1700-1759,2001,,,2000-2059,1,A,108,,551,3,,,,,,
4,28,7,DL,N820DN,1663,14122,PIT,"Pittsburgh, PA",10397,ATL,"Atlanta, GA",0600,0558,0,0,0600-0659,0749,0731,0,0700-0759,0,,109,93,526,3,,,,,,
4,2,2,WN,N200WN,443,13871,OMA,"Omaha, NE",15016,STL,"St. Louis, MO",1410,1405,0,0,1400-1459,1520,1502,0,1500-1559,0,,70,57,342,2,,,,,,
4,26,5,AS,N319AS,112,10299,ANC,"Anchorage, AK",14747,SEA,"Seattle, WA",0800,0752,0,0,0800-0859,1230,1157,0,1200-1259,0,,210,185,1448,6,,,,,,
4,28,7,AS,N619AS,152,13873,OME,"Nome, AK",10299,ANC,"Anchorage, AK",1245,1222,0,0,1200-1259,1410,1349,0,1400-1459,0,,85,87,539,3,,,,,,
4,4,4,YV,N510MJ,6130,12264,IAD,"Washington, DC",11433,DTW,"Detroit, MI",0815,0809,0,0,0800-0859,0944,0930,0,0900-0959,0,,89,81,383,2,,,,,,
4,22,1,HA,N484HA,259,13830,OGG,"Kahului, HI",12982,LIH,"Lihue, HI",1439,1433,0,0,1400-1459,1529,1528,0,1500-1559,0,,50,55,201,1,,,,,,
4,16,2,AA,N815NN,2752,11298,DFW,"Dallas/Fort Worth, TX",11278,DCA,"Washington, DC",1859,1901,2,0,1800-1859,2259,2244,0,2200-2259,0,,180,163,1192,5,,,,,,
4,5,5,UA,N26210,304,10721,BOS,"Boston, MA",12266,IAH,"Houston, TX",0540,0531,0,0,0001-0559,0854,0838,0,0800-0859,0,,254,247,1597,7,,,,,,
4,9,2,WN,N428WN,1082,12191,HOU,"Houston, TX",13232,MDW,"Chicago, IL",0650,0652,2,0,0600-0659,0920,0917,0,0900-0959,0,,150,145,937,4,,,,,,
4,13,6,AS,N486AS,362,14747,SEA,"Seattle, WA",14831,SJC,"San Jose, CA",2045,2052,7,0,2000-2059,2255,2251,0,2200-2259,0,,130,119,696,3,,,,,,
4,4,4,DL,N924AT,1693,13930,ORD,"Chicago, IL",10397,ATL,"Atlanta, GA",1209,1203,0,0,1200-1259,1507,1507,0,1500-1559,0,,118,124,606,3,,,,,,
4,30,2,F9,N329FR,1418,12889,LAS,"Las Vegas, NV",13930,ORD,"Chicago, IL",0027,0204,97,1,0001-0559,0605,0735,90,0600-0659,0,,218,211,1514,7,35,0,0,0,55,
4,22,1,WN,N8535S,1530,13487,MSP,"Minneapolis, MN",10821,BWI,"Baltimore, MD",1800,2125,205,1,1800-1859,2135,0049,194,2100-2159,0,,155,144,936,4,0,0,0,0,194,
4,4,4,WN,N226WN,2334,13204,MCO,"Orlando, FL",14679,SAN,"San Diego, CA",1000,1001,1,0,1000-1059,1225,1233,8,1200-1259,0,,325,332,2149,9,,,,,,
4,6,6,OO,N960SW,5053,11076,CMX,"Hancock/Houghton, MI",13930,ORD,"Chicago, IL",1302,1256,0,0,1300-1359,1344,1321,0,1300-1359,0,,102,85,360,2,,,,,,
4,22,1,WN,N8621A,2177,10397,ATL,"Atlanta, GA",11292,DEN,"Denver, CO",0615,0626,11,0,0600-0659,0730,0731,1,0700-0759,0,,195,185,1199,5,,,,,,
4,25,4,9E,N8839E,5356,12478,JFK,"New York, NY",10821,BWI,"Baltimore, MD",1758,1753,0,0,1700-1759,1916,1858,0,1900-1959,0,,78,65,184,1,,,,,,
4,9,2,WN,N7827A,2212,14831,SJC,"San Jose, CA",12889,LAS,"Las Vegas, NV",1115,1108,0,0,1100-1159,1245,1229,0,1200-1259,0,,90,81,386,2,,,,,,
4,26,5,OH,N723PS,5417,11193,CVG,"Cincinnati, OH",14100,PHL,"Philadelphia, PA",0554,0550,0,0,0001-0559,0738,0730,0,0700-0759,0,,104,100,507,3,,,,,,
4,7,7,UA,N77510,504,14771,SFO,"San Francisco, CA",12892,LAX,"Los Angeles, CA",0630,0619,0,0,0600-0659,0820,0757,0,0800-0859,0,,110,98,337,2,,,,,,
4,17,3,MQ,N836AE,3440,12953,LGA,"New York, NY",14122,PIT,"Pittsburgh, PA",1530,1520,0,0,1500-1559,1708,1646,0,1700-1759,0,,98,86,335,2,,,,,,
4,23,2,DL,N963AT,1932,10397,ATL,"Atlanta, GA",13577,MYR,"Myrtle Beach, SC",1248,1244,0,0,1200-1259,1358,1345,0,1300-1359,0,,70,61,317,2,,,,,,
4,12,5,WN,N559WN,2196,11697,FLL,"Fort Lauderdale, FL",15304,TPA,"Tampa, FL",0615,0616,1,0,0600-0659,0720,0717,0,0700-0759,0,,65,61,197,1,,,,,,
4,6,6,NK,N531NK,571,15304,TPA,"Tampa, FL",11697,FLL,"Fort Lauderdale, FL",0645,0639,0,0,0600-0659,0745,0736,0,0700-0759,0,,60,57,197,1,,,,,,
4,20,6,B6,N198JB,272,11697,FLL,"Fort Lauderdale, FL",12953,LGA,"New York, NY",0607,0603,0,0,0600-0659,0859,0832,0,0800-0859,0,,172,149,1076,5,,,,,,
4,28,7,DL,N948AT,343,12953,LGA,"New York, NY",13930,ORD,"Chicago, IL",1815,1814,0,0,1800-1859,1951,2012,21,1900-1959,0,,156,178,733,3,0,0,21,0,0,
4,10,3,UA,N423UA,939,10140,ABQ,"Albuquerque, NM",11292,DEN,"Denver, CO",0555,0547,0,0,0001-0559,0713,0658,0,0700-0759,0,,78,71,349,2,,,,,,
4,19,5,AA,N8009T,1505,11298,DFW,"Dallas/Fort Worth, TX",13198,MCI,"Kansas City, MO",1330,1410,40,1,1300-1359,1502,1539,37,1500-1559,0,,92,89,460,2,7,0,0,0,30,
4,3,3,UA,N69813,541,12889,LAS,"Las Vegas, NV",11292,DEN,"Denver, CO",1847,1841,0,0,1800-1859,2135,2124,0,2100-2159,0,,108,103,628,3,,,,,,
4,5,5,WN,N423WN,2193,13495,MSY,"New Orleans, LA",10397,ATL,"Atlanta, GA",1110,1110,0,0,1100-1159,1340,1329,0,1300-1359,0,,90,79,425,2,,,,,,
4,22,1,WN,N919WN,2143,14771,SFO,"San Francisco, CA",12889,LAS,"Las Vegas, NV",0835,0831,0,0,0800-0859,1010,1001,0,1000-1059,0,,95,90,414,2,,,,,,
4,22,1,YV,N89304,6314,12266,IAH,"Houston, TX",11540,ELP,"El Paso, TX",2130,2124,0,0,2100-2159,2234,2219,0,2200-2259,0,,124,115,667,3,,,,,,
4,4,4,WN,N442WN,164,13232,MDW,"Chicago, IL",13204,MCO,"Orlando, FL",2155,2203,8,0,2100-2159,0125,0131,6,0001-0559,0,,150,148,990,4,,,,,,
4,25,4,WN,N7834A,32,11259,DAL,"Dallas, TX",12339,IND,"Indianapolis, IN",1545,1905,200,1,1500-1559,1850,2201,191,1800-1859,0,,125,116,755,4,186,0,0,0,5,
4,13,6,OO,N272SY,3809,11433,DTW,"Detroit, MI",13871,OMA,"Omaha, NE",1230,1226,0,0,1200-1259,1344,1345,1,1300-1359,0,,134,139,651,3,,,,,,
4,21,7,EV,N877AS,4281,11042,CLE,"Cleveland, OH",11278,DCA,"Washington, DC",0830,0826,0,0,0800-0859,0950,0935,0,0900-0959,0,,80,69,310,2,,,,,,
4,10,3,AA,N753US,2130,10721,BOS,"Boston, MA",11278,DCA,"Washington, DC",1000,0956,0,0,1000-1059,1145,1136,0,1100-1159,0,,105,100,399,2,,,,,,
4,25,4,9E,N925XJ,3296,10721,BOS,"Boston, MA",12451,JAX,"Jacksonville, FL",1354,1342,0,0,1300-1359,1701,1616,0,1700-1759,0,,187,154,1010,5,,,,,,
4,21,7,G4,319NV,56,12889,LAS,"Las Vegas, NV",10423,AUS,"Austin, TX",1131,1126,0,0,1100-1159,1605,1549,0,1600-1659,0,,154,143,1090,5,,,,,,
4,26,5,9E,N349PQ,3438,11193,CVG,"Cincinnati, OH",12478,JFK,"New York, NY",1530,0555,865,1,1500-1559,1731,0807,876,1700-1759,0,,121,132,589,3,0,0,876,0,0,
4,18,4,HA,N479HA,233,12173,HNL,"Honolulu, HI",12982,LIH,"Lihue, HI",1002,0958,0,0,1000-1059,1045,1037,0,1000-1059,0,,43,39,102,1,,,,,,
4,18,4,DL,N353DN,2155,11697,FLL,"Fort Lauderdale, FL",12953,LGA,"New York, NY",1200,1201,1,0,1200-1259,1501,1526,25,1500-1559,0,,181,205,1076,5,0,0,25,0,0,
4,2,2,OO,N403SY,3458,14747,SEA,"Seattle, WA",14869,SLC,"Salt Lake City, UT",1335,1335,0,0,1300-1359,1635,1636,1,1600-1659,0,,120,121,689,3,,,,,,
4,5,5,AA,N948UW,1888,14100,PHL,"Philadelphia, PA",13487,MSP,"Minneapolis, MN",0835,0938,63,1,0800-0859,1047,1150,63,1000-1059,0,,192,192,980,4,63,0,0,0,0,
4,24,3,EV,N14562,4411,12266,IAH,"Houston, TX",12206,HRL,"Harlingen/San Benito, TX",1420,,,,1400-1459,1534,,,1500-1559,1,A,74,,295,2,,,,,,
4,25,4,WN,N8684F,244,10821,BWI,"Baltimore, MD",13232,MDW,"Chicago, IL",1820,1818,0,0,1800-1859,1920,1908,0,1900-1959,0,,120,110,611,3,,,,,,
4,10,3,OO,N815SK,3895,13433,MOT,"Minot, ND",13487,MSP,"Minneapolis, MN",0500,0500,0,0,0001-0559,0640,0623,0,0600-0659,0,,100,83,449,2,,,,,,
4,18,4,YV,N242LR,5792,14107,PHX,"Phoenix, AZ",13891,ONT,"Ontario, CA",0740,0735,0,0,0700-0759,0903,0856,0,0900-0959,0,,83,81,325,2,,,,,,
4,8,1,YV,N88331,6171,12266,IAH,"Houston, TX",14869,SLC,"Salt Lake City, UT",1010,1006,0,0,1000-1059,1232,1224,0,1200-1259,0,,202,198,1195,5,,,,,,
4,27,6,NK,N663NK,1167,13930,ORD,"Chicago, IL",14107,PHX,"Phoenix, AZ",1502,,,,1500-1559,1657,,,1600-1659,1,B,235,,1440,6,,,,,,
4,16,2,OO,N182SY,3354,15023,STS,"Santa Rosa, CA",14679,SAN,"San Diego, CA",2020,2010,0,0,2000-2059,2205,2138,0,2200-2259,0,,105,88,508,3,,,,,,
4,4,4,AA,N9015D,2377,12441,JAC,"Jackson, WY",11298,DFW,"Dallas/Fort Worth, TX",1227,1253,26,1,1200-1259,1620,1651,31,1600-1659,0,,173,178,1047,5,0,26,5,0,0,
4,15,1,WN,N558WN,794,14908,SNA,"Santa Ana, CA",14107,PHX,"Phoenix, AZ",0915,0916,1,0,0900-0959,1025,1019,0,1000-1059,0,,70,63,338,2,,,,,,
4,22,1,WN,N7726A,2172,11292,DEN,"Denver, CO",10423,AUS,"Austin, TX",0920,0919,0,0,0900-0959,1230,1238,8,1200-1259,0,,130,139,775,4,,,,,,
4,19,5,OO,N138SY,5824,13930,ORD,"Chicago, IL",11278,DCA,"Washington, DC",1700,1832,92,1,1700-1759,2000,2157,117,2000-2059,0,,120,145,612,3,92,0,25,0,0,
4,4,4,B6,N821JB,2358,10800,BUR,"Burbank, CA",12478,JFK,"New York, NY",1416,1412,0,0,1400-1459,2248,2229,0,2200-2259,0,,332,317,2465,10,,,,,,
4,27,6,OO,N614SK,4014,11638,FAT,"Fresno, CA",14869,SLC,"Salt Lake City, UT",0608,0606,0,0,0600-0659,0847,0829,0,0800-0859,0,,99,83,501,3,,,,,,
4,18,4,UA,N17233,351,14771,SFO,"San Francisco, CA",14747,SEA,"Seattle, WA",2305,2301,0,0,2300-2359,0117,0108,0,0001-0559,0,,132,127,679,3,,,,,,
4,28,7,UA,N75435,1101,12266,IAH,"Houston, TX",11292,DEN,"Denver, CO",0939,0937,0,0,0900-0959,1108,1058,0,1100-1159,0,,149,141,862,4,,,,,,
4,2,2,9E,N8694A,5546,10185,AEX,"Alexandria, LA",10397,ATL,"Atlanta, GA",1739,1729,0,0,1700-1759,2024,2008,0,2000-2059,0,,105,99,500,3,,,,,,
4,4,4,AS,N621VA,1375,14771,SFO,"San Francisco, CA",14747,SEA,"Seattle, WA",2140,2134,0,0,2100-2159,2355,2333,0,2300-2359,0,,135,119,679,3,,,,,,
4,28,7,G4,320NV,2154,14761,SFB,"Sanford, FL",14524,RIC,"Richmond, VA",1252,1243,0,0,1200-1259,1445,1426,0,1400-1459,0,,113,103,643,3,,,,,,
4,25,4,EV,N17196,4455,14685,SAV,"Savannah, GA",11618,EWR,"Newark, NJ",1830,1825,0,0,1800-1859,2054,2048,0,2000-2059,0,,144,143,708,3,,,,,,
4,10,3,WN,N7710A,1183,15016,STL,"St. Louis, MO",12191,HOU,"Houston, TX",0530,0526,0,0,0001-0559,0735,0719,0,0700-0759,0,,125,113,687,3,,,,,,
4,18,4,OO,N957SW,5601,14689,SBA,"Santa Barbara, CA",14771,SFO,"San Francisco, CA",0540,0534,0,0,0001-0559,0704,0633,0,0700-0759,0,,84,59,262,2,,,,,,
4,12,5,DL,N3762Y,1292,10529,BDL,"Hartford, CT",13487,MSP,"Minneapolis, MN",0815,0812,0,0,0800-0859,1021,1004,0,1000-1059,0,,186,172,1050,5,,,,,,
4,13,6,AA,N819NN,1262,12892,LAX,"Los Angeles, CA",14683,SAT,"San Antonio, TX",0958,1014,16,1,0900-0959,1452,1456,4,1400-1459,0,,174,162,1211,5,,,,,,
4,11,4,DL,N991DL,2407,14193,PNS,"Pensacola, FL",10397,ATL,"Atlanta, GA",1125,1121,0,0,1100-1159,1344,1324,0,1300-1359,0,,79,63,271,2,,,,,,
4,3,3,EV,N11109,4366,12266,IAH,"Houston, TX",10599,BHM,"Birmingham, AL",0740,0734,0,0,0700-0759,0924,0915,0,0900-0959,0,,104,101,562,3,,,,,,
4,9,2,WN,N8559Q,1969,12191,HOU,"Houston, TX",12892,LAX,"Los Angeles, CA",2200,2215,15,1,2200-2259,2340,0006,26,2300-2359,0,,220,231,1390,6,15,0,11,0,0,
4,20,6,DL,N925DN,1586,13244,MEM,"Memphis, TN",10397,ATL,"Atlanta, GA",0625,0618,0,0,0600-0659,0839,0908,29,0800-0859,0,,74,110,332,2,0,0,29,0,0,
4,18,4,WN,N8549Z,1354,11292,DEN,"Denver, CO",14831,SJC,"San Jose, CA",0830,0830,0,0,0800-0859,1010,0951,0,1000-1059,0,,160,141,948,4,,,,,,
4,12,5,AA,N316PF,979,13930,ORD,"Chicago, IL",11066,CMH,"Columbus, OH",1200,1236,36,1,1200-1259,1412,1447,35,1400-1459,0,,72,71,296,2,35,0,0,0,0,
4,24,3,NK,N531NK,568,13495,MSY,"New Orleans, LA",10721,BOS,"Boston, MA",0912,0911,0,0,0900-0959,1329,1321,0,1300-1359,0,,197,190,1368,6,,,,,,
4,29,1,UA,N37408,1916,12266,IAH,"Houston, TX",14679,SAN,"San Diego, CA",1830,1828,0,0,1800-1859,1955,1943,0,1900-1959,0,,205,195,1303,6,,,,,,
4,29,1,AS,N846VA,1793,10423,AUS,"Austin, TX",14747,SEA,"Seattle, WA",1955,2024,29,1,1900-1959,2225,2239,14,2200-2259,0,,270,255,1770,8,,,,,,
4,10,3,9E,N920XJ,5379,12953,LGA,"New York, NY",11193,CVG,"Cincinnati, OH",1329,1324,0,0,1300-1359,1542,1518,0,1500-1559,0,,133,114,585,3,,,,,,
4,23,2,DL,N306DN,1538,14679,SAN,"San Diego, CA",13487,MSP,"Minneapolis, MN",1129,1118,0,0,1100-1159,1658,1702,4,1600-1659,0,,209,224,1532,7,,,,,,
4,25,4,MQ,N231AN,4029,11298,DFW,"Dallas/Fort Worth, TX",13256,MFE,"Mission/McAllen/Edinburg, TX",1335,1333,0,0,1300-1359,1507,1500,0,1500-1559,0,,92,87,469,2,,,,,,
4,15,1,OO,N127SY,5358,10713,BOI,"Boise, ID",14771,SFO,"San Francisco, CA",0845,0838,0,0,0800-0859,0948,0936,0,0900-0959,0,,123,118,522,3,,,,,,
4,4,4,AA,N187US,577,11298,DFW,"Dallas/Fort Worth, TX",11292,DEN,"Denver, CO",2057,2110,13,0,2000-2059,2206,2211,5,2200-2259,0,,129,121,641,3,,,,,,
4,9,2,AA,N817AW,2169,11278,DCA,"Washington, DC",10721,BOS,"Boston, MA",0830,0823,0,0,0800-0859,1001,0943,0,1000-1059,0,,91,80,399,2,,,,,,
4,24,3,AA,N955AN,1542,14107,PHX,"Phoenix, AZ",11278,DCA,"Washington, DC",2358,2356,0,0,2300-2359,0713,0707,0,0700-0759,0,,255,251,1979,8,,,,,,
4,11,4,AA,N987AM,2568,11298,DFW,"Dallas/Fort Worth, TX",14679,SAN,"San Diego, CA",2215,2215,0,0,2200-2259,2322,2322,0,2300-2359,0,,187,187,1171,5,,,,,,
4,6,6,9E,N921XJ,5316,10994,CHS,"Charleston, SC",11433,DTW,"Detroit, MI",1230,1228,0,0,1200-1259,1433,1423,0,1400-1459,0,,123,115,667,3,,,,,,
4,8,1,OO,N287SY,3719,12953,LGA,"New York, NY",13930,ORD,"Chicago, IL",1015,1016,1,0,1000-1059,1200,1220,20,1200-1259,0,,165,184,733,3,0,0,19,0,1,
4,13,6,AA,N834AA,2631,11298,DFW,"Dallas/Fort Worth, TX",13930,ORD,"Chicago, IL",1230,1311,41,1,1200-1259,1447,1525,38,1400-1459,0,,137,134,801,4,0,38,0,0,0,
4,10,3,MQ,N231AN,3508,13485,MSN,"Madison, WI",11298,DFW,"Dallas/Fort Worth, TX",1713,1721,8,0,1700-1759,1944,1952,8,1900-1959,0,,151,151,821,4,,,,,,
4,12,5,WN,N255WN,2226,13204,MCO,"Orlando, FL",14730,SDF,"Louisville, KY",0955,1000,5,0,0900-0959,1200,1155,0,1200-1259,0,,125,115,719,3,,,,,,
4,8,1,OO,N272SY,3614,13871,OMA,"Omaha, NE",13487,MSP,"Minneapolis, MN",1544,1604,20,1,1500-1559,1705,1725,20,1700-1759,0,,81,81,282,2,0,0,0,0,20,
4,28,7,9E,N303PQ,3320,11003,CID,"Cedar Rapids/Iowa City, IA",10397,ATL,"Atlanta, GA",1712,1711,0,0,1700-1759,2019,2004,0,2000-2059,0,,127,113,694,3,,,,,,
4,15,1,B6,N809JB,1151,15304,TPA,"Tampa, FL",14843,SJU,"San Juan, PR",1351,1543,112,1,1300-1359,1639,1829,110,1600-1659,0,,168,166,1237,5,12,0,0,0,98,
4,8,1,F9,N210FR,2099,12889,LAS,"Las Vegas, NV",15304,TPA,"Tampa, FL",0700,0732,32,1,0700-0759,1420,1508,48,1400-1459,0,,260,276,1984,8,32,0,16,0,0,
4,16,2,DL,N3759,1243,15304,TPA,"Tampa, FL",12892,LAX,"Los Angeles, CA",0714,0711,0,0,0700-0759,0940,0928,0,0900-0959,0,,326,317,2158,9,,,,,,
4,16,2,YV,N927LR,5838,10599,BHM,"Birmingham, AL",11298,DFW,"Dallas/Fort Worth, TX",1924,1919,0,0,1900-1959,2130,2116,0,2100-2159,0,,126,117,597,3,,,,,,
4,12,5,DL,N675DL,2981,14908,SNA,"Santa Ana, CA",10397,ATL,"Atlanta, GA",1420,1421,1,0,1400-1459,2135,2125,0,2100-2159,0,,255,244,1919,8,,,,,,
4,26,5,UA,N440UA,1979,12889,LAS,"Las Vegas, NV",11618,EWR,"Newark, NJ",2315,2312,0,0,2300-2359,0700,0640,0,0700-0759,0,,285,268,2227,9,,,,,,
4,18,4,OO,N194SY,3323,11259,DAL,"Dallas, TX",12892,LAX,"Los Angeles, CA",1430,1434,4,0,1400-1459,1615,1551,0,1600-1659,0,,225,197,1246,5,,,,,,
4,11,4,WN,N8682B,296,14771,SFO,"San Francisco, CA",11259,DAL,"Dallas, TX",0540,0532,0,0,0001-0559,1105,1051,0,1100-1159,0,,205,199,1476,6,,,,,,
4,26,5,DL,N382DA,2037,10721,BOS,"Boston, MA",13487,MSP,"Minneapolis, MN",0755,0749,0,0,0700-0759,1013,0944,0,1000-1059,0,,198,175,1124,5,,,,,,
4,2,2,EV,N13978,4211,12266,IAH,"Houston, TX",15412,TYS,"Knoxville, TN",1445,1439,0,0,1400-1459,1754,1741,0,1700-1759,0,,129,122,771,4,,,,,,
4,26,5,YX,N870RW,5986,12953,LGA,"New York, NY",11986,GRR,"Grand Rapids, MI",2059,,,,2000-2059,2318,,,2300-2359,1,B,139,,618,3,,,,,,
4,30,2,F9,N941FR,190,11292,DEN,"Denver, CO",10423,AUS,"Austin, TX",1053,1053,0,0,1000-1059,1411,1420,9,1400-1459,0,,138,147,775,4,,,,,,
4,24,3,MQ,N269NN,3328,13487,MSP,"Minneapolis, MN",13930,ORD,"Chicago, IL",1207,1205,0,0,1200-1259,1339,1334,0,1300-1359,0,,92,89,334,2,,,,,,
4,10,3,WN,N744SW,1680,11292,DEN,"Denver, CO",13495,MSY,"New Orleans, LA",1510,,,,1500-1559,1835,,,1800-1859,1,B,145,,1062,5,,,,,,
4,18,4,WN,N231WN,2310,13232,MDW,"Chicago, IL",11433,DTW,"Detroit, MI",1710,1708,0,0,1700-1759,1920,1908,0,1900-1959,0,,70,60,228,1,,,,,,
4,30,2,AA,N886NN,1341,13303,MIA,"Miami, FL",14843,SJU,"San Juan, PR",0700,0655,0,0,0700-0759,0934,0926,0,0900-0959,0,,154,151,1045,5,,,,,,
4,14,7,OH,N587NN,5316,14524,RIC,"Richmond, VA",11057,CLT,"Charlotte, NC",1750,1829,39,1,1700-1759,1919,1958,39,1900-1959,0,,89,89,257,2,0,0,0,0,39,
4,7,7,UA,N23721,664,13930,ORD,"Chicago, IL",14100,PHL,"Philadelphia, PA",1420,1416,0,0,1400-1459,1731,1720,0,1700-1759,0,,131,124,678,3,,,,,,
4,10,3,MQ,N257NN,3822,14193,PNS,"Pensacola, FL",11278,DCA,"Washington, DC",1246,1233,0,0,1200-1259,1559,1539,0,1500-1559,0,,133,126,816,4,,,,,,
4,14,7,WN,N8670A,3455,12889,LAS,"Las Vegas, NV",15016,STL,"St. Louis, MO",1415,1427,12,0,1400-1459,1925,1935,10,1900-1959,0,,190,188,1371,6,,,,,,
4,4,4,EV,N14148,4395,14307,PVD,"Providence, RI",11618,EWR,"Newark, NJ",0600,0550,0,0,0600-0659,0720,0656,0,0700-0759,0,,80,66,160,1,,,,,,
4,13,6,NK,N677NK,1520,11697,FLL,"Fort Lauderdale, FL",11618,EWR,"Newark, NJ",0920,0919,0,0,0900-0959,1223,1200,0,1200-1259,0,,183,161,1065,5,,,,,,
4,8,1,UA,N76522,1106,14771,SFO,"San Francisco, CA",14908,SNA,"Santa Ana, CA",0735,0731,0,0,0700-0759,0901,0845,0,0900-0959,0,,86,74,372,2,,,,,,
4,16,2,9E,N840AY,5329,14492,RDU,"Raleigh/Durham, NC",10821,BWI,"Baltimore, MD",0710,0705,0,0,0700-0759,0829,0827,0,0800-0859,0,,79,82,255,2,,,,,,
4,3,3,EV,N11551,4277,13931,ORF,"Norfolk, VA",11618,EWR,"Newark, NJ",1245,1446,121,1,1200-1259,1430,1713,163,1400-1459,0,,105,147,284,2,0,0,163,0,0,
4,1,1,AA,N825AW,1750,13244,MEM,"Memphis, TN",11057,CLT,"Charlotte, NC",0924,0917,0,0,0900-0959,1216,1151,0,1200-1259,0,,112,94,511,3,,,,,,
4,21,7,OO,N963SW,5933,14771,SFO,"San Francisco, CA",11638,FAT,"Fresno, CA",2230,2225,0,0,2200-2259,2336,2314,0,2300-2359,0,,66,49,158,1,,,,,,
4,9,2,DL,N906DL,2267,13871,OMA,"Omaha, NE",10397,ATL,"Atlanta, GA",1312,1306,0,0,1300-1359,1623,1611,0,1600-1659,0,,131,125,821,4,,,,,,
4,25,4,WN,N923WN,2189,11193,CVG,"Cincinnati, OH",10821,BWI,"Baltimore, MD",1040,1039,0,0,1000-1059,1205,1155,0,1200-1259,0,,85,76,430,2,,,,,,
4,4,4,WN,N220WN,36,12191,HOU,"Houston, TX",11259,DAL,"Dallas, TX",1500,1526,26,1,1500-1559,1605,1615,10,1600-1659,0,,65,49,239,1,,,,,,
4,24,3,DL,N188DN,2446,10397,ATL,"Atlanta, GA",14679,SAN,"San Diego, CA",1100,1058,0,0,1100-1159,1245,1226,0,1200-1259,0,,285,268,1892,8,,,,,,
4,19,5,OO,N291SY,4080,12953,LGA,"New York, NY",11995,GSO,"Greensboro/High Point, NC",1030,1027,0,0,1000-1059,1237,1230,0,1200-1259,0,,127,123,461,2,,,,,,
4,5,5,WN,N267WN,2351,13871,OMA,"Omaha, NE",15016,STL,"St. Louis, MO",0620,0619,0,0,0600-0659,0735,0727,0,0700-0759,0,,75,68,342,2,,,,,,
4,18,4,DL,N864DN,1838,11721,FNT,"Flint, MI",10397,ATL,"Atlanta, GA",0600,0554,0,0,0600-0659,0809,0757,0,0800-0859,0,,129,123,645,3,,,,,,
4,27,6,DL,N934AT,2076,13360,MLB,"Melbourne, FL",10397,ATL,"Atlanta, GA",1144,1139,0,0,1100-1159,1321,1307,0,1300-1359,0,,97,88,442,2,,,,,,
4,30,2,DL,N342DN,1357,14679,SAN,"San Diego, CA",13487,MSP,"Minneapolis, MN",0750,0748,0,0,0700-0759,1325,1306,0,1300-1359,0,,215,198,1532,7,,,,,,
4,1,1,AA,N9677W,2444,11298,DFW,"Dallas/Fort Worth, TX",15016,STL,"St. Louis, MO",1030,1023,0,0,1000-1059,1207,1159,0,1200-1259,0,,97,96,550,3,,,,,,
4,6,6,UA,N13716,488,12266,IAH,"Houston, TX",12953,LGA,"New York, NY",1420,1417,0,0,1400-1459,1855,1833,0,1800-1859,0,,215,196,1416,6,,,,,,
4,20,6,AA,N946NN,1459,10423,AUS,"Austin, TX",12892,LAX,"Los Angeles, CA",0855,0852,0,0,0800-0859,1031,1010,0,1000-1059,0,,216,198,1242,5,,,,,,
4,27,6,AA,N949NN,952,12478,JFK,"New York, NY",14107,PHX,"Phoenix, AZ",1330,1332,2,0,1300-1359,1612,1709,57,1600-1659,0,,342,397,2153,9,2,0,55,0,0,
4,27,6,OH,N237PS,5061,13296,MHT,"Manchester, NH",11278,DCA,"Washington, DC",1415,1414,0,0,1400-1459,1559,1559,0,1500-1559,0,,104,105,406,2,,,,,,
4,22,1,WN,N7849A,1869,14908,SNA,"Santa Ana, CA",13796,OAK,"Oakland, CA",1035,1031,0,0,1000-1059,1200,1203,3,1200-1259,0,,85,92,371,2,,,,,,
4,21,7,OH,N574NN,5708,12264,IAD,"Washington, DC",11057,CLT,"Charlotte, NC",0513,0505,0,0,0001-0559,0635,0628,0,0600-0659,0,,82,83,322,2,,,,,,
4,30,2,UA,N815UA,469,11292,DEN,"Denver, CO",11298,DFW,"Dallas/Fort Worth, TX",1345,1344,0,0,1300-1359,1640,1637,0,1600-1659,0,,115,113,641,3,,,,,,
4,19,5,AA,N800AN,1294,11298,DFW,"Dallas/Fort Worth, TX",13930,ORD,"Chicago, IL",2045,2041,0,0,2000-2059,2300,2310,10,2300-2359,0,,135,149,801,4,,,,,,
4,16,2,OO,N8982A,4090,10397,ATL,"Atlanta, GA",10980,CHA,"Chattanooga, TN",1711,1706,0,0,1700-1759,1759,1751,0,1700-1759,0,,48,45,106,1,,,,,,
4,8,1,EV,N16170,4166,11996,GSP,"Greer, SC",11618,EWR,"Newark, NJ",1130,1118,0,0,1100-1159,1335,1300,0,1300-1359,0,,125,102,594,3,,,,,,
4,26,5,DL,N828DN,1663,14122,PIT,"Pittsburgh, PA",10397,ATL,"Atlanta, GA",0600,0554,0,0,0600-0659,0749,0736,0,0700-0759,0,,109,102,526,3,,,,,,
4,14,7,DL,N965DL,2256,10397,ATL,"Atlanta, GA",10257,ALB,"Albany, NY",0929,0928,0,0,0900-0959,1140,1129,0,1100-1159,0,,131,121,853,4,,,,,,
4,2,2,WN,N921WN,1178,14570,RNO,"Reno, NV",12892,LAX,"Los Angeles, CA",2120,2115,0,0,2100-2159,2255,2228,0,2200-2259,0,,95,73,391,2,,,,,,
4,4,4,AA,N652AW,546,14107,PHX,"Phoenix, AZ",14570,RNO,"Reno, NV",0957,0953,0,0,0900-0959,1149,1140,0,1100-1159,0,,112,107,601,3,,,,,,
4,14,7,AA,N936NN,2484,12892,LAX,"Los Angeles, CA",11298,DFW,"Dallas/Fort Worth, TX",1945,1951,6,0,1900-1959,0044,0036,0,0001-0559,0,,179,165,1235,5,,,,,,
4,17,3,AA,N762US,486,14908,SNA,"Santa Ana, CA",14107,PHX,"Phoenix, AZ",1003,0957,0,0,1000-1059,1120,1121,1,1100-1159,0,,77,84,338,2,,,,,,
4,24,3,OH,N530EA,5441,11057,CLT,"Charlotte, NC",14730,SDF,"Louisville, KY",1250,1244,0,0,1200-1259,1419,1400,0,1400-1459,0,,89,76,335,2,,,,,,
4,3,3,WN,N7709A,2266,14893,SMF,"Sacramento, CA",14679,SAN,"San Diego, CA",1345,1342,0,0,1300-1359,1515,1504,0,1500-1559,0,,90,82,480,2,,,,,,
4,13,6,OH,N246PS,5173,11995,GSO,"Greensboro/High Point, NC",11278,DCA,"Washington, DC",0753,0743,0,0,0700-0759,0918,0909,0,0900-0959,0,,85,86,248,1,,,,,,
4,4,4,UA,N412UA,239,10800,BUR,"Burbank, CA",14771,SFO,"San Francisco, CA",0700,0917,137,1,0700-0759,0832,1044,132,0800-0859,0,,92,87,326,2,0,0,132,0,0,
4,21,7,UA,N61886,1847,13930,ORD,"Chicago, IL",14771,SFO,"San Francisco, CA",1555,1550,0,0,1500-1559,1836,1803,0,1800-1859,0,,281,253,1846,8,,,,,,
4,22,1,UA,N69819,1851,12266,IAH,"Houston, TX",10821,BWI,"Baltimore, MD",2000,1958,0,0,2000-2059,2358,2355,0,2300-2359,0,,178,177,1235,5,,,,,,
4,23,2,WN,N8541W,2235,12889,LAS,"Las Vegas, NV",13204,MCO,"Orlando, FL",0825,0825,0,0,0800-0859,1600,1544,0,1600-1659,0,,275,259,2039,9,,,,,,
4,25,4,OO,N122SY,5991,14679,SAN,"San Diego, CA",12892,LAX,"Los Angeles, CA",1425,1420,0,0,1400-1459,1525,1505,0,1500-1559,0,,60,45,109,1,,,,,,
4,4,4,UA,N77431,416,10721,BOS,"Boston, MA",11292,DEN,"Denver, CO",0945,0942,0,0,0900-0959,1222,1219,0,1200-1259,0,,277,277,1754,8,,,,,,
4,27,6,AA,N943AN,1489,11057,CLT,"Charlotte, NC",11618,EWR,"Newark, NJ",1150,1207,17,1,1100-1159,1355,1357,2,1300-1359,0,,125,110,529,3,,,,,,
4,3,3,DL,N3748Y,2119,13487,MSP,"Minneapolis, MN",15016,STL,"St. Louis, MO",0650,0645,0,0,0600-0659,0839,0758,0,0800-0859,0,,109,73,448,2,,,,,,
4,3,3,AS,N487AS,310,14747,SEA,"Seattle, WA",12892,LAX,"Los Angeles, CA",0800,0756,0,0,0800-0859,1055,1043,0,1000-1059,0,,175,167,954,4,,,,,,
4,5,5,DL,N3761R,1718,14057,PDX,"Portland, OR",12892,LAX,"Los Angeles, CA",1754,1827,33,1,1700-1759,2009,2034,25,2000-2059,0,,135,127,834,4,12,0,0,0,13,
4,6,6,AA,N858NN,2232,13204,MCO,"Orlando, FL",13303,MIA,"Miami, FL",1739,1733,0,0,1700-1759,1853,1830,0,1800-1859,0,,74,57,192,1,,,,,,
4,11,4,NK,N659NK,971,11298,DFW,"Dallas/Fort Worth, TX",14107,PHX,"Phoenix, AZ",2326,2325,0,0,2300-2359,2359,2400,1,2300-2359,0,,153,155,868,4,,,,,,
4,23,2,UA,N410UA,1238,12266,IAH,"Houston, TX",13495,MSY,"New Orleans, LA",0750,0742,0,0,0700-0759,0856,0847,0,0800-0859,0,,66,65,305,2,,,,,,
4,10,3,UA,N851UA,2214,12953,LGA,"New York, NY",13930,ORD,"Chicago, IL",2000,2000,0,0,2000-2059,2136,2202,26,2100-2159,0,,156,182,733,3,0,0,26,0,0,
4,17,3,AA,N126AN,35,11298,DFW,"Dallas/Fort Worth, TX",14683,SAT,"San Antonio, TX",1241,1236,0,0,1200-1259,1350,1346,0,1300-1359,0,,69,70,247,1,,,,,,
4,10,3,AA,N811AB,2248,11298,DFW,"Dallas/Fort Worth, TX",14771,SFO,"San Francisco, CA",0900,0853,0,0,0900-0959,1048,1041,0,1000-1059,0,,228,228,1464,6,,,,,,
4,11,4,DL,N332NW,154,13487,MSP,"Minneapolis, MN",10721,BOS,"Boston, MA",1510,2020,310,1,1500-1559,1900,0004,304,1900-1959,0,,170,164,1124,5,47,0,0,0,257,
4,18,4,WN,N7823A,350,14492,RDU,"Raleigh/Durham, NC",15304,TPA,"Tampa, FL",0530,0529,0,0,0001-0559,0715,0713,0,0700-0759,0,,105,104,587,3,,,,,,
4,30,2,DL,N996DL,938,13422,MOB,"Mobile, AL",10397,ATL,"Atlanta, GA",0712,0705,0,0,0700-0759,0931,0913,0,0900-0959,0,,79,68,302,2,,,,,,
4,29,1,DL,N369DN,2351,13487,MSP,"Minneapolis, MN",10721,BOS,"Boston, MA",2015,2015,0,0,2000-2059,2358,2333,0,2300-2359,0,,163,138,1124,5,,,,,,
4,24,3,DL,N375NC,2485,15304,TPA,"Tampa, FL",12953,LGA,"New York, NY",1950,1944,0,0,1900-1959,2232,2210,0,2200-2259,0,,162,146,1010,5,,,,,,
4,11,4,WN,N943WN,28,13342,MKE,"Milwaukee, WI",10821,BWI,"Baltimore, MD",1900,1854,0,0,1900-1959,2145,2137,0,2100-2159,0,,105,103,641,3,,,,,,
4,23,2,YX,N637RW,3700,11618,EWR,"Newark, NJ",14321,PWM,"Portland, ME",1730,1717,0,0,1700-1759,1854,1834,0,1800-1859,0,,84,77,284,2,,,,,,
4,22,1,WN,N760SW,855,12339,IND,"Indianapolis, IN",10397,ATL,"Atlanta, GA",1725,1720,0,0,1700-1759,1900,1844,0,1900-1959,0,,95,84,432,2,,,,,,
4,10,3,OO,N824SK,4041,11433,DTW,"Detroit, MI",11996,GSP,"Greer, SC",1529,1525,0,0,1500-1559,1717,1702,0,1700-1759,0,,108,97,508,3,,,,,,
4,29,1,DL,N340DN,2541,10397,ATL,"Atlanta, GA",11278,DCA,"Washington, DC",1716,1736,20,1,1700-1759,1905,1917,12,1900-1959,0,,109,101,547,3,,,,,,
4,23,2,OO,N286SY,3799,13930,ORD,"Chicago, IL",12953,LGA,"New York, NY",1830,1829,0,0,1800-1859,2142,2148,6,2100-2159,0,,132,139,733,3,,,,,,
4,1,1,DL,N304DQ,1074,10397,ATL,"Atlanta, GA",15624,VPS,"Valparaiso, FL",0858,0854,0,0,0800-0859,0912,0900,0,0900-0959,0,,74,66,250,2,,,,,,
4,3,3,OO,N494CA,4311,11122,CPR,"Casper, WY",14869,SLC,"Salt Lake City, UT",0610,0604,0,0,0600-0659,0750,0735,0,0700-0759,0,,100,91,320,2,,,,,,
4,7,7,WN,N211WN,1410,12892,LAX,"Los Angeles, CA",14107,PHX,"Phoenix, AZ",0720,0720,0,0,0700-0759,0840,0829,0,0800-0859,0,,80,69,370,2,,,,,,
4,9,2,AA,N842NN,2072,11298,DFW,"Dallas/Fort Worth, TX",10397,ATL,"Atlanta, GA",1650,1650,0,0,1600-1659,1954,2023,29,1900-1959,0,,124,153,731,3,0,0,29,0,0,
5,9,4,UA,N597UA,600,11618,EWR,"Newark, NJ",12892,LAX,"Los Angeles, CA",2000,1957,0,0,2000-2059,2311,2310,0,2300-2359,0,,371,373,2454,10,,,,,,
5,7,2,OO,N276SY,3810,12156,HLN,"Helena, MT",14869,SLC,"Salt Lake City, UT",0615,0611,0,0,0600-0659,0742,0727,0,0700-0759,0,,87,76,402,2,,,,,,
5,10,5,WN,N965WN,2194,11433,DTW,"Detroit, MI",10821,BWI,"Baltimore, MD",0600,0554,0,0,0600-0659,0725,0705,0,0700-0759,0,,85,71,409,2,,,,,,
5,5,7,DL,N364DX,2820,13303,MIA,"Miami, FL",12953,LGA,"New York, NY",1656,1655,0,0,1600-1659,2002,2058,56,2000-2059,0,,186,243,1096,5,0,0,56,0,0,
5,15,3,WN,N423WN,5696,13495,MSY,"New Orleans, LA",10693,BNA,"Nashville, TN",1430,1426,0,0,1400-1459,1600,1547,0,1600-1659,0,,90,81,471,2,,,,,,
5,20,1,YX,N415YX,4372,14100,PHL,"Philadelphia, PA",10785,BTV,"Burlington, VT",2115,2112,0,0,2100-2159,2241,2237,0,2200-2259,0,,86,85,335,2,,,,,,
5,10,5,DL,N354NW,1479,15304,TPA,"Tampa, FL",12478,JFK,"New York, NY",1210,1207,0,0,1200-1259,1457,1442,0,1400-1459,0,,167,155,1005,5,,,,,,
5,25,6,OH,N706PS,5405,11057,CLT,"Charlotte, NC",10781,BTR,"Baton Rouge, LA",1844,1900,16,1,1800-1859,1954,2023,29,1900-1959,0,,130,143,675,3,0,0,13,0,16,
5,1,3,OO,N167SY,5587,13930,ORD,"Chicago, IL",11637,FAR,"Fargo, ND",1950,1945,0,0,1900-1959,2150,2137,0,2100-2159,0,,120,112,557,3,,,,,,
5,13,1,DL,N988DN,1434,10792,BUF,"Buffalo, NY",13487,MSP,"Minneapolis, MN",0630,0628,0,0,0600-0659,0748,0727,0,0700-0759,0,,138,119,735,3,,,,,,
5,18,6,WN,N466WN,3677,11292,DEN,"Denver, CO",14679,SAN,"San Diego, CA",1710,1803,53,1,1700-1759,1830,1922,52,1800-1859,0,,140,139,853,4,18,0,0,0,34,
5,27,1,G4,306NV,50,12889,LAS,"Las Vegas, NV",13476,MRY,"Monterey, CA",1226,1211,0,0,1200-1259,1350,1341,0,1300-1359,0,,84,90,375,2,,,,,,
5,24,5,EV,N13913,3999,11618,EWR,"Newark, NJ",14307,PVD,"Providence, RI",1500,1705,125,1,1500-1559,1607,1809,122,1600-1659,0,,67,64,160,1,122,0,0,0,0,
5,29,3,AA,N881NN,1354,13930,ORD,"Chicago, IL",11618,EWR,"Newark, NJ",2040,,,,2000-2059,2352,,,2300-2359,1,B,132,,719,3,,,,,,
5,25,6,WN,N7744A,3974,11066,CMH,"Columbus, OH",10397,ATL,"Atlanta, GA",1455,1457,2,0,1400-1459,1630,1621,0,1600-1659,0,,95,84,447,2,,,,,,
5,27,1,F9,N943FR,793,11292,DEN,"Denver, CO",14057,PDX,"Portland, OR",1357,1346,0,0,1300-1359,1538,1513,0,1500-1559,0,,161,147,991,4,,,,,,
5,19,7,WN,N433LV,5127,14057,PDX,"Portland, OR",13891,ONT,"Ontario, CA",1700,1730,30,1,1700-1759,1915,1935,20,1900-1959,0,,135,125,838,4,5,0,0,0,15,
5,30,4,UA,N14115,2374,13204,MCO,"Orlando, FL",11618,EWR,"Newark, NJ",1015,1009,0,0,1000-1059,1253,1236,0,1200-1259,0,,158,147,937,4,,,,,,
5,9,4,UA,N840UA,2356,11618,EWR,"Newark, NJ",13303,MIA,"Miami, FL",0945,1001,16,1,0900-0959,1250,1304,14,1200-1259,0,,185,183,1085,5,,,,,,
5,25,6,AS,N408AS,182,14057,PDX,"Portland, OR",10721,BOS,"Boston, MA",1530,1521,0,0,1500-1559,2359,2330,0,2300-2359,0,,329,309,2537,11,,,,,,
5,31,5,AS,N637VA,1347,14908,SNA,"Santa Ana, CA",14747,SEA,"Seattle, WA",2040,2038,0,0,2000-2059,2330,2331,1,2300-2359,0,,170,173,978,4,,,,,,
5,7,2,DL,N353NB,781,14100,PHL,"Philadelphia, PA",11433,DTW,"Detroit, MI",0943,0937,0,0,0900-0959,1132,1122,0,1100-1159,0,,109,105,453,2,,,,,,
5,18,6,AA,N910AU,551,13303,MIA,"Miami, FL",14100,PHL,"Philadelphia, PA",0835,1033,118,1,0800-0859,1124,1309,105,1100-1159,0,,169,156,1013,5,0,0,0,0,105,
5,1,3,HA,N492HA,173,12173,HNL,"Honolulu, HI",12982,LIH,"Lihue, HI",0813,0804,0,0,0800-0859,0855,0847,0,0800-0859,0,,42,43,102,1,,,,,,
5,18,6,B6,N358JB,1281,10721,BOS,"Boston, MA",14524,RIC,"Richmond, VA",1347,1335,0,0,1300-1359,1530,1509,0,1500-1559,0,,103,94,474,2,,,,,,
5,1,3,YX,N723YX,3639,11618,EWR,"Newark, NJ",11066,CMH,"Columbus, OH",1945,1942,0,0,1900-1959,2136,2125,0,2100-2159,0,,111,103,463,2,,,,,,
5,7,2,DL,N359NB,1639,14683,SAT,"San Antonio, TX",13487,MSP,"Minneapolis, MN",0615,0607,0,0,0600-0659,0906,0849,0,0900-0959,0,,171,162,1097,5,,,,,,
5,2,4,UA,N774UA,1175,14771,SFO,"San Francisco, CA",12173,HNL,"Honolulu, HI",0845,0848,3,0,0800-0859,1114,1125,11,1100-1159,0,,329,337,2398,10,,,,,,
5,20,1,WN,N8570W,399,11042,CLE,"Cleveland, OH",10821,BWI,"Baltimore, MD",1735,,,,1700-1759,1850,,,1800-1859,1,C,75,,314,2,,,,,,
5,14,2,NK,N659NK,940,11298,DFW,"Dallas/Fort Worth, TX",13930,ORD,"Chicago, IL",0605,0615,10,0,0600-0659,0835,0834,0,0800-0859,0,,150,139,801,4,,,,,,
5,12,7,OO,N934SW,5320,11603,EUG,"Eugene, OR",14771,SFO,"San Francisco, CA",1308,1330,22,1,1300-1359,1449,1518,29,1400-1459,0,,101,108,451,2,0,0,7,0,22,
5,12,7,AA,N578UW,1203,11298,DFW,"Dallas/Fort Worth, TX",12889,LAS,"Las Vegas, NV",1440,1514,34,1,1400-1459,1535,1559,24,1500-1559,0,,175,165,1055,5,15,0,0,0,9,
5,24,5,MQ,N279MQ,3830,11298,DFW,"Dallas/Fort Worth, TX",11267,DAY,"Dayton, OH",1025,1025,0,0,1000-1059,1347,1337,0,1300-1359,0,,142,132,861,4,,,,,,
5,30,4,AA,N829AN,2459,11298,DFW,"Dallas/Fort Worth, TX",12892,LAX,"Los Angeles, CA",1440,1640,120,1,1400-1459,1555,1749,114,1500-1559,0,,195,189,1235,5,114,0,0,0,0,
5,20,1,AA,N976NN,2531,11298,DFW,"Dallas/Fort Worth, TX",10713,BOI,"Boise, ID",1659,1658,0,0,1600-1659,1915,1931,16,1900-1959,0,,196,213,1272,6,0,0,16,0,0,
5,15,3,9E,N833AY,3341,14492,RDU,"Raleigh/Durham, NC",14100,PHL,"Philadelphia, PA",1700,1657,0,0,1700-1759,1842,1855,13,1800-1859,0,,102,118,337,2,,,,,,
5,17,5,DL,N926DH,2899,11057,CLT,"Charlotte, NC",10397,ATL,"Atlanta, GA",1740,1754,14,0,1700-1759,1906,1913,7,1900-1959,0,,86,79,226,1,,,,,,
5,20,1,OO,N960SW,5795,14524,RIC,"Richmond, VA",13930,ORD,"Chicago, IL",1030,1025,0,0,1000-1059,1149,1126,0,1100-1159,0,,139,121,642,3,,,,,,
5,12,7,OO,N933EV,5709,14771,SFO,"San Francisco, CA",15023,STS,"Santa Rosa, CA",2045,2107,22,1,2000-2059,2138,2144,6,2100-2159,0,,53,37,66,1,,,,,,
5,31,5,AA,N733UW,1737,14100,PHL,"Philadelphia, PA",10693,BNA,"Nashville, TN",0801,0755,0,0,0800-0859,0911,0859,0,0900-0959,0,,130,124,675,3,,,,,,
5,3,5,OO,N740EV,3264,13930,ORD,"Chicago, IL",14524,RIC,"Richmond, VA",1930,1957,27,1,1900-1959,2235,2304,29,2200-2259,0,,125,127,642,3,15,0,2,0,12,
5,2,4,9E,N914XJ,3499,10397,ATL,"Atlanta, GA",15370,TUL,"Tulsa, OK",1431,1428,0,0,1400-1459,1539,1528,0,1500-1559,0,,128,120,674,3,,,,,,
5,15,3,OO,N941SW,5858,11292,DEN,"Denver, CO",14252,PSC,"Pasco/Kennewick/Richland, WA",1418,1413,0,0,1400-1459,1605,1536,0,1600-1659,0,,167,143,852,4,,,,,,
5,25,6,9E,N319PQ,5014,10721,BOS,"Boston, MA",11042,CLE,"Cleveland, OH",0920,0917,0,0,0900-0959,1130,1116,0,1100-1159,0,,130,119,563,3,,,,,,
5,14,2,DL,N335DN,1681,10397,ATL,"Atlanta, GA",10721,BOS,"Boston, MA",0625,0623,0,0,0600-0659,0900,0843,0,0900-0959,0,,155,140,946,4,,,,,,
5,4,6,9E,N917XJ,3408,11433,DTW,"Detroit, MI",14524,RIC,"Richmond, VA",2045,0823,698,1,2000-2059,2222,1001,699,2200-2259,0,,97,98,456,2,698,0,1,0,0,
5,26,7,YX,N418YX,4637,12953,LGA,"New York, NY",14122,PIT,"Pittsburgh, PA",1630,1620,0,0,1600-1659,1810,1813,3,1800-1859,0,,100,113,335,2,,,,,,
5,18,6,WN,N439WN,4727,14869,SLC,"Salt Lake City, UT",11292,DEN,"Denver, CO",1725,2058,213,1,1700-1759,1850,2208,198,1800-1859,0,,85,70,391,2,168,0,0,0,30,
5,18,6,DL,N362NB,2777,10721,BOS,"Boston, MA",11433,DTW,"Detroit, MI",1726,1728,2,0,1700-1759,1936,1932,0,1900-1959,0,,130,124,632,3,,,,,,
5,24,5,MQ,N229NN,3635,15919,XNA,"Fayetteville, AR",13930,ORD,"Chicago, IL",1738,1848,70,1,1700-1759,1934,2146,132,1900-1959,0,,116,178,522,3,0,0,62,0,70,
5,11,6,OO,N179SY,3304,14831,SJC,"San Jose, CA",15376,TUS,"Tucson, AZ",1905,1852,0,0,1900-1959,2100,2105,5,2100-2159,0,,115,133,722,3,,,,,,
5,6,1,UA,N68817,694,14771,SFO,"San Francisco, CA",12758,KOA,"Kona, HI",1130,1127,0,0,1100-1159,1402,1349,0,1400-1459,0,,332,322,2367,10,,,,,,
5,14,2,9E,N935XJ,5516,13487,MSP,"Minneapolis, MN",15016,STL,"St. Louis, MO",1315,1311,0,0,1300-1359,1450,1433,0,1400-1459,0,,95,82,448,2,,,,,,
5,5,7,UA,N76519,2163,14679,SAN,"San Diego, CA",11618,EWR,"Newark, NJ",1215,1320,65,1,1200-1259,2035,2233,118,2000-2059,0,,320,373,2425,10,0,0,118,0,0,
5,1,3,DL,N3750D,667,13930,ORD,"Chicago, IL",13487,MSP,"Minneapolis, MN",0910,0902,0,0,0900-0959,1042,1028,0,1000-1059,0,,92,86,334,2,,,,,,
5,25,6,DL,N396DA,2107,11057,CLT,"Charlotte, NC",14869,SLC,"Salt Lake City, UT",0743,0740,0,0,0700-0759,1010,1012,2,1000-1059,0,,267,272,1727,7,,,,,,
5,9,4,AA,N184US,520,11298,DFW,"Dallas/Fort Worth, TX",14107,PHX,"Phoenix, AZ",0820,0828,8,0,0800-0859,0904,0912,8,0900-0959,0,,164,164,868,4,,,,,,
5,12,7,EV,N12166,4004,11278,DCA,"Washington, DC",11042,CLE,"Cleveland, OH",0715,0706,0,0,0700-0759,0840,0830,0,0800-0859,0,,85,84,310,2,,,,,,
5,30,4,G4,318NV,1554,14730,SDF,"Louisville, KY",14082,PGD,"Punta Gorda, FL",2107,2250,103,1,2100-2159,2314,0052,98,2300-2359,0,,127,122,806,4,0,0,0,0,98,
5,29,3,OO,N423SW,5127,11337,DLH,"Duluth, MN",13930,ORD,"Chicago, IL",1127,1116,0,0,1100-1159,1320,1245,0,1300-1359,0,,113,89,397,2,,,,,,
5,15,3,YX,N418YX,4512,13303,MIA,"Miami, FL",10994,CHS,"Charleston, SC",2144,2139,0,0,2100-2159,2329,2332,3,2300-2359,0,,105,113,489,2,,,,,,
5,26,7,MQ,N220NN,3882,15919,XNA,"Fayetteville, AR",11298,DFW,"Dallas/Fort Worth, TX",0855,0851,0,0,0800-0859,1018,1006,0,1000-1059,0,,83,75,280,2,,,,,,
5,3,5,UA,N222UA,1995,13930,ORD,"Chicago, IL",11618,EWR,"Newark, NJ",1615,1642,27,1,1600-1659,1930,2009,39,1900-1959,0,,135,147,719,3,0,0,39,0,0,
5,28,2,AA,N108UW,312,11057,CLT,"Charlotte, NC",12478,JFK,"New York, NY",1156,1157,1,0,1100-1159,1400,1357,0,1400-1459,0,,124,120,541,3,,,,,,
5,1,3,WN,N967WN,204,10397,ATL,"Atlanta, GA",11259,DAL,"Dallas, TX",1320,1319,0,0,1300-1359,1435,1422,0,1400-1459,0,,135,123,721,3,,,,,,
5,23,4,NK,N652NK,954,12889,LAS,"Las Vegas, NV",11697,FLL,"Fort Lauderdale, FL",2255,2255,0,0,2200-2259,0634,0625,0,0600-0659,0,,279,270,2173,9,,,,,,
5,31,5,AA,N969TW,1149,11540,ELP,"El Paso, TX",11298,DFW,"Dallas/Fort Worth, TX",0600,0556,0,0,0600-0659,0846,0850,4,0800-0859,0,,106,114,551,3,,,,,,
5,11,6,WN,N475WN,4243,10821,BWI,"Baltimore, MD",13342,MKE,"Milwaukee, WI",0835,0904,29,1,0800-0859,0940,0958,18,0900-0959,0,,125,114,641,3,0,0,0,0,18,
5,7,2,OH,N259PS,5645,11042,CLE,"Cleveland, OH",11278,DCA,"Washington, DC",1248,1243,0,0,1200-1259,1418,1402,0,1400-1459,0,,90,79,310,2,,,,,,
5,24,5,WN,N8582Z,1500,10599,BHM,"Birmingham, AL",10821,BWI,"Baltimore, MD",0700,0700,0,0,0700-0759,1005,0957,0,1000-1059,0,,125,117,682,3,,,,,,
5,16,4,WN,N778SW,2274,12889,LAS,"Las Vegas, NV",14771,SFO,"San Francisco, CA",2240,2238,0,0,2200-2259,0015,0008,0,0001-0559,0,,95,90,414,2,,,,,,
5,6,1,YX,N746YX,3445,11618,EWR,"Newark, NJ",14122,PIT,"Pittsburgh, PA",1659,1656,0,0,1600-1659,1829,1802,0,1800-1859,0,,90,66,319,2,,,,,,
5,21,2,EV,N16546,4092,10874,CAK,"Akron, OH",11618,EWR,"Newark, NJ",0600,0550,0,0,0600-0659,0748,0705,0,0700-0759,0,,108,75,382,2,,,,,,
5,16,4,MQ,N541EA,3522,12339,IND,"Indianapolis, IN",13930,ORD,"Chicago, IL",1112,1106,0,0,1100-1159,1126,1108,0,1100-1159,0,,74,62,177,1,,,,,,
5,28,2,AS,N630VA,1057,14262,PSP,"Palm Springs, CA",14057,PDX,"Portland, OR",1100,1047,0,0,1100-1159,1325,1312,0,1300-1359,0,,145,145,873,4,,,,,,
5,8,3,WN,N296WN,55,12889,LAS,"Las Vegas, NV",13495,MSY,"New Orleans, LA",0740,0745,5,0,0700-0759,1300,1254,0,1300-1359,0,,200,189,1500,7,,,,,,
5,25,6,WN,N8502Z,4618,14492,RDU,"Raleigh/Durham, NC",10821,BWI,"Baltimore, MD",1915,1909,0,0,1900-1959,2025,2008,0,2000-2059,0,,70,59,255,2,,,,,,
5,23,4,AA,N873NN,1486,13930,ORD,"Chicago, IL",11278,DCA,"Washington, DC",1354,,,,1300-1359,1651,,,1600-1659,1,B,117,,612,3,,,,,,
5,26,7,OO,N261SY,3557,14869,SLC,"Salt Lake City, UT",15016,STL,"St. Louis, MO",0930,0922,0,0,0900-0959,1330,1309,0,1300-1359,0,,180,167,1156,5,,,,,,
5,31,5,UA,N62896,2369,13204,MCO,"Orlando, FL",11292,DEN,"Denver, CO",0630,0621,0,0,0600-0659,0834,0817,0,0800-0859,0,,244,236,1546,7,,,,,,
5,30,4,WN,N8321D,107,10397,ATL,"Atlanta, GA",14100,PHL,"Philadelphia, PA",1315,1328,13,0,1300-1359,1520,,,1500-1559,0,,125,,666,3,,,,,,
5,7,2,B6,N636JB,1053,11697,FLL,"Fort Lauderdale, FL",14843,SJU,"San Juan, PR",0727,0711,0,0,0700-0759,1002,0958,0,1000-1059,0,,155,167,1046,5,,,,,,
5,9,4,AA,N949AN,1315,13930,ORD,"Chicago, IL",12266,IAH,"Houston, TX",1350,1348,0,0,1300-1359,1631,1623,0,1600-1659,0,,161,155,925,4,,,,,,
5,3,5,DL,N913DL,1153,10821,BWI,"Baltimore, MD",10397,ATL,"Atlanta, GA",1338,1339,1,0,1300-1359,1536,1530,0,1500-1559,0,,118,111,577,3,,,,,,
5,6,1,AA,N752US,695,13796,OAK,"Oakland, CA",14107,PHX,"Phoenix, AZ",1235,1226,0,0,1200-1259,1429,1426,0,1400-1459,0,,114,120,646,3,,,,,,
5,18,6,HA,N485HA,268,12173,HNL,"Honolulu, HI",12758,KOA,"Kona, HI",1136,1137,1,0,1100-1159,1225,1224,0,1200-1259,0,,49,47,163,1,,,,,,
5,2,4,NK,N693NK,696,12889,LAS,"Las Vegas, NV",10821,BWI,"Baltimore, MD",2351,2346,0,0,2300-2359,0725,0707,0,0700-0759,0,,274,261,2106,9,,,,,,
5,5,7,WN,N8528Q,3181,14635,RSW,"Fort Myers, FL",13232,MDW,"Chicago, IL",0940,0946,6,0,0900-0959,1130,1124,0,1100-1159,0,,170,158,1105,5,,,,,,
5,22,3,UA,N470UA,2414,10693,BNA,"Nashville, TN",12264,IAD,"Washington, DC",0845,0853,8,0,0800-0859,1127,1125,0,1100-1159,0,,102,92,542,3,,,,,,
5,2,4,DL,N965AT,669,13487,MSP,"Minneapolis, MN",13930,ORD,"Chicago, IL",1510,1506,0,0,1500-1559,1641,1635,0,1600-1659,0,,91,89,334,2,,,,,,
5,7,2,DL,N983DL,2496,10397,ATL,"Atlanta, GA",14730,SDF,"Louisville, KY",1210,1207,0,0,1200-1259,1332,1321,0,1300-1359,0,,82,74,321,2,,,,,,
5,16,4,B6,N649JB,971,12953,LGA,"New York, NY",11697,FLL,"Fort Lauderdale, FL",0954,0950,0,0,0900-0959,1306,1249,0,1300-1359,0,,192,179,1076,5,,,,,,
5,2,4,OO,N817SK,3901,11292,DEN,"Denver, CO",14869,SLC,"Salt Lake City, UT",1440,1438,0,0,1400-1459,1613,1558,0,1600-1659,0,,93,80,391,2,,,,,,
5,23,4,OO,N116SY,5932,14771,SFO,"San Francisco, CA",13487,MSP,"Minneapolis, MN",1040,1036,0,0,1000-1059,1647,1640,0,1600-1659,0,,247,244,1589,7,,,,,,
5,8,3,AA,N980UY,2306,14100,PHL,"Philadelphia, PA",14771,SFO,"San Francisco, CA",1820,1824,4,0,1800-1859,2137,2204,27,2100-2159,0,,377,400,2521,11,4,0,23,0,0,
5,17,5,OO,N758EV,3157,10781,BTR,"Baton Rouge, LA",11298,DFW,"Dallas/Fort Worth, TX",0617,0610,0,0,0600-0659,0751,0801,10,0700-0759,0,,94,111,383,2,,,,,,
5,31,5,UA,N69816,516,11618,EWR,"Newark, NJ",13930,ORD,"Chicago, IL",1015,1016,1,0,1000-1059,1144,1125,0,1100-1159,0,,149,129,719,3,,,,,,
5,6,1,AA,N812AW,2160,10721,BOS,"Boston, MA",11278,DCA,"Washington, DC",0900,0853,0,0,0900-0959,1036,1019,0,1000-1059,0,,96,86,399,2,,,,,,
5,24,5,NK,N685NK,564,14679,SAN,"San Diego, CA",13930,ORD,"Chicago, IL",1359,1504,65,1,1300-1359,2011,2114,63,2000-2059,0,,252,250,1723,7,37,0,26,0,0,
5,8,3,YX,N723YX,3621,12339,IND,"Indianapolis, IN",13930,ORD,"Chicago, IL",0835,0829,0,0,0800-0859,0858,0843,0,0800-0859,0,,83,74,177,1,,,,,,
5,22,3,OO,N149SY,5777,11042,CLE,"Cleveland, OH",13930,ORD,"Chicago, IL",1600,1619,19,1,1600-1659,1637,1630,0,1600-1659,0,,97,71,315,2,,,,,,
5,28,2,OO,N953SW,4857,12007,GTR,"Columbus, MS",10397,ATL,"Atlanta, GA",0630,0623,0,0,0600-0659,0854,0836,0,0800-0859,0,,84,73,241,1,,,,,,
5,18,6,UA,N433UA,1826,12264,IAD,"Washington, DC",12266,IAH,"Houston, TX",2200,2211,11,0,2200-2259,0010,0038,28,0001-0559,0,,190,207,1190,5,11,0,17,0,0,
5,14,2,OO,N198SY,3432,14747,SEA,"Seattle, WA",14831,SJC,"San Jose, CA",1535,1530,0,0,1500-1559,1740,1744,4,1700-1759,0,,125,134,696,3,,,,,,
5,31,5,NK,N636NK,569,11433,DTW,"Detroit, MI",10397,ATL,"Atlanta, GA",1849,1856,7,0,1800-1859,2054,2043,0,2000-2059,0,,125,107,594,3,,,,,,
5,23,4,AS,N493AS,807,14747,SEA,"Seattle, WA",12758,KOA,"Kona, HI",1815,1814,0,0,1800-1859,2125,2054,0,2100-2159,0,,370,340,2688,11,,,,,,
5,8,3,WN,N8312C,406,15016,STL,"St. Louis, MO",14683,SAT,"San Antonio, TX",2130,2238,68,1,2100-2159,2345,0047,62,2300-2359,0,,135,129,786,4,0,0,0,0,62,
5,21,2,DL,N996DL,2567,12278,ICT,"Wichita, KS",10397,ATL,"Atlanta, GA",1723,1732,9,0,1700-1759,2030,2035,5,2000-2059,0,,127,123,782,4,,,,,,
5,3,5,UA,N57864,1258,11292,DEN,"Denver, CO",13930,ORD,"Chicago, IL",1850,2214,204,1,1800-1859,2207,0118,191,2200-2259,0,,137,124,888,4,0,0,0,0,191,
5,8,3,WN,N787SA,705,15376,TUS,"Tucson, AZ",12892,LAX,"Los Angeles, CA",1710,1729,19,1,1700-1759,1840,1910,30,1800-1859,0,,90,101,451,2,19,0,11,0,0,
5,13,1,OO,N279SY,4026,12953,LGA,"New York, NY",13342,MKE,"Milwaukee, WI",1929,1931,2,0,1900-1959,2059,2105,6,2000-2059,0,,150,154,738,3,,,,,,
5,10,5,DL,N360NB,2970,13487,MSP,"Minneapolis, MN",10423,AUS,"Austin, TX",1745,1739,0,0,1700-1759,2036,2026,0,2000-2059,0,,171,167,1042,5,,,,,,
5,16,4,WN,N7834A,6519,13204,MCO,"Orlando, FL",12339,IND,"Indianapolis, IN",0615,0610,0,0,0600-0659,0830,0830,0,0800-0859,0,,135,140,829,4,,,,,,
5,11,6,UA,N827UA,2365,13930,ORD,"Chicago, IL",10693,BNA,"Nashville, TN",1000,1028,28,1,1000-1059,1135,1214,39,1100-1159,0,,95,106,409,2,1,0,11,0,27,
5,9,4,OO,N906SW,7395,14794,SGU,"St. George, UT",14869,SLC,"Salt Lake City, UT",1836,1834,0,0,1800-1859,1945,1940,0,1900-1959,0,,69,66,272,2,,,,,,
5,6,1,AA,N746UW,133,14100,PHL,"Philadelphia, PA",11057,CLT,"Charlotte, NC",1205,1206,1,0,1200-1259,1350,1353,3,1300-1359,0,,105,107,449,2,,,,,,
5,25,6,DL,N686DA,1615,10397,ATL,"Atlanta, GA",11697,FLL,"Fort Lauderdale, FL",1505,1511,6,0,1500-1559,1659,1657,0,1600-1659,0,,114,106,581,3,,,,,,
5,24,5,WN,N8658A,1059,10140,ABQ,"Albuquerque, NM",12889,LAS,"Las Vegas, NV",2100,2056,0,0,2100-2159,2130,2123,0,2100-2159,0,,90,87,486,2,,,,,,
5,28,2,WN,N773SA,543,14492,RDU,"Raleigh/Durham, NC",10821,BWI,"Baltimore, MD",0600,0554,0,0,0600-0659,0710,0655,0,0700-0759,0,,70,61,255,2,,,,,,
5,29,3,AA,N337PJ,869,13930,ORD,"Chicago, IL",12266,IAH,"Houston, TX",0950,0947,0,0,0900-0959,1230,1224,0,1200-1259,0,,160,157,925,4,,,,,,
5,22,3,AA,N754UW,1932,15016,STL,"St. Louis, MO",11057,CLT,"Charlotte, NC",1415,1418,3,0,1400-1459,1709,1716,7,1700-1759,0,,114,118,575,3,,,,,,
5,18,6,AA,N837AW,1994,10397,ATL,"Atlanta, GA",11057,CLT,"Charlotte, NC",0530,0529,0,0,0001-0559,0642,0644,2,0600-0659,0,,72,75,226,1,,,,,,
5,3,5,OO,N182SY,3305,10423,AUS,"Austin, TX",14831,SJC,"San Jose, CA",1610,1555,0,0,1600-1659,1815,1827,12,1800-1859,0,,245,272,1476,6,,,,,,
5,29,3,UA,N415UA,2075,13930,ORD,"Chicago, IL",13198,MCI,"Kansas City, MO",1305,1259,0,0,1300-1359,1437,1434,0,1400-1459,0,,92,95,403,2,,,,,,
5,12,7,B6,N187JB,2680,11618,EWR,"Newark, NJ",10721,BOS,"Boston, MA",2225,2244,19,1,2200-2259,2337,2355,18,2300-2359,0,,72,71,200,1,4,0,0,0,14,
5,26,7,AA,N914NN,1486,13930,ORD,"Chicago, IL",11278,DCA,"Washington, DC",1405,1359,0,0,1400-1459,1702,1634,0,1700-1759,0,,117,95,612,3,,,,,,
5,6,1,MQ,N653AE,4067,15380,TVC,"Traverse City, MI",13930,ORD,"Chicago, IL",2108,2055,0,0,2100-2159,2125,2111,0,2100-2159,0,,77,76,224,1,,,,,,
5,23,4,AA,N920AN,261,15016,STL,"St. Louis, MO",11298,DFW,"Dallas/Fort Worth, TX",0941,0940,0,0,0900-0959,1134,1136,2,1100-1159,0,,113,116,550,3,,,,,,
5,7,2,OO,N601XJ,3866,13029,LNK,"Lincoln, NE",13487,MSP,"Minneapolis, MN",1711,1703,0,0,1700-1759,1839,1816,0,1800-1859,0,,88,73,331,2,,,,,,
5,30,4,NK,N519NK,445,11066,CMH,"Columbus, OH",11697,FLL,"Fort Lauderdale, FL",0600,0554,0,0,0600-0659,0837,0816,0,0800-0859,0,,157,142,973,4,,,,,,
5,11,6,MQ,N680AE,3968,13303,MIA,"Miami, FL",14524,RIC,"Richmond, VA",2147,2144,0,0,2100-2159,0023,0024,1,0001-0559,0,,156,160,825,4,,,,,,
5,8,3,DL,N334NW,2063,10529,BDL,"Hartford, CT",11433,DTW,"Detroit, MI",1825,1813,0,0,1800-1859,2017,2017,0,2000-2059,0,,112,124,549,3,,,,,,
5,13,1,AS,N303AS,583,14869,SLC,"Salt Lake City, UT",14747,SEA,"Seattle, WA",1330,1317,0,0,1300-1359,1440,1421,0,1400-1459,0,,130,124,689,3,,,,,,
5,14,2,EV,N13978,4342,15412,TYS,"Knoxville, TN",12266,IAH,"Houston, TX",1145,1139,0,0,1100-1159,1318,1316,0,1300-1359,0,,153,157,771,4,,,,,,
5,17,5,YX,N421YX,4379,10994,CHS,"Charleston, SC",13303,MIA,"Miami, FL",0545,0537,0,0,0001-0559,0728,0720,0,0700-0759,0,,103,103,489,2,,,,,,
5,31,5,AS,N495AS,462,14747,SEA,"Seattle, WA",13891,ONT,"Ontario, CA",1335,1335,0,0,1300-1359,1605,1559,0,1600-1659,0,,150,144,956,4,,,,,,
5,7,2,OO,N692CA,4006,13487,MSP,"Minneapolis, MN",12266,IAH,"Houston, TX",0900,0858,0,0,0900-0959,1209,1206,0,1200-1259,0,,189,188,1034,5,,,,,,
5,3,5,UA,N21723,2344,13303,MIA,"Miami, FL",12266,IAH,"Houston, TX",0845,0840,0,0,0800-0859,1038,1026,0,1000-1059,0,,173,166,964,4,,,,,,
5,4,6,B6,N306JB,1901,10792,BUF,"Buffalo, NY",12478,JFK,"New York, NY",1153,1143,0,0,1100-1159,1324,1255,0,1300-1359,0,,91,72,301,2,,,,,,
5,30,4,DL,N910DL,951,10397,ATL,"Atlanta, GA",13342,MKE,"Milwaukee, WI",1354,1350,0,0,1300-1359,1457,1436,0,1400-1459,0,,123,106,669,3,,,,,,
5,23,4,DL,N852DN,2689,10397,ATL,"Atlanta, GA",11066,CMH,"Columbus, OH",1434,1438,4,0,1400-1459,1608,1600,0,1600-1659,0,,94,82,447,2,,,,,,
5,3,5,YX,N640RW,3616,13342,MKE,"Milwaukee, WI",11618,EWR,"Newark, NJ",1745,1918,93,1,1700-1759,2103,2258,115,2100-2159,0,,138,160,725,3,0,0,115,0,0,
5,20,1,NK,N901NK,442,14747,SEA,"Seattle, WA",13930,ORD,"Chicago, IL",2343,0013,30,1,2300-2359,0548,0611,23,0001-0559,0,,245,238,1721,7,23,0,0,0,0,
5,10,5,WN,N233LV,1452,13198,MCI,"Kansas City, MO",10397,ATL,"Atlanta, GA",0650,0649,0,0,0600-0659,0945,0930,0,0900-0959,0,,115,101,692,3,,,,,,
5,13,1,DL,N589NW,1330,13487,MSP,"Minneapolis, MN",12892,LAX,"Los Angeles, CA",1815,1820,5,0,1800-1859,2006,1955,0,2000-2059,0,,231,215,1535,7,,,,,,
5,8,3,WN,N940WN,1008,11278,DCA,"Washington, DC",15016,STL,"St. Louis, MO",1840,1859,19,1,1800-1859,1955,2011,16,1900-1959,0,,135,132,719,3,8,0,0,0,8,
5,5,7,OO,N116SY,5765,12339,IND,"Indianapolis, IN",11292,DEN,"Denver, CO",1650,1646,0,0,1600-1659,1749,1751,2,1700-1759,0,,179,185,977,4,,,,,,
5,17,5,AA,N9626F,2851,11298,DFW,"Dallas/Fort Worth, TX",15016,STL,"St. Louis, MO",1045,1128,43,1,1000-1059,1233,1306,33,1200-1259,0,,108,98,550,3,3,0,0,0,30,
5,14,2,WN,N287WN,1822,12191,HOU,"Houston, TX",10693,BNA,"Nashville, TN",2205,2154,0,0,2200-2259,2350,2329,0,2300-2359,0,,105,95,670,3,,,,,,
5,29,3,B6,N317JB,536,11697,FLL,"Fort Lauderdale, FL",15070,SWF,"Newburgh/Poughkeepsie, NY",1617,1610,0,0,1600-1659,1921,1928,7,1900-1959,0,,184,198,1118,5,,,,,,
5,12,7,MQ,N235NN,3997,13930,ORD,"Chicago, IL",11066,CMH,"Columbus, OH",2210,2217,7,0,2200-2259,0030,0043,13,0001-0559,0,,80,86,296,2,,,,,,
5,4,6,B6,N283JB,219,12478,JFK,"New York, NY",11057,CLT,"Charlotte, NC",0653,0645,0,0,0600-0659,0848,0831,0,0800-0859,0,,115,106,541,3,,,,,,
5,29,3,WN,N7835A,8,11140,CRP,"Corpus Christi, TX",12191,HOU,"Houston, TX",0615,0636,21,1,0600-0659,0715,0736,21,0700-0759,0,,60,60,187,1,21,0,0,0,0,
5,15,3,WN,N487WN,1420,13796,OAK,"Oakland, CA",13891,ONT,"Ontario, CA",2155,2157,2,0,2100-2159,2310,2332,22,2300-2359,0,,75,95,362,2,0,0,22,0,0,
5,3,5,WN,N7715E,1955,13296,MHT,"Manchester, NH",10821,BWI,"Baltimore, MD",1915,1910,0,0,1900-1959,2055,2031,0,2000-2059,0,,100,81,377,2,,,,,,
5,31,5,AA,N545UW,2306,14100,PHL,"Philadelphia, PA",14771,SFO,"San Francisco, CA",1820,1817,0,0,1800-1859,2137,2151,14,2100-2159,0,,377,394,2521,11,,,,,,
5,29,3,YX,N732YX,3660,14492,RDU,"Raleigh/Durham, NC",11618,EWR,"Newark, NJ",1705,,,,1700-1759,1901,,,1900-1959,1,C,116,,416,2,,,,,,
5,27,1,YV,N516LR,6025,10994,CHS,"Charleston, SC",12264,IAD,"Washington, DC",1455,1453,0,0,1400-1459,1625,1623,0,1600-1659,0,,90,90,441,2,,,,,,
5,30,4,YX,N422YX,4581,13851,OKC,"Oklahoma City, OK",14100,PHL,"Philadelphia, PA",1253,1253,0,0,1200-1259,1715,1945,,1700-1759,0,,202,,1261,6,,,,,,
5,20,1,F9,N308FR,2019,11109,COS,"Colorado Springs, CO",12889,LAS,"Las Vegas, NV",1649,1648,0,0,1600-1659,1749,1742,0,1700-1759,0,,120,114,604,3,,,,,,
5,4,6,F9,N715FR,2422,14635,RSW,"Fort Myers, FL",11042,CLE,"Cleveland, OH",1829,1826,0,0,1800-1859,2111,2053,0,2100-2159,0,,162,147,1025,5,,,,,,
5,1,3,WN,N7863A,671,10821,BWI,"Baltimore, MD",14843,SJU,"San Juan, PR",0835,0832,0,0,0800-0859,1240,1222,0,1200-1259,0,,245,230,1565,7,,,,,,
5,3,5,DL,N354NW,2612,10397,ATL,"Atlanta, GA",11278,DCA,"Washington, DC",2205,2204,0,0,2200-2259,2350,2337,0,2300-2359,0,,105,93,547,3,,,,,,
5,16,4,WN,N8502Z,1532,14307,PVD,"Providence, RI",13232,MDW,"Chicago, IL",0605,0604,0,0,0600-0659,0735,0716,0,0700-0759,0,,150,132,842,4,,,,,,
5,26,7,AA,N836NN,943,15024,STT,"Charlotte Amalie, VI",13303,MIA,"Miami, FL",1441,1436,0,0,1400-1459,1747,1726,0,1700-1759,0,,186,170,1107,5,,,,,,
5,3,5,WN,N719SW,924,13232,MDW,"Chicago, IL",11986,GRR,"Grand Rapids, MI",2200,2233,33,1,2200-2259,2355,0016,21,2300-2359,0,,55,43,137,1,18,0,0,0,3,
5,28,2,WN,N788SA,701,15016,STL,"St. Louis, MO",14492,RDU,"Raleigh/Durham, NC",1910,2040,90,1,1900-1959,2155,2313,78,2100-2159,0,,105,93,667,3,0,0,0,0,78,
5,5,7,B6,N935JB,1415,12478,JFK,"New York, NY",14771,SFO,"San Francisco, CA",2000,1953,0,0,2000-2059,2356,2335,0,2300-2359,0,,416,402,2586,11,,,,,,
5,16,4,WN,N459WN,347,10423,AUS,"Austin, TX",11292,DEN,"Denver, CO",1900,1859,0,0,1900-1959,2010,2017,7,2000-2059,0,,130,138,775,4,,,,,,
5,29,3,WN,N7744A,208,14107,PHX,"Phoenix, AZ",11540,ELP,"El Paso, TX",2200,2247,47,1,2200-2259,0005,0044,39,0001-0559,0,,65,57,347,2,2,0,0,0,37,
5,16,4,WN,N7751A,1776,11278,DCA,"Washington, DC",13232,MDW,"Chicago, IL",1225,1225,0,0,1200-1259,1325,1317,0,1300-1359,0,,120,112,601,3,,,,,,
5,20,1,MQ,N618AE,3378,11996,GSP,"Greer, SC",13303,MIA,"Miami, FL",1959,1956,0,0,1900-1959,2200,2138,0,2200-2259,0,,121,102,637,3,,,,,,
5,16,4,AA,N926AN,2283,13303,MIA,"Miami, FL",12892,LAX,"Los Angeles, CA",1455,1501,6,0,1400-1459,1736,1741,5,1700-1759,0,,341,340,2342,10,,,,,,
5,6,1,DL,N338DN,1501,10721,BOS,"Boston, MA",10397,ATL,"Atlanta, GA",0700,0659,0,0,0700-0759,0952,0933,0,0900-0959,0,,172,154,946,4,,,,,,
5,6,1,WN,N7880D,504,14908,SNA,"Santa Ana, CA",14831,SJC,"San Jose, CA",1250,1247,0,0,1200-1259,1410,1359,0,1400-1459,0,,80,72,342,2,,,,,,
5,18,6,WN,N8686A,2601,11697,FLL,"Fort Lauderdale, FL",11259,DAL,"Dallas, TX",0700,0658,0,0,0700-0759,0905,0843,0,0900-0959,0,,185,165,1108,5,,,,,,
5,11,6,B6,N198JB,886,14492,RDU,"Raleigh/Durham, NC",12478,JFK,"New York, NY",1001,1001,0,0,1000-1059,1134,1124,0,1100-1159,0,,93,83,427,2,,,,,,
5,15,3,MQ,N667GB,4181,13303,MIA,"Miami, FL",12451,JAX,"Jacksonville, FL",1026,1020,0,0,1000-1059,1143,1134,0,1100-1159,0,,77,74,335,2,,,,,,
5,6,1,EV,N870AS,4456,11140,CRP,"Corpus Christi, TX",12266,IAH,"Houston, TX",0715,0705,0,0,0700-0759,0828,0832,4,0800-0859,0,,73,87,201,1,,,,,,
5,16,4,WN,N8662F,1282,14843,SJU,"San Juan, PR",13204,MCO,"Orlando, FL",1405,1404,0,0,1400-1459,1720,1712,0,1700-1759,0,,195,188,1189,5,,,,,,
5,25,6,OO,N928SW,5931,10849,BZN,"Bozeman, MT",11292,DEN,"Denver, CO",1710,1731,21,1,1700-1759,1859,1903,4,1800-1859,0,,109,92,524,3,,,,,,
5,15,3,MQ,N835AE,4239,11298,DFW,"Dallas/Fort Worth, TX",12448,JAN,"Jackson/Vicksburg, MS",0705,0656,0,0,0700-0759,0835,0824,0,0800-0859,0,,90,88,408,2,,,,,,
5,15,3,WN,N7740A,706,10821,BWI,"Baltimore, MD",14307,PVD,"Providence, RI",1520,1527,7,0,1500-1559,1635,1636,1,1600-1659,0,,75,69,327,2,,,,,,
5,17,5,AA,N861NN,1065,14869,SLC,"Salt Lake City, UT",14107,PHX,"Phoenix, AZ",0700,0655,0,0,0700-0759,0740,,,0700-0759,1,A,100,,507,3,,,,,,
5,21,2,OO,N8968E,7395,14794,SGU,"St. George, UT",14869,SLC,"Salt Lake City, UT",1836,1849,13,0,1800-1859,1945,1954,9,1900-1959,0,,69,65,272,2,,,,,,
5,15,3,OO,N203SY,5441,12339,IND,"Indianapolis, IN",13930,ORD,"Chicago, IL",1820,1819,0,0,1800-1859,1844,1833,0,1800-1859,0,,84,74,177,1,,,,,,
5,3,5,OO,N404SY,3359,14893,SMF,"Sacramento, CA",14747,SEA,"Seattle, WA",1040,1031,0,0,1000-1059,1250,1226,0,1200-1259,0,,130,115,605,3,,,,,,
5,24,5,YV,N951LR,6003,12448,JAN,"Jackson/Vicksburg, MS",11298,DFW,"Dallas/Fort Worth, TX",1410,1520,70,1,1400-1459,1549,1649,60,1500-1559,0,,99,89,408,2,1,0,0,0,59,
5,3,5,AA,N945NN,2679,11278,DCA,"Washington, DC",13930,ORD,"Chicago, IL",2103,2133,30,1,2100-2159,2210,2318,68,2200-2259,0,,127,165,612,3,0,0,38,0,30,
5,4,6,OH,N598NN,5501,13342,MKE,"Milwaukee, WI",11057,CLT,"Charlotte, NC",0525,0513,0,0,0001-0559,0831,0823,0,0800-0859,0,,126,130,651,3,,,,,,
5,12,7,YX,N135HQ,4643,12451,JAX,"Jacksonville, FL",11278,DCA,"Washington, DC",0702,0656,0,0,0700-0759,0900,0851,0,0900-0959,0,,118,115,634,3,,,,,,
5,8,3,OH,N593NN,5109,14576,ROC,"Rochester, NY",11057,CLT,"Charlotte, NC",1528,1524,0,0,1500-1559,1727,1717,0,1700-1759,0,,119,113,573,3,,,,,,
5,10,5,OO,N208SY,5872,11603,EUG,"Eugene, OR",14771,SFO,"San Francisco, CA",1835,1824,0,0,1800-1859,2011,1950,0,2000-2059,0,,96,86,451,2,,,,,,
5,3,5,DL,N535US,1382,12982,LIH,"Lihue, HI",12892,LAX,"Los Angeles, CA",2215,2211,0,0,2200-2259,0640,0625,0,0600-0659,0,,325,314,2615,11,,,,,,
5,7,2,DL,N593NW,2662,14747,SEA,"Seattle, WA",10397,ATL,"Atlanta, GA",1309,1317,8,0,1300-1359,2100,2049,0,2100-2159,0,,291,272,2182,9,,,,,,
5,9,4,NK,N683NK,511,12889,LAS,"Las Vegas, NV",14679,SAN,"San Diego, CA",1325,1316,0,0,1300-1359,1435,1416,0,1400-1459,0,,70,60,258,2,,,,,,
5,14,2,OO,N498CA,4306,14711,SCE,"State College, PA",11433,DTW,"Detroit, MI",1355,1349,0,0,1300-1359,1521,1502,0,1500-1559,0,,86,73,301,2,,,,,,
5,30,4,AA,N587UW,507,11057,CLT,"Charlotte, NC",14107,PHX,"Phoenix, AZ",1300,1259,0,0,1300-1359,1427,1433,6,1400-1459,0,,267,274,1773,8,,,,,,
5,16,4,AA,N829AW,543,11057,CLT,"Charlotte, NC",14524,RIC,"Richmond, VA",0722,0720,0,0,0700-0759,0827,0821,0,0800-0859,0,,65,61,257,2,,,,,,
5,6,1,OO,N896SK,4155,14570,RNO,"Reno, NV",14869,SLC,"Salt Lake City, UT",1025,1024,0,0,1000-1059,1254,1251,0,1200-1259,0,,89,87,422,2,,,,,,
5,31,5,DL,N953AT,2111,12197,HPN,"White Plains, NY",10397,ATL,"Atlanta, GA",1705,1701,0,0,1700-1759,1938,1924,0,1900-1959,0,,153,143,780,4,,,,,,
5,19,7,WN,N7885A,3548,14492,RDU,"Raleigh/Durham, NC",10693,BNA,"Nashville, TN",1155,1230,35,1,1100-1159,1225,1248,23,1200-1259,0,,90,78,442,2,1,0,0,0,22,
5,23,4,AA,N747UW,539,12892,LAX,"Los Angeles, CA",10423,AUS,"Austin, TX",0705,0943,158,1,0700-0759,1157,1437,160,1100-1159,0,,172,174,1242,5,5,0,2,0,153,
5,30,4,OO,N715SK,3245,11298,DFW,"Dallas/Fort Worth, TX",14588,ROW,"Roswell, NM",2219,2215,0,0,2200-2259,2300,2234,0,2300-2359,0,,101,79,435,2,,,,,,
5,16,4,DL,N982DL,1697,12264,IAD,"Washington, DC",10397,ATL,"Atlanta, GA",0730,0725,0,0,0700-0759,0922,0900,0,0900-0959,0,,112,95,534,3,,,,,,
5,28,2,AS,N270AK,773,11618,EWR,"Newark, NJ",14679,SAN,"San Diego, CA",1630,1625,0,0,1600-1659,1940,2001,21,1900-1959,0,,370,396,2425,10,0,0,21,0,0,
5,10,5,AA,N549UW,1817,11057,CLT,"Charlotte, NC",11433,DTW,"Detroit, MI",2209,2308,59,1,2200-2259,2351,0030,39,2300-2359,0,,102,82,500,3,38,0,0,0,1,
5,6,1,DL,N986AT,1658,10721,BOS,"Boston, MA",12953,LGA,"New York, NY",2000,2042,42,1,2000-2059,2130,2147,17,2100-2159,0,,90,65,184,1,0,0,0,0,17,
5,2,4,OO,N903SW,5879,14771,SFO,"San Francisco, CA",14489,RDM,"Bend/Redmond, OR",0830,0823,0,0,0800-0859,1018,0954,0,1000-1059,0,,108,91,462,2,,,,,,
5,24,5,YX,N131HQ,4444,10693,BNA,"Nashville, TN",12953,LGA,"New York, NY",0644,0639,0,0,0600-0659,1001,0946,0,1000-1059,0,,137,127,764,4,,,,,,
5,22,3,UA,N34222,263,10821,BWI,"Baltimore, MD",12266,IAH,"Houston, TX",1815,1807,0,0,1800-1859,2041,2027,0,2000-2059,0,,206,200,1235,5,,,,,,
5,23,4,YX,N721YX,3716,12451,JAX,"Jacksonville, FL",13930,ORD,"Chicago, IL",1645,,,,1600-1659,1838,,,1800-1859,1,C,173,,864,4,,,,,,
5,2,4,B6,N334JB,1336,11433,DTW,"Detroit, MI",10721,BOS,"Boston, MA",1845,2006,81,1,1800-1859,2038,2204,86,2000-2059,0,,113,118,632,3,0,0,86,0,0,
5,12,7,WN,N758SW,4239,12892,LAX,"Los Angeles, CA",14771,SFO,"San Francisco, CA",2030,2049,19,1,2000-2059,2155,2158,3,2100-2159,0,,85,69,337,2,,,,,,
5,28,2,OO,N143SY,5816,10693,BNA,"Nashville, TN",11292,DEN,"Denver, CO",0610,0616,6,0,0600-0659,0822,0812,0,0800-0859,0,,192,176,1014,5,,,,,,
5,28,2,AA,N909AM,2270,11298,DFW,"Dallas/Fort Worth, TX",15304,TPA,"Tampa, FL",0915,0909,0,0,0900-0959,1247,1234,0,1200-1259,0,,152,145,929,4,,,,,,
5,12,7,NK,N536NK,600,11697,FLL,"Fort Lauderdale, FL",10397,ATL,"Atlanta, GA",1748,1755,7,0,1700-1759,1954,2015,21,1900-1959,0,,126,140,581,3,0,0,21,0,0,
5,27,1,YX,N647RW,3569,13851,OKC,"Oklahoma City, OK",12266,IAH,"Houston, TX",1543,1534,0,0,1500-1559,1714,1653,0,1700-1759,0,,91,79,395,2,,,,,,
5,13,1,B6,N615JB,43,14570,RNO,"Reno, NV",12954,LGB,"Long Beach, CA",1322,1306,0,0,1300-1359,1447,1425,0,1400-1459,0,,85,79,402,2,,,,,,
5,24,5,AA,N828AW,1676,14492,RDU,"Raleigh/Durham, NC",12892,LAX,"Los Angeles, CA",1900,1918,18,1,1900-1959,2134,2130,0,2100-2159,0,,334,312,2239,9,,,,,,
5,29,3,UA,N61881,670,13930,ORD,"Chicago, IL",10721,BOS,"Boston, MA",2110,2115,5,0,2100-2159,0026,0049,23,0001-0559,0,,136,154,867,4,0,0,23,0,0,
5,8,3,9E,N135EV,5506,13487,MSP,"Minneapolis, MN",14122,PIT,"Pittsburgh, PA",1300,1254,0,0,1300-1359,1610,1544,0,1600-1659,0,,130,110,726,3,,,,,,
5,1,3,AA,N978UY,1898,14100,PHL,"Philadelphia, PA",10721,BOS,"Boston, MA",1052,1044,0,0,1000-1059,1223,1215,0,1200-1259,0,,91,91,280,2,,,,,,
5,13,1,WN,N8643A,150,15304,TPA,"Tampa, FL",12889,LAS,"Las Vegas, NV",0605,0603,0,0,0600-0659,0755,0750,0,0700-0759,0,,290,287,1984,8,,,,,,
5,22,3,AA,N894NN,1691,10397,ATL,"Atlanta, GA",13930,ORD,"Chicago, IL",1738,1804,26,1,1700-1759,1908,1851,0,1900-1959,0,,150,107,606,3,,,,,,
5,8,3,DL,N898DN,2824,13495,MSY,"New Orleans, LA",10397,ATL,"Atlanta, GA",1756,1816,20,1,1700-1759,2030,2045,15,2000-2059,0,,94,89,425,2,0,0,0,0,15,
5,16,4,DL,N354NB,1152,10423,AUS,"Austin, TX",14869,SLC,"Salt Lake City, UT",1420,1416,0,0,1400-1459,1610,1603,0,1600-1659,0,,170,167,1086,5,,,,,,
5,21,2,WN,N219WN,1371,14893,SMF,"Sacramento, CA",14679,SAN,"San Diego, CA",0955,1010,15,1,0900-0959,1125,1126,1,1100-1159,0,,90,76,480,2,,,,,,
5,26,7,AA,N193UW,550,14027,PBI,"West Palm Beach/Palm Beach, FL",11057,CLT,"Charlotte, NC",0737,0730,0,0,0700-0759,0936,0916,0,0900-0959,0,,119,106,590,3,,,,,,
5,24,5,B6,N957JB,994,11292,DEN,"Denver, CO",10721,BOS,"Boston, MA",2228,2300,32,1,2200-2259,0424,0431,7,0001-0559,0,,236,211,1754,8,,,,,,
5,8,3,WN,N7847A,4523,11193,CVG,"Cincinnati, OH",13232,MDW,"Chicago, IL",0645,0644,0,0,0600-0659,0655,0642,0,0600-0659,0,,70,58,249,1,,,,,,
5,2,4,YV,N503MJ,6334,12264,IAD,"Washington, DC",12953,LGA,"New York, NY",1705,1923,138,1,1700-1759,1843,2123,160,1800-1859,0,,98,120,229,1,0,0,0,0,160,
5,7,2,UA,N78501,2156,12266,IAH,"Houston, TX",14679,SAN,"San Diego, CA",1202,1446,164,1,1200-1259,1327,1609,162,1300-1359,0,,205,203,1303,6,0,162,0,0,0,
5,24,5,OO,N251SY,4042,15016,STL,"St. Louis, MO",13487,MSP,"Minneapolis, MN",1726,1804,38,1,1700-1759,1900,1929,29,1900-1959,0,,94,85,448,2,0,0,0,0,29,
5,18,6,AA,N902NN,2255,14908,SNA,"Santa Ana, CA",11298,DFW,"Dallas/Fort Worth, TX",0900,,,,0900-0959,1356,,,1300-1359,1,B,176,,1205,5,,,,,,
5,11,6,B6,N976JT,915,12478,JFK,"New York, NY",14771,SFO,"San Francisco, CA",1554,1556,2,0,1500-1559,2003,1858,0,2000-2059,0,,429,362,2586,11,,,,,,
5,13,1,MQ,N274NN,3793,11298,DFW,"Dallas/Fort Worth, TX",14783,SGF,"Springfield, MO",1835,1832,0,0,1800-1859,1959,1951,0,1900-1959,0,,84,79,364,2,,,,,,
5,29,3,MQ,N858AE,3316,10155,ACT,"Waco, TX",11298,DFW,"Dallas/Fort Worth, TX",0515,0507,0,0,0001-0559,0605,0551,0,0600-0659,0,,50,44,89,1,,,,,,
5,3,5,AA,N70020,1803,11278,DCA,"Washington, DC",13303,MIA,"Miami, FL",1738,1735,0,0,1700-1759,2036,2045,9,2000-2059,0,,178,190,919,4,,,,,,
5,6,1,DL,N857DZ,797,10693,BNA,"Nashville, TN",10397,ATL,"Atlanta, GA",1214,1214,0,0,1200-1259,1430,1406,0,1400-1459,0,,76,52,214,1,,,,,,
5,1,3,DL,N985AT,2805,11433,DTW,"Detroit, MI",13485,MSN,"Madison, WI",1220,1215,0,0,1200-1259,1238,1232,0,1200-1259,0,,78,77,311,2,,,,,,
5,16,4,F9,N350FR,807,10397,ATL,"Atlanta, GA",12892,LAX,"Los Angeles, CA",1012,1005,0,0,1000-1059,1216,1153,0,1200-1259,0,,304,288,1947,8,,,,,,
5,4,6,DL,N891AT,669,13930,ORD,"Chicago, IL",13487,MSP,"Minneapolis, MN",1720,1715,0,0,1700-1759,1849,1834,0,1800-1859,0,,89,79,334,2,,,,,,
5,13,1,WN,N8674B,361,10994,CHS,"Charleston, SC",13232,MDW,"Chicago, IL",1710,1738,28,1,1700-1759,1820,1842,22,1800-1859,0,,130,124,745,3,12,0,0,0,10,
5,8,3,OO,N603SK,4121,13487,MSP,"Minneapolis, MN",13871,OMA,"Omaha, NE",1740,1739,0,0,1700-1759,1905,1908,3,1900-1959,0,,85,89,282,2,,,,,,
5,30,4,WN,N7832A,1574,12892,LAX,"Los Angeles, CA",14570,RNO,"Reno, NV",1025,1021,0,0,1000-1059,1150,1133,0,1100-1159,0,,85,72,391,2,,,,,,
5,21,2,WN,N400WN,1687,12954,LGB,"Long Beach, CA",14893,SMF,"Sacramento, CA",1600,1559,0,0,1600-1659,1720,1720,0,1700-1759,0,,80,81,387,2,,,,,,
5,12,7,9E,N909XJ,3406,10980,CHA,"Chattanooga, TN",12953,LGA,"New York, NY",0800,0758,0,0,0800-0859,1025,0949,0,1000-1059,0,,145,111,734,3,,,,,,
5,4,6,MQ,N533AE,3563,13930,ORD,"Chicago, IL",13871,OMA,"Omaha, NE",1403,1359,0,0,1400-1459,1535,1544,9,1500-1559,0,,92,105,416,2,,,,,,
5,5,7,9E,N313PQ,5002,14098,PHF,"Newport News/Williamsburg, VA",10397,ATL,"Atlanta, GA",1203,1158,0,0,1200-1259,1351,1352,1,1300-1359,0,,108,114,508,3,,,,,,
5,10,5,MQ,N678AE,4086,13930,ORD,"Chicago, IL",14730,SDF,"Louisville, KY",1455,1451,0,0,1400-1459,1714,1711,0,1700-1759,0,,79,80,286,2,,,,,,
5,29,3,B6,N294JB,860,14100,PHL,"Philadelphia, PA",10721,BOS,"Boston, MA",0550,0541,0,0,0001-0559,0707,0702,0,0700-0759,0,,77,81,280,2,,,,,,
5,23,4,OO,N418SW,3996,13487,MSP,"Minneapolis, MN",13433,MOT,"Minot, ND",1115,1110,0,0,1100-1159,1255,1230,0,1200-1259,0,,100,80,449,2,,,,,,
5,8,3,DL,N928AT,2212,11618,EWR,"Newark, NJ",10397,ATL,"Atlanta, GA",1500,1459,0,0,1500-1559,1725,1705,0,1700-1759,0,,145,126,746,3,,,,,,
5,5,7,DL,N398DA,1277,11193,CVG,"Cincinnati, OH",15304,TPA,"Tampa, FL",0905,0904,0,0,0900-0959,1109,1109,0,1100-1159,0,,124,125,773,4,,,,,,
5,20,1,HA,N479HA,215,13830,OGG,"Kahului, HI",12173,HNL,"Honolulu, HI",1223,1220,0,0,1200-1259,1303,1307,4,1300-1359,0,,40,47,100,1,,,,,,
5,2,4,OH,N262PS,5382,11278,DCA,"Washington, DC",11995,GSO,"Greensboro/High Point, NC",1135,1251,76,1,1100-1159,1247,1400,73,1200-1259,0,,72,69,248,1,0,73,0,0,0,
5,16,4,DL,N369NW,1863,10397,ATL,"Atlanta, GA",13303,MIA,"Miami, FL",1918,1913,0,0,1900-1959,2115,2058,0,2100-2159,0,,117,105,594,3,,,,,,
5,18,6,NK,N608NK,740,14747,SEA,"Seattle, WA",11298,DFW,"Dallas/Fort Worth, TX",0600,,,,0600-0659,1155,,,1100-1159,1,B,235,,1660,7,,,,,,
5,10,5,AA,N824NN,796,13930,ORD,"Chicago, IL",11057,CLT,"Charlotte, NC",1821,1834,13,0,1800-1859,2126,2125,0,2100-2159,0,,125,111,599,3,,,,,,
5,9,4,DL,N194DN,2220,14869,SLC,"Salt Lake City, UT",10721,BOS,"Boston, MA",0930,0926,0,0,0900-0959,1620,1551,0,1600-1659,0,,290,265,2105,9,,,,,,
5,12,7,WN,N8549Z,4069,10821,BWI,"Baltimore, MD",14027,PBI,"West Palm Beach/Palm Beach, FL",0850,0856,6,0,0800-0859,1125,1121,0,1100-1159,0,,155,145,883,4,,,,,,
5,12,7,WN,N7831B,4861,14679,SAN,"San Diego, CA",11292,DEN,"Denver, CO",2010,2013,3,0,2000-2059,2325,2333,8,2300-2359,0,,135,140,853,4,,,,,,
5,23,4,UA,N69838,1230,12266,IAH,"Houston, TX",13204,MCO,"Orlando, FL",0956,1250,174,1,0900-0959,1315,1607,172,1300-1359,0,,139,137,854,4,172,0,0,0,0,
5,26,7,DL,N990AT,1363,13198,MCI,"Kansas City, MO",13487,MSP,"Minneapolis, MN",1725,1722,0,0,1700-1759,1900,1837,0,1900-1959,0,,95,75,393,2,,,,,,
5,14,2,DL,N555NW,1959,15304,TPA,"Tampa, FL",11433,DTW,"Detroit, MI",1205,1206,1,0,1200-1259,1439,1445,6,1400-1459,0,,154,159,983,4,,,,,,
5,18,6,DL,N349NB,1639,14683,SAT,"San Antonio, TX",13487,MSP,"Minneapolis, MN",0615,0614,0,0,0600-0659,0906,0838,0,0900-0959,0,,171,144,1097,5,,,,,,
5,28,2,OO,N189SY,3377,14908,SNA,"Santa Ana, CA",14771,SFO,"San Francisco, CA",1355,1349,0,0,1300-1359,1530,1523,0,1500-1559,0,,95,94,372,2,,,,,,
5,12,7,HA,N483HA,565,13830,OGG,"Kahului, HI",12173,HNL,"Honolulu, HI",2121,2113,0,0,2100-2159,2159,2146,0,2100-2159,0,,38,33,100,1,,,,,,
5,15,3,DL,N867DN,1737,11433,DTW,"Detroit, MI",10821,BWI,"Baltimore, MD",0707,0706,0,0,0700-0759,0843,0838,0,0800-0859,0,,96,92,409,2,,,,,,
5,20,1,YV,N947LR,5767,15412,TYS,"Knoxville, TN",11298,DFW,"Dallas/Fort Worth, TX",1804,1805,1,0,1800-1859,1928,1933,5,1900-1959,0,,144,148,771,4,,,,,,
5,11,6,B6,N907JB,1403,12478,JFK,"New York, NY",14843,SJU,"San Juan, PR",0500,0454,0,0,0001-0559,0843,0831,0,0800-0859,0,,223,217,1598,7,,,,,,
5,22,3,DL,N944AT,1095,11057,CLT,"Charlotte, NC",10397,ATL,"Atlanta, GA",1301,1316,15,1,1300-1359,1417,1433,16,1400-1459,0,,76,77,226,1,0,0,1,0,15,
5,13,1,AA,N847NN,2227,15027,STX,"Christiansted, VI",13303,MIA,"Miami, FL",0800,0751,0,0,0800-0859,1111,1052,0,1100-1159,0,,191,181,1139,5,,,,,,
5,21,2,AA,N147AA,2792,14683,SAT,"San Antonio, TX",11298,DFW,"Dallas/Fort Worth, TX",0807,0837,30,1,0800-0859,0924,0938,14,0900-0959,0,,77,61,247,1,,,,,,
5,3,5,WN,N8660A,1917,11697,FLL,"Fort Lauderdale, FL",11292,DEN,"Denver, CO",1330,1414,44,1,1300-1359,1555,1651,56,1500-1559,0,,265,277,1703,7,8,0,12,0,36,
5,30,4,WN,N7833A,2091,12953,LGA,"New York, NY",12191,HOU,"Houston, TX",0610,0612,2,0,0600-0659,0910,0902,0,0900-0959,0,,240,230,1428,6,,,,,,
5,13,1,HA,N480HA,153,12173,HNL,"Honolulu, HI",12982,LIH,"Lihue, HI",0720,0721,1,0,0700-0759,0801,0759,0,0800-0859,0,,41,38,102,1,,,,,,
5,12,7,DL,N901DE,2481,13851,OKC,"Oklahoma City, OK",10397,ATL,"Atlanta, GA",1306,1307,1,0,1300-1359,1614,1617,3,1600-1659,0,,128,130,761,4,,,,,,
5,6,1,NK,N625NK,808,10397,ATL,"Atlanta, GA",13495,MSY,"New Orleans, LA",1632,1631,0,0,1600-1659,1705,1711,6,1700-1759,0,,93,100,425,2,,,,,,
5,1,3,MQ,N662EH,4175,13930,ORD,"Chicago, IL",11003,CID,"Cedar Rapids/Iowa City, IA",0715,0714,0,0,0700-0759,0819,0821,2,0800-0859,0,,64,67,196,1,,,,,,
5,4,6,DL,N976DL,821,10397,ATL,"Atlanta, GA",10821,BWI,"Baltimore, MD",0958,0951,0,0,0900-0959,1149,1140,0,1100-1159,0,,111,109,577,3,,,,,,
5,21,2,AA,N153UW,2479,11057,CLT,"Charlotte, NC",15304,TPA,"Tampa, FL",1310,1304,0,0,1300-1359,1451,1437,0,1400-1459,0,,101,93,507,3,,,,,,
5,30,4,UA,N77261,1152,12982,LIH,"Lihue, HI",14771,SFO,"San Francisco, CA",1249,1335,46,1,1200-1259,2101,2143,42,2100-2159,0,,312,308,2447,10,23,0,0,0,19,
5,31,5,AA,N959UW,326,10721,BOS,"Boston, MA",14100,PHL,"Philadelphia, PA",0600,0553,0,0,0600-0659,0727,0724,0,0700-0759,0,,87,91,280,2,,,,,,
5,26,7,B6,N520JB,1157,11697,FLL,"Fort Lauderdale, FL",14107,PHX,"Phoenix, AZ",2022,2015,0,0,2000-2059,2230,2158,0,2200-2259,0,,308,283,1972,8,,,,,,
5,6,1,DL,N3744F,69,14869,SLC,"Salt Lake City, UT",14057,PDX,"Portland, OR",0830,0832,2,0,0800-0859,0921,0922,1,0900-0959,0,,111,110,630,3,,,,,,
5,9,4,UA,N77296,1073,11433,DTW,"Detroit, MI",11292,DEN,"Denver, CO",1654,1711,17,1,1600-1659,1800,1805,5,1800-1859,0,,186,174,1123,5,,,,,,
5,17,5,DL,N900DE,1663,13342,MKE,"Milwaukee, WI",10397,ATL,"Atlanta, GA",1838,1832,0,0,1800-1859,2145,2133,0,2100-2159,0,,127,121,669,3,,,,,,
5,25,6,NK,N523NK,1153,11618,EWR,"Newark, NJ",13495,MSY,"New Orleans, LA",0700,0716,16,1,0700-0759,0905,0915,10,0900-0959,0,,185,179,1167,5,,,,,,
5,22,3,UA,N66825,1260,12889,LAS,"Las Vegas, NV",11292,DEN,"Denver, CO",1140,1144,4,0,1100-1159,1429,1505,36,1400-1459,0,,109,141,628,3,0,0,36,0,0,
5,3,5,OH,N516AE,5302,10599,BHM,"Birmingham, AL",11057,CLT,"Charlotte, NC",1658,1715,17,1,1600-1659,1937,1940,3,1900-1959,0,,99,85,350,2,,,,,,
5,1,3,WN,N7716A,2027,11292,DEN,"Denver, CO",14057,PDX,"Portland, OR",1655,1702,7,0,1600-1659,1840,1832,0,1800-1859,0,,165,150,991,4,,,,,,
5,11,6,NK,N646NK,722,13204,MCO,"Orlando, FL",14122,PIT,"Pittsburgh, PA",1711,1705,0,0,1700-1759,1935,1915,0,1900-1959,0,,144,130,834,4,,,,,,
5,13,1,F9,N238FR,791,11292,DEN,"Denver, CO",14057,PDX,"Portland, OR",2206,2210,4,0,2200-2259,2347,2338,0,2300-2359,0,,161,148,991,4,,,,,,
5,5,7,OO,N755SK,3181,13930,ORD,"Chicago, IL",10693,BNA,"Nashville, TN",0716,0712,0,0,0700-0759,0845,0834,0,0800-0859,0,,89,82,409,2,,,,,,
5,31,5,DL,N906DN,1503,14057,PDX,"Portland, OR",13487,MSP,"Minneapolis, MN",1405,1400,0,0,1400-1459,1923,1917,0,1900-1959,0,,198,197,1426,6,,,,,,
5,15,3,OO,N920SW,5370,12266,IAH,"Houston, TX",15016,STL,"St. Louis, MO",0945,0945,0,0,0900-0959,1155,1204,9,1100-1159,0,,130,139,667,3,,,,,,
5,5,7,AS,N621VA,1109,14771,SFO,"San Francisco, CA",14747,SEA,"Seattle, WA",1935,2017,42,1,1900-1959,2150,2222,32,2100-2159,0,,135,125,679,3,0,0,0,0,32,
5,1,3,OH,N555NN,5597,11278,DCA,"Washington, DC",14193,PNS,"Pensacola, FL",1940,1948,8,0,1900-1959,2103,2104,1,2100-2159,0,,143,136,816,4,,,,,,
5,17,5,AA,N583UW,1654,11292,DEN,"Denver, CO",11057,CLT,"Charlotte, NC",0125,0122,0,0,0001-0559,0633,0627,0,0600-0659,0,,188,185,1337,6,,,,,,
5,15,3,WN,N8620H,1427,13232,MDW,"Chicago, IL",14107,PHX,"Phoenix, AZ",1900,1900,0,0,1900-1959,2050,2029,0,2000-2059,0,,230,209,1444,6,,,,,,
5,22,3,YV,N958LR,6003,11298,DFW,"Dallas/Fort Worth, TX",12448,JAN,"Jackson/Vicksburg, MS",1220,1220,0,0,1200-1259,1340,1334,0,1300-1359,0,,80,74,408,2,,,,,,
5,29,3,UA,N14731,2427,11057,CLT,"Charlotte, NC",11618,EWR,"Newark, NJ",0710,0707,0,0,0700-0759,0859,0856,0,0800-0859,0,,109,109,529,3,,,,,,
5,29,3,AS,N607AS,66,15991,YAK,"Yakutat, AK",12523,JNU,"Juneau, AK",1830,1917,47,1,1800-1859,1915,2010,55,1900-1959,0,,45,53,198,1,0,0,8,0,47,
5,4,6,DL,N542US,2172,13204,MCO,"Orlando, FL",10397,ATL,"Atlanta, GA",1725,1817,52,1,1700-1759,1909,1946,37,1900-1959,0,,104,89,404,2,0,37,0,0,0,
5,3,5,AA,N864NN,1304,10423,AUS,"Austin, TX",13930,ORD,"Chicago, IL",1835,2251,256,1,1800-1859,2124,0107,223,2100-2159,0,,169,136,977,4,0,71,0,0,152,
5,12,7,NK,N672NK,858,12266,IAH,"Houston, TX",11697,FLL,"Fort Lauderdale, FL",1311,1309,0,0,1300-1359,1641,1634,0,1600-1659,0,,150,145,966,4,,,,,,
5,19,7,AA,N737US,621,13487,MSP,"Minneapolis, MN",11057,CLT,"Charlotte, NC",1735,1733,0,0,1700-1759,2114,2100,0,2100-2159,0,,159,147,930,4,,,,,,
5,20,1,AA,N721UW,656,11057,CLT,"Charlotte, NC",13495,MSY,"New Orleans, LA",1430,1427,0,0,1400-1459,1525,1518,0,1500-1559,0,,115,111,651,3,,,,,,
5,30,4,UA,N493UA,204,12889,LAS,"Las Vegas, NV",11618,EWR,"Newark, NJ",1645,1640,0,0,1600-1659,0046,0102,16,0001-0559,0,,301,322,2227,9,0,0,16,0,0,
5,25,6,DL,N727TW,592,12478,JFK,"New York, NY",14771,SFO,"San Francisco, CA",0810,0812,2,0,0800-0859,1138,1157,19,1100-1159,0,,388,405,2586,11,0,0,19,0,0,
5,21,2,MQ,N807AE,3634,13931,ORF,"Norfolk, VA",12953,LGA,"New York, NY",0545,0538,0,0,0001-0559,0709,0700,0,0700-0759,0,,84,82,296,2,,,,,,
5,6,1,AA,N9617R,2301,13851,OKC,"Oklahoma City, OK",11298,DFW,"Dallas/Fort Worth, TX",1029,1019,0,0,1000-1059,1137,1124,0,1100-1159,0,,68,65,175,1,,,,,,
5,31,5,OH,N237PS,5285,11057,CLT,"Charlotte, NC",10208,AGS,"Augusta, GA",1431,1429,0,0,1400-1459,1528,1541,13,1500-1559,0,,57,72,140,1,,,,,,
5,7,2,OO,N275SY,4610,14869,SLC,"Salt Lake City, UT",15041,SUN,"Sun Valley/Hailey/Ketchum, ID",1115,1101,0,0,1100-1159,1221,1212,0,1200-1259,0,,66,71,222,1,,,,,,
5,31,5,AA,N301NW,2721,13204,MCO,"Orlando, FL",13930,ORD,"Chicago, IL",0700,0700,0,0,0700-0759,0907,0858,0,0900-0959,0,,187,178,1005,5,,,,,,
5,30,4,OH,N560NN,5516,11057,CLT,"Charlotte, NC",12264,IAD,"Washington, DC",0725,0723,0,0,0700-0759,0843,0843,0,0800-0859,0,,78,80,322,2,,,,,,
5,18,6,9E,N695CA,3442,10397,ATL,"Atlanta, GA",11973,GPT,"Gulfport/Biloxi, MS",1455,1452,0,0,1400-1459,1525,1509,0,1500-1559,0,,90,77,352,2,,,,,,
5,2,4,AA,N166NN,1064,11298,DFW,"Dallas/Fort Worth, TX",14679,SAN,"San Diego, CA",0850,0850,0,0,0800-0859,0958,1026,28,0900-0959,0,,188,216,1171,5,0,0,28,0,0,
5,24,5,AA,N961UW,1039,14492,RDU,"Raleigh/Durham, NC",12953,LGA,"New York, NY",1428,1536,68,1,1400-1459,1607,1713,66,1600-1659,0,,99,97,431,2,0,0,66,0,0,
5,1,3,OO,N726SK,3170,13061,LRD,"Laredo, TX",11298,DFW,"Dallas/Fort Worth, TX",0500,0450,0,0,0001-0559,0631,0615,0,0600-0659,0,,91,85,396,2,,,,,,
5,17,5,NK,N622NK,922,12953,LGA,"New York, NY",11433,DTW,"Detroit, MI",1649,1645,0,0,1600-1659,1853,1840,0,1800-1859,0,,124,115,502,3,,,,,,
5,10,5,9E,N297PQ,5378,12945,LEX,"Lexington, KY",10397,ATL,"Atlanta, GA",1002,0958,0,0,1000-1059,1130,1127,0,1100-1159,0,,88,89,304,2,,,,,,
5,27,1,WN,N235WN,41,11259,DAL,"Dallas, TX",12191,HOU,"Houston, TX",1630,1630,0,0,1600-1659,1745,1730,0,1700-1759,0,,75,60,239,1,,,,,,
5,5,7,WN,N947WN,3563,10800,BUR,"Burbank, CA",13796,OAK,"Oakland, CA",2015,2048,33,1,2000-2059,2130,2158,28,2100-2159,0,,75,70,325,2,6,0,0,0,22,
5,14,2,AA,N587UW,1924,11057,CLT,"Charlotte, NC",11697,FLL,"Fort Lauderdale, FL",0940,0938,0,0,0900-0959,1141,1132,0,1100-1159,0,,121,114,632,3,,,,,,
5,22,3,DL,N890DN,2081,10397,ATL,"Atlanta, GA",15304,TPA,"Tampa, FL",1525,1523,0,0,1500-1559,1656,1651,0,1600-1659,0,,91,88,406,2,,,,,,
5,20,1,OO,N284SY,4026,12953,LGA,"New York, NY",13342,MKE,"Milwaukee, WI",1929,1925,0,0,1900-1959,2059,2035,0,2000-2059,0,,150,130,738,3,,,,,,
5,20,1,AA,N820NN,1716,14122,PIT,"Pittsburgh, PA",11298,DFW,"Dallas/Fort Worth, TX",1139,1208,29,1,1100-1159,1336,1406,30,1300-1359,0,,177,178,1067,5,9,0,1,0,20,
5,15,3,UA,N13720,2301,12953,LGA,"New York, NY",13930,ORD,"Chicago, IL",1630,1623,0,0,1600-1659,1824,1802,0,1800-1859,0,,174,159,733,3,,,,,,
5,1,3,YX,N631RW,3640,11433,DTW,"Detroit, MI",12266,IAH,"Houston, TX",1120,1140,20,1,1100-1159,1333,1354,21,1300-1359,0,,193,194,1075,5,0,0,1,0,20,
5,29,3,YV,N512MJ,6167,12264,IAD,"Washington, DC",11066,CMH,"Columbus, OH",1239,1326,47,1,1200-1259,1400,1437,37,1400-1459,0,,81,71,299,2,0,0,0,0,37,
5,30,4,MQ,N805AE,3919,11298,DFW,"Dallas/Fort Worth, TX",15074,SWO,"Stillwater, OK",1640,1636,0,0,1600-1659,1744,1739,0,1700-1759,0,,64,63,225,1,,,,,,
5,28,2,DL,N6709,1797,10397,ATL,"Atlanta, GA",15304,TPA,"Tampa, FL",1937,1936,0,0,1900-1959,2105,2059,0,2100-2159,0,,88,83,406,2,,,,,,
5,22,3,DL,N925AT,1216,10431,AVL,"Asheville, NC",10397,ATL,"Atlanta, GA",0600,0555,0,0,0600-0659,0701,0645,0,0700-0759,0,,61,50,164,1,,,,,,
5,14,2,DL,N948AT,1609,11057,CLT,"Charlotte, NC",10397,ATL,"Atlanta, GA",1909,1901,0,0,1900-1959,2029,2026,0,2000-2059,0,,80,85,226,1,,,,,,
5,17,5,DL,N361NB,1310,13487,MSP,"Minneapolis, MN",12478,JFK,"New York, NY",1024,1245,141,1,1000-1059,1415,1631,136,1400-1459,0,,171,166,1029,5,136,0,0,0,0,
5,21,2,UA,N27421,682,11292,DEN,"Denver, CO",13930,ORD,"Chicago, IL",0816,1159,223,1,0800-0859,1140,1520,220,1100-1159,0,,144,141,888,4,0,0,0,0,220,
5,1,3,OO,N153SY,5863,11603,EUG,"Eugene, OR",11292,DEN,"Denver, CO",1236,1232,0,0,1200-1259,1630,1611,0,1600-1659,0,,174,159,996,4,,,,,,
5,10,5,B6,N806JB,81,12478,JFK,"New York, NY",14570,RNO,"Reno, NV",1840,1833,0,0,1800-1859,2212,2131,0,2200-2259,0,,392,358,2411,10,,,,,,
5,16,4,OO,N440SW,4292,12003,GTF,"Great Falls, MT",14869,SLC,"Salt Lake City, UT",1219,1213,0,0,1200-1259,1354,1408,14,1300-1359,0,,95,115,463,2,,,,,,
5,1,3,OO,N447SW,3905,10397,ATL,"Atlanta, GA",11953,GNV,"Gainesville, FL",1754,1840,46,1,1700-1759,1915,1948,33,1900-1959,0,,81,68,300,2,0,0,0,0,33,
5,27,1,OH,N600NN,5683,12992,LIT,"Little Rock, AR",11057,CLT,"Charlotte, NC",0923,0917,0,0,0900-0959,1230,1219,0,1200-1259,0,,127,122,640,3,,,,,,
5,9,4,OO,N875AS,3661,12884,LAN,"Lansing, MI",13487,MSP,"Minneapolis, MN",0710,0703,0,0,0700-0759,0759,0737,0,0700-0759,0,,109,94,455,2,,,,,,
5,9,4,AA,N559UW,1029,12892,LAX,"Los Angeles, CA",13930,ORD,"Chicago, IL",1505,1507,2,0,1500-1559,2117,2118,1,2100-2159,0,,252,251,1744,7,,,,,,
5,11,6,AS,N236AK,15,10721,BOS,"Boston, MA",14747,SEA,"Seattle, WA",1855,1845,0,0,1800-1859,2210,2143,0,2200-2259,0,,375,358,2496,10,,,,,,
5,16,4,OO,N730SK,3086,13264,MFR,"Medford, OR",12892,LAX,"Los Angeles, CA",1657,1715,18,1,1600-1659,1907,1914,7,1900-1959,0,,130,119,630,3,,,,,,
5,22,3,B6,N298JB,1125,14492,RDU,"Raleigh/Durham, NC",11697,FLL,"Fort Lauderdale, FL",0700,0725,25,1,0700-0759,0907,0954,47,0900-0959,0,,127,149,680,3,25,0,22,0,0,
5,22,3,DL,N321NB,2446,12953,LGA,"New York, NY",14027,PBI,"West Palm Beach/Palm Beach, FL",1125,1125,0,0,1100-1159,1443,1416,0,1400-1459,0,,198,171,1035,5,,,,,,
5,29,3,WN,N713SW,1231,14908,SNA,"Santa Ana, CA",14831,SJC,"San Jose, CA",1730,1727,0,0,1700-1759,1845,1834,0,1800-1859,0,,75,67,342,2,,,,,,
5,20,1,WN,N912WN,531,11697,FLL,"Fort Lauderdale, FL",10397,ATL,"Atlanta, GA",2005,2001,0,0,2000-2059,2200,2145,0,2200-2259,0,,115,104,581,3,,,,,,
5,19,7,WN,N7734H,4195,14057,PDX,"Portland, OR",12892,LAX,"Los Angeles, CA",1310,1320,10,0,1300-1359,1540,1531,0,1500-1559,0,,150,131,834,4,,,,,,
5,6,1,OO,N693CA,3503,10408,ATW,"Appleton, WI",13487,MSP,"Minneapolis, MN",0634,0622,0,0,0600-0659,0805,0732,0,0800-0859,0,,91,70,236,1,,,,,,
5,8,3,AS,N635VA,1913,12889,LAS,"Las Vegas, NV",14771,SFO,"San Francisco, CA",1510,1540,30,1,1500-1559,1650,1709,19,1600-1659,0,,100,89,414,2,0,0,0,0,19,
5,30,4,9E,N330PQ,5109,12953,LGA,"New York, NY",10785,BTV,"Burlington, VT",2155,0029,154,1,2100-2159,2312,0149,157,2300-2359,0,,77,80,258,2,92,0,3,0,62,
5,31,5,OO,N455SW,7383,14869,SLC,"Salt Lake City, UT",11122,CPR,"Casper, WY",0945,0940,0,0,0900-0959,1112,1057,0,1100-1159,0,,87,77,320,2,,,,,,
5,27,1,UA,N68834,665,11618,EWR,"Newark, NJ",12889,LAS,"Las Vegas, NV",1955,2026,31,1,1900-1959,2231,2309,38,2200-2259,0,,336,343,2227,9,10,0,7,0,21,
5,13,1,WN,N930WN,489,10397,ATL,"Atlanta, GA",11066,CMH,"Columbus, OH",2155,2224,29,1,2100-2159,2325,2345,20,2300-2359,0,,90,81,447,2,12,0,0,0,8,
5,9,4,B6,N316JB,712,14576,ROC,"Rochester, NY",10721,BOS,"Boston, MA",0947,0933,0,0,0900-0959,1102,1039,0,1100-1159,0,,75,66,343,2,,,,,,
5,1,3,UA,N894UA,2117,12264,IAD,"Washington, DC",10423,AUS,"Austin, TX",0840,0833,0,0,0800-0859,1109,1114,5,1100-1159,0,,209,221,1297,6,,,,,,
5,9,4,9E,N8869B,3362,10397,ATL,"Atlanta, GA",11150,CSG,"Columbus, GA",1700,1951,171,1,1700-1759,1745,2055,190,1700-1759,0,,45,64,83,1,0,171,19,0,0,
5,20,1,YV,N516LR,6122,11042,CLE,"Cleveland, OH",12264,IAD,"Washington, DC",1030,1029,0,0,1000-1059,1147,1131,0,1100-1159,0,,77,62,288,2,,,,,,
5,24,5,AA,N986AN,368,14747,SEA,"Seattle, WA",11298,DFW,"Dallas/Fort Worth, TX",1759,1757,0,0,1700-1759,2356,0011,15,2300-2359,0,,237,254,1660,7,0,0,15,0,0,
5,6,1,G4,308NV,919,10257,ALB,"Albany, NY",14112,PIE,"St. Petersburg, FL",1208,1205,0,0,1200-1259,1506,1508,2,1500-1559,0,,178,183,1138,5,,,,,,
5,14,2,WN,N730SW,671,10821,BWI,"Baltimore, MD",14843,SJU,"San Juan, PR",0835,0932,57,1,0800-0859,1240,1319,39,1200-1259,0,,245,227,1565,7,39,0,0,0,0,
5,27,1,AA,N8030F,2245,13303,MIA,"Miami, FL",10397,ATL,"Atlanta, GA",2155,2206,11,0,2100-2159,2353,0020,27,2300-2359,0,,118,134,594,3,6,0,16,0,5,
5,2,4,YX,N645RW,3480,13930,ORD,"Chicago, IL",12339,IND,"Indianapolis, IN",1955,1953,0,0,1900-1959,2204,2228,24,2200-2259,0,,69,95,177,1,0,0,24,0,0,
5,19,7,UA,N69838,2360,12889,LAS,"Las Vegas, NV",14771,SFO,"San Francisco, CA",2015,2149,94,1,2000-2059,2157,2315,78,2100-2159,0,,102,86,414,2,0,0,78,0,0,
5,19,7,MQ,N684JW,3915,14633,RST,"Rochester, MN",13930,ORD,"Chicago, IL",1436,1506,30,1,1400-1459,1559,1735,96,1500-1559,0,,83,149,268,2,0,0,71,0,25,
5,3,5,OO,N753EV,3050,12191,HOU,"Houston, TX",11298,DFW,"Dallas/Fort Worth, TX",1228,1314,46,1,1200-1259,1345,1430,45,1300-1359,0,,77,76,247,1,0,0,0,0,45,
5,13,1,UA,N76508,1557,13830,OGG,"Kahului, HI",14771,SFO,"San Francisco, CA",2130,2136,6,0,2100-2159,0523,0514,0,0001-0559,0,,293,278,2338,10,,,,,,
5,17,5,OH,N582NN,5585,11057,CLT,"Charlotte, NC",14814,SHV,"Shreveport, LA",2219,0104,165,1,2200-2259,2346,0208,142,2300-2359,0,,147,124,764,4,142,0,0,0,0,
5,22,3,DL,N917DL,2094,10397,ATL,"Atlanta, GA",10599,BHM,"Birmingham, AL",0842,0841,0,0,0800-0859,0833,0820,0,0800-0859,0,,51,39,134,1,,,,,,
5,1,3,WN,N439WN,984,12892,LAX,"Los Angeles, CA",14683,SAT,"San Antonio, TX",0725,0734,9,0,0700-0759,1215,1209,0,1200-1259,0,,170,155,1211,5,,,,,,
5,13,1,NK,N679NK,801,13204,MCO,"Orlando, FL",14843,SJU,"San Juan, PR",1250,,,,1200-1259,1539,,,1500-1559,1,B,169,,1189,5,,,,,,
5,8,3,AS,N478AS,422,12892,LAX,"Los Angeles, CA",14057,PDX,"Portland, OR",1600,1558,0,0,1600-1659,1830,1822,0,1800-1859,0,,150,144,834,4,,,,,,
5,6,1,OO,N886AS,3573,13487,MSP,"Minneapolis, MN",11775,FSD,"Sioux Falls, SD",1623,1616,0,0,1600-1659,1730,1720,0,1700-1759,0,,67,64,196,1,,,,,,
5,19,7,B6,N989JT,619,10721,BOS,"Boston, MA",14679,SAN,"San Diego, CA",1017,1009,0,0,1000-1059,1339,1401,22,1300-1359,0,,382,412,2588,11,0,0,22,0,0,
5,17,5,DL,N302DQ,2878,10397,ATL,"Atlanta, GA",11624,EYW,"Key West, FL",0820,0817,0,0,0800-0859,1013,1001,0,1000-1059,0,,113,104,646,3,,,,,,
5,15,3,9E,N929XJ,5197,10397,ATL,"Atlanta, GA",10135,ABE,"Allentown/Bethlehem/Easton, PA",1507,1500,0,0,1500-1559,1718,1700,0,1700-1759,0,,131,120,692,3,,,,,,
5,2,4,9E,N279PQ,3323,11433,DTW,"Detroit, MI",14685,SAV,"Savannah, GA",2020,2019,0,0,2000-2059,2230,2225,0,2200-2259,0,,130,126,705,3,,,,,,
5,24,5,B6,N957JB,862,14843,SJU,"San Juan, PR",10721,BOS,"Boston, MA",0309,0301,0,0,0001-0559,0716,0712,0,0700-0759,0,,247,251,1674,7,,,,,,
5,11,6,WN,N736SA,2851,14492,RDU,"Raleigh/Durham, NC",14107,PHX,"Phoenix, AZ",1640,1708,28,1,1600-1659,1825,1846,21,1800-1859,0,,285,278,1891,8,0,0,0,0,21,
5,22,3,DL,N994DL,2398,11618,EWR,"Newark, NJ",10397,ATL,"Atlanta, GA",1830,1826,0,0,1800-1859,2106,2042,0,2100-2159,0,,156,136,746,3,,,,,,
5,29,3,WN,N8582Z,2132,13851,OKC,"Oklahoma City, OK",14107,PHX,"Phoenix, AZ",0640,0639,0,0,0600-0659,0700,0655,0,0700-0759,0,,140,136,833,4,,,,,,
5,8,3,WN,N7843A,1980,13851,OKC,"Oklahoma City, OK",12889,LAS,"Las Vegas, NV",1340,1353,13,0,1300-1359,1420,1420,0,1400-1459,0,,160,147,986,4,,,,,,
5,23,4,OO,N832SK,3564,13487,MSP,"Minneapolis, MN",12264,IAD,"Washington, DC",0905,0905,0,0,0900-0959,1231,1320,49,1200-1259,0,,146,195,908,4,0,0,49,0,0,
5,17,5,YX,N870RW,6010,12339,IND,"Indianapolis, IN",10721,BOS,"Boston, MA",1155,1159,4,0,1100-1159,1414,1408,0,1400-1459,0,,139,129,818,4,,,,,,
5,28,2,YV,N924FJ,5986,11140,CRP,"Corpus Christi, TX",11298,DFW,"Dallas/Fort Worth, TX",0500,0458,0,0,0001-0559,0625,0618,0,0600-0659,0,,85,80,354,2,,,,,,
5,28,2,WN,N280WN,1971,13204,MCO,"Orlando, FL",11278,DCA,"Washington, DC",1210,1246,36,1,1200-1259,1425,1513,48,1400-1459,0,,135,147,759,4,14,0,12,0,22,
5,30,4,OO,N751SK,2989,14107,PHX,"Phoenix, AZ",16218,YUM,"Yuma, AZ",1705,1658,0,0,1700-1759,1758,1744,0,1700-1759,0,,53,46,160,1,,,,,,
5,24,5,WN,N447WN,664,12191,HOU,"Houston, TX",12953,LGA,"New York, NY",1855,1934,39,1,1800-1859,2325,2345,20,2300-2359,0,,210,191,1428,6,5,0,0,0,15,
5,30,4,B6,N775JB,28,13204,MCO,"Orlando, FL",11618,EWR,"Newark, NJ",1322,1511,109,1,1300-1359,1617,1834,137,1600-1659,0,,175,203,937,4,0,0,137,0,0,
5,14,2,DL,N974AT,2747,14869,SLC,"Salt Lake City, UT",14908,SNA,"Santa Ana, CA",1705,1657,0,0,1700-1759,1801,1750,0,1800-1859,0,,116,113,588,3,,,,,,
5,29,3,OO,N922EV,3672,13487,MSP,"Minneapolis, MN",12884,LAN,"Lansing, MI",2040,2034,0,0,2000-2059,2322,2305,0,2300-2359,0,,102,91,455,2,,,,,,
5,12,7,AA,N968NN,1044,12892,LAX,"Los Angeles, CA",10529,BDL,"Hartford, CT",2316,2313,0,0,2300-2359,0741,0733,0,0700-0759,0,,325,320,2527,11,,,,,,
5,23,4,WN,N563WN,496,11292,DEN,"Denver, CO",15376,TUS,"Tucson, AZ",0825,0909,44,1,0800-0859,0930,1011,41,0900-0959,0,,125,122,639,3,41,0,0,0,0,
5,2,4,DL,N914DN,2006,15096,SYR,"Syracuse, NY",10397,ATL,"Atlanta, GA",1758,1753,0,0,1700-1759,2015,2010,0,2000-2059,0,,137,137,794,4,,,,,,
5,31,5,UA,N476UA,296,10529,BDL,"Hartford, CT",12264,IAD,"Washington, DC",0600,0550,0,0,0600-0659,0720,0710,0,0700-0759,0,,80,80,326,2,,,,,,
5,16,4,B6,N527JL,1459,10529,BDL,"Hartford, CT",11697,FLL,"Fort Lauderdale, FL",1716,1718,2,0,1700-1759,2029,1956,0,2000-2059,0,,193,158,1173,5,,,,,,
5,30,4,B6,N318JB,1776,14100,PHL,"Philadelphia, PA",10721,BOS,"Boston, MA",0911,0857,0,0,0900-0959,1051,1030,0,1000-1059,0,,100,93,280,2,,,,,,
5,5,7,WN,N433LV,4338,13891,ONT,"Ontario, CA",14107,PHX,"Phoenix, AZ",1415,1410,0,0,1400-1459,1525,1522,0,1500-1559,0,,70,72,325,2,,,,,,
5,9,4,DL,N998AT,395,13487,MSP,"Minneapolis, MN",11298,DFW,"Dallas/Fort Worth, TX",1305,1302,0,0,1300-1359,1543,1537,0,1500-1559,0,,158,155,852,4,,,,,,
5,1,3,WN,N789SW,1505,13495,MSY,"New Orleans, LA",11259,DAL,"Dallas, TX",1200,1201,1,0,1200-1259,1335,1329,0,1300-1359,0,,95,88,436,2,,,,,,
5,30,4,DL,N923DN,2851,10397,ATL,"Atlanta, GA",12266,IAH,"Houston, TX",0931,0930,0,0,0900-0959,1042,1043,1,1000-1059,0,,131,133,689,3,,,,,,
5,20,1,AA,N176UW,460,14107,PHX,"Phoenix, AZ",14100,PHL,"Philadelphia, PA",1210,1233,23,1,1200-1259,1952,2025,33,1900-1959,0,,282,292,2075,9,0,5,10,0,18,
5,19,7,OO,N742SK,3222,14107,PHX,"Phoenix, AZ",10140,ABQ,"Albuquerque, NM",1920,1915,0,0,1900-1959,2133,2122,0,2100-2159,0,,73,67,328,2,,,,,,
5,27,1,DL,N379DN,1597,13487,MSP,"Minneapolis, MN",10849,BZN,"Bozeman, MT",1958,1958,0,0,1900-1959,2129,2123,0,2100-2159,0,,151,145,874,4,,,,,,
5,4,6,UA,N891UA,1719,11292,DEN,"Denver, CO",13495,MSY,"New Orleans, LA",1325,1345,20,1,1300-1359,1700,1719,19,1700-1759,0,,155,154,1062,5,0,0,0,0,19,
5,7,2,AA,N814AW,2795,14107,PHX,"Phoenix, AZ",14893,SMF,"Sacramento, CA",0711,0701,0,0,0700-0759,0911,0858,0,0900-0959,0,,120,117,647,3,,,,,,
5,1,3,DL,N893AT,2053,13487,MSP,"Minneapolis, MN",13342,MKE,"Milwaukee, WI",0900,0856,0,0,0900-0959,1012,1004,0,1000-1059,0,,72,68,297,2,,,,,,
5,5,7,DL,N345DN,2769,12953,LGA,"New York, NY",10397,ATL,"Atlanta, GA",2000,2019,19,1,2000-2059,2234,2247,13,2200-2259,0,,154,148,762,4,,,,,,
5,28,2,B6,N337JB,816,10792,BUF,"Buffalo, NY",10721,BOS,"Boston, MA",0914,0906,0,0,0900-0959,1036,1015,0,1000-1059,0,,82,69,395,2,,,,,,
5,22,3,G4,256NV,2194,14574,ROA,"Roanoke, VA",14761,SFB,"Sanford, FL",2113,2053,0,0,2100-2159,2259,2231,0,2200-2259,0,,106,98,594,3,,,,,,
5,17,5,AA,N967UW,1719,14492,RDU,"Raleigh/Durham, NC",12953,LGA,"New York, NY",0702,0704,2,0,0700-0759,0844,0840,0,0800-0859,0,,102,96,431,2,,,,,,
5,21,2,DL,N674DL,1827,11697,FLL,"Fort Lauderdale, FL",10397,ATL,"Atlanta, GA",1400,1358,0,0,1400-1459,1559,1549,0,1500-1559,0,,119,111,581,3,,,,,,
5,20,1,WN,N7708E,6639,12889,LAS,"Las Vegas, NV",12954,LGB,"Long Beach, CA",1600,1556,0,0,1600-1659,1705,1706,1,1700-1759,0,,65,70,231,1,,,,,,
5,25,6,OO,N257SY,4524,14869,SLC,"Salt Lake City, UT",11423,DSM,"Des Moines, IA",1345,1340,0,0,1300-1359,1723,1701,0,1700-1759,0,,158,141,955,4,,,,,,
5,13,1,OO,N807SK,3609,12266,IAH,"Houston, TX",13487,MSP,"Minneapolis, MN",1417,1412,0,0,1400-1459,1715,1715,0,1700-1759,0,,178,183,1034,5,,,,,,
5,10,5,AA,N924NN,2638,13891,ONT,"Ontario, CA",11298,DFW,"Dallas/Fort Worth, TX",0755,0754,0,0,0700-0759,1251,1251,0,1200-1259,0,,176,177,1188,5,,,,,,
5,1,3,MQ,N681AE,3380,10599,BHM,"Birmingham, AL",13303,MIA,"Miami, FL",0626,0617,0,0,0600-0659,0924,0910,0,0900-0959,0,,118,113,661,3,,,,,,
5,19,7,NK,N532NK,277,15024,STT,"Charlotte Amalie, VI",13204,MCO,"Orlando, FL",1510,1502,0,0,1500-1559,1831,1818,0,1800-1859,0,,201,196,1246,5,,,,,,
5,24,5,NK,N904NK,339,11697,FLL,"Fort Lauderdale, FL",12892,LAX,"Los Angeles, CA",2138,2127,0,0,2100-2159,2359,2357,0,2300-2359,0,,321,330,2343,10,,,,,,
5,8,3,NK,N637NK,1669,11066,CMH,"Columbus, OH",13204,MCO,"Orlando, FL",0800,0805,5,0,0800-0859,1011,1011,0,1000-1059,0,,131,126,802,4,,,,,,
5,26,7,AA,N982NN,2731,11057,CLT,"Charlotte, NC",12478,JFK,"New York, NY",1313,1307,0,0,1300-1359,1512,1500,0,1500-1559,0,,119,113,541,3,,,,,,
5,1,3,AA,N904AN,2503,13930,ORD,"Chicago, IL",10423,AUS,"Austin, TX",1005,1005,0,0,1000-1059,1256,1311,15,1200-1259,0,,171,186,977,4,0,0,15,0,0,
5,11,6,DL,N894AT,2665,11292,DEN,"Denver, CO",14747,SEA,"Seattle, WA",0701,0655,0,0,0700-0759,0858,0846,0,0800-0859,0,,177,171,1024,5,,,,,,
5,24,5,UA,N482UA,488,12266,IAH,"Houston, TX",12953,LGA,"New York, NY",1427,1431,4,0,1400-1459,1859,1912,13,1800-1859,0,,212,221,1416,6,,,,,,
5,7,2,F9,N228FR,775,11292,DEN,"Denver, CO",12889,LAS,"Las Vegas, NV",0936,0932,0,0,0900-0959,1031,1033,2,1000-1059,0,,115,121,628,3,,,,,,
5,31,5,DL,N372DN,2300,10397,ATL,"Atlanta, GA",10721,BOS,"Boston, MA",2220,2231,11,0,2200-2259,0055,0101,6,0001-0559,0,,155,150,946,4,,,,,,
5,15,3,G4,231NV,1545,10135,ABE,"Allentown/Bethlehem/Easton, PA",14082,PGD,"Punta Gorda, FL",1716,1725,9,0,1700-1759,1956,1956,0,1900-1959,0,,160,151,1018,5,,,,,,
5,7,2,AA,N832AW,2160,11278,DCA,"Washington, DC",10721,BOS,"Boston, MA",0630,0623,0,0,0600-0659,0754,0749,0,0700-0759,0,,84,86,399,2,,,,,,
5,17,5,NK,N652NK,846,14843,SJU,"San Juan, PR",13204,MCO,"Orlando, FL",2205,2159,0,0,2200-2259,0101,0049,0,0001-0559,0,,176,170,1189,5,,,,,,
5,16,4,DL,N860DN,1644,13487,MSP,"Minneapolis, MN",14057,PDX,"Portland, OR",1958,1959,1,0,1900-1959,2133,2128,0,2100-2159,0,,215,209,1426,6,,,,,,
5,16,4,WN,N206WN,1351,13796,OAK,"Oakland, CA",12892,LAX,"Los Angeles, CA",1815,1853,38,1,1800-1859,1935,2000,25,1900-1959,0,,80,67,337,2,10,0,0,0,15,
5,21,2,UA,N896UA,2324,11618,EWR,"Newark, NJ",10994,CHS,"Charleston, SC",0730,0722,0,0,0700-0759,0932,0923,0,0900-0959,0,,122,121,628,3,,,,,,
5,3,5,MQ,N257NN,3714,10980,CHA,"Chattanooga, TN",11298,DFW,"Dallas/Fort Worth, TX",1632,1628,0,0,1600-1659,1748,1744,0,1700-1759,0,,136,136,695,3,,,,,,
5,9,4,AA,N903NN,334,11298,DFW,"Dallas/Fort Worth, TX",14683,SAT,"San Antonio, TX",1626,1629,3,0,1600-1659,1732,1756,24,1700-1759,0,,66,87,247,1,3,0,21,0,0,
5,2,4,9E,N695CA,5116,11618,EWR,"Newark, NJ",11433,DTW,"Detroit, MI",1700,1654,0,0,1700-1759,1859,1844,0,1800-1859,0,,119,110,488,2,,,,,,
5,16,4,YX,N743YX,3524,11618,EWR,"Newark, NJ",13871,OMA,"Omaha, NE",1500,1459,0,0,1500-1559,1720,1701,0,1700-1759,0,,200,182,1134,5,,,,,,
5,20,1,WN,N8658A,2161,15370,TUL,"Tulsa, OK",15016,STL,"St. Louis, MO",1550,1545,0,0,1500-1559,1700,1658,0,1700-1759,0,,70,73,351,2,,,,,,
5,14,2,F9,N337FR,2067,14492,RDU,"Raleigh/Durham, NC",12889,LAS,"Las Vegas, NV",1844,1831,0,0,1800-1859,2040,2022,0,2000-2059,0,,296,291,2026,9,,,,,,
5,26,7,YX,N631RW,3607,13930,ORD,"Chicago, IL",11057,CLT,"Charlotte, NC",2130,2134,4,0,2100-2159,0033,0019,0,0001-0559,0,,123,105,599,3,,,,,,
5,25,6,WN,N451WN,3680,10821,BWI,"Baltimore, MD",10599,BHM,"Birmingham, AL",0815,0806,0,0,0800-0859,0915,0856,0,0900-0959,0,,120,110,682,3,,,,,,
5,16,4,AA,N929AN,1330,11298,DFW,"Dallas/Fort Worth, TX",12953,LGA,"New York, NY",0637,0640,3,0,0600-0659,1102,1102,0,1100-1159,0,,205,202,1389,6,,,,,,
5,31,5,DL,N927AT,551,11433,DTW,"Detroit, MI",11057,CLT,"Charlotte, NC",0700,0655,0,0,0700-0759,0850,0836,0,0800-0859,0,,110,101,500,3,,,,,,
5,29,3,DL,N348DN,748,14869,SLC,"Salt Lake City, UT",10849,BZN,"Bozeman, MT",2235,2250,15,1,2200-2259,2350,0002,12,2300-2359,0,,75,72,347,2,,,,,,
5,9,4,OO,N826SK,4073,15380,TVC,"Traverse City, MI",11433,DTW,"Detroit, MI",1757,1756,0,0,1700-1759,1902,1850,0,1900-1959,0,,65,54,207,1,,,,,,
5,30,4,OO,N817SK,3539,11433,DTW,"Detroit, MI",14730,SDF,"Louisville, KY",1745,1739,0,0,1700-1759,1905,1854,0,1900-1959,0,,80,75,306,2,,,,,,
5,14,2,DL,N878DN,717,14747,SEA,"Seattle, WA",12478,JFK,"New York, NY",2254,2304,10,0,2200-2259,0717,0711,0,0700-0759,0,,323,307,2422,10,,,,,,
5,2,4,B6,N627JB,215,10721,BOS,"Boston, MA",11298,DFW,"Dallas/Fort Worth, TX",0650,0645,0,0,0600-0659,1001,1014,13,1000-1059,0,,251,269,1562,7,,,,,,
5,3,5,DL,N865DN,1612,14869,SLC,"Salt Lake City, UT",12889,LAS,"Las Vegas, NV",1528,1526,0,0,1500-1559,1552,1550,0,1500-1559,0,,84,84,368,2,,,,,,
5,11,6,OO,N135SY,5997,14262,PSP,"Palm Springs, CA",14771,SFO,"San Francisco, CA",0710,1041,211,1,0700-0759,0856,1200,184,0800-0859,0,,106,79,421,2,184,0,0,0,0,
5,5,7,EV,N11551,4467,11042,CLE,"Cleveland, OH",11278,DCA,"Washington, DC",1955,2045,50,1,1900-1959,2117,2156,39,2100-2159,0,,82,71,310,2,39,0,0,0,0,
5,31,5,G4,325NV,796,10257,ALB,"Albany, NY",14112,PIE,"St. Petersburg, FL",1026,1019,0,0,1000-1059,1324,1324,0,1300-1359,0,,178,185,1138,5,,,,,,
5,6,1,NK,N629NK,384,15304,TPA,"Tampa, FL",10821,BWI,"Baltimore, MD",1154,1159,5,0,1100-1159,1412,1358,0,1400-1459,0,,138,119,842,4,,,,,,
5,28,2,AA,N9619V,1538,15624,VPS,"Valparaiso, FL",11298,DFW,"Dallas/Fort Worth, TX",0720,0715,0,0,0700-0759,0935,0929,0,0900-0959,0,,135,134,641,3,,,,,,
5,18,6,UA,N17233,743,13930,ORD,"Chicago, IL",14771,SFO,"San Francisco, CA",1800,1905,65,1,1800-1859,2037,2214,97,2000-2059,0,,277,309,1846,8,0,0,95,0,2,
5,16,4,YX,N721YX,3549,13485,MSN,"Madison, WI",11618,EWR,"Newark, NJ",0630,0625,0,0,0600-0659,0947,0928,0,0900-0959,0,,137,123,799,4,,,,,,
5,28,2,WN,N919WN,2063,11259,DAL,"Dallas, TX",14831,SJC,"San Jose, CA",1920,1924,4,0,1900-1959,2110,2058,0,2100-2159,0,,230,214,1450,6,,,,,,
5,11,6,HA,N217HA,62,12758,KOA,"Kona, HI",12892,LAX,"Los Angeles, CA",1530,1530,0,0,1500-1559,2345,2351,6,2300-2359,0,,315,321,2504,11,,,,,,
5,3,5,YX,N106HQ,4417,11278,DCA,"Washington, DC",12339,IND,"Indianapolis, IN",0850,0916,26,1,0800-0859,1043,1059,16,1000-1059,0,,113,103,500,3,0,0,0,0,16,
5,31,5,AA,N195AN,1042,13303,MIA,"Miami, FL",11298,DFW,"Dallas/Fort Worth, TX",1054,1047,0,0,1000-1059,1313,1251,0,1300-1359,0,,199,184,1121,5,,,,,,
5,3,5,AA,N939AN,325,13930,ORD,"Chicago, IL",12953,LGA,"New York, NY",1530,1526,0,0,1500-1559,1840,1828,0,1800-1859,0,,130,122,733,3,,,,,,
5,8,3,AA,N712US,1699,11042,CLE,"Cleveland, OH",11057,CLT,"Charlotte, NC",0932,0930,0,0,0900-0959,1110,1058,0,1100-1159,0,,98,88,430,2,,,,,,
5,24,5,WN,N7738A,2294,14831,SJC,"San Jose, CA",14107,PHX,"Phoenix, AZ",1215,1222,7,0,1200-1259,1410,1410,0,1400-1459,0,,115,108,621,3,,,,,,
5,8,3,EV,N15983,4349,10693,BNA,"Nashville, TN",12266,IAH,"Houston, TX",1825,1918,53,1,1800-1859,2046,2153,67,2000-2059,0,,141,155,657,3,10,0,14,0,43,
5,28,2,UA,N37409,843,11298,DFW,"Dallas/Fort Worth, TX",12266,IAH,"Houston, TX",0715,0710,0,0,0700-0759,0828,0824,0,0800-0859,0,,73,74,224,1,,,,,,
5,10,5,OO,N679SA,5999,11648,FCA,"Kalispell, MT",11292,DEN,"Denver, CO",1235,1235,0,0,1200-1259,1450,1443,0,1400-1459,0,,135,128,752,4,,,,,,
5,27,1,WN,N569WN,2144,14683,SAT,"San Antonio, TX",10397,ATL,"Atlanta, GA",1715,1710,0,0,1700-1759,2040,2020,0,2000-2059,0,,145,130,874,4,,,,,,
5,30,4,B6,N993JE,323,12478,JFK,"New York, NY",12892,LAX,"Los Angeles, CA",0842,0907,25,1,0800-0859,1205,1202,0,1200-1259,0,,383,355,2475,10,,,,,,
5,30,4,UA,N815UA,1061,14771,SFO,"San Francisco, CA",10693,BNA,"Nashville, TN",1405,1357,0,0,1400-1459,2028,2010,0,2000-2059,0,,263,253,1969,8,,,,,,
5,1,3,YX,N111HQ,4489,11278,DCA,"Washington, DC",10785,BTV,"Burlington, VT",2210,2207,0,0,2200-2259,2342,2345,3,2300-2359,0,,92,98,437,2,,,,,,
5,26,7,WN,N480WN,3244,10693,BNA,"Nashville, TN",11618,EWR,"Newark, NJ",1835,2119,164,1,1800-1859,2145,0021,156,2100-2159,0,,130,122,748,3,0,0,0,0,156,
5,8,3,AA,N767UW,449,11057,CLT,"Charlotte, NC",10693,BNA,"Nashville, TN",1802,1757,0,0,1800-1859,1827,1810,0,1800-1859,0,,85,73,328,2,,,,,,
5,27,1,WN,N7831B,2172,11292,DEN,"Denver, CO",10423,AUS,"Austin, TX",0920,0911,0,0,0900-0959,1230,1214,0,1200-1259,0,,130,123,775,4,,,,,,
5,17,5,B6,N373JB,645,14524,RIC,"Richmond, VA",11697,FLL,"Fort Lauderdale, FL",1700,1656,0,0,1700-1759,1923,1906,0,1900-1959,0,,143,130,805,4,,,,,,
5,1,3,9E,N292PQ,3405,13487,MSP,"Minneapolis, MN",11618,EWR,"Newark, NJ",1005,1136,91,1,1000-1059,1403,1517,74,1400-1459,0,,178,161,1008,5,36,0,0,0,38,
5,21,2,OO,N719SK,3183,14107,PHX,"Phoenix, AZ",11695,FLG,"Flagstaff, AZ",1352,1448,56,1,1300-1359,1442,1535,53,1400-1459,0,,50,47,119,1,53,0,0,0,0,
5,23,4,WN,N8626B,1387,12339,IND,"Indianapolis, IN",13204,MCO,"Orlando, FL",1850,2232,222,1,1800-1859,2100,0036,216,2100-2159,0,,130,124,829,4,190,0,0,0,26,
5,2,4,UA,N78501,2245,13303,MIA,"Miami, FL",12266,IAH,"Houston, TX",0700,0651,0,0,0700-0759,0854,1033,,0800-0859,0,,174,,964,4,,,,,,
5,26,7,WN,N922WN,4995,10397,ATL,"Atlanta, GA",11697,FLL,"Fort Lauderdale, FL",0650,0649,0,0,0600-0659,0840,0837,0,0800-0859,0,,110,108,581,3,,,,,,
5,6,1,AA,N9013A,2544,10693,BNA,"Nashville, TN",13303,MIA,"Miami, FL",1739,1957,138,1,1700-1759,2056,2258,122,2000-2059,0,,137,121,806,4,0,0,0,0,122,
5,1,3,WN,N404WN,408,11697,FLL,"Fort Lauderdale, FL",10821,BWI,"Baltimore, MD",1915,1915,0,0,1900-1959,2150,2140,0,2100-2159,0,,155,145,925,4,,,,,,
5,11,6,DL,N954AT,1269,10693,BNA,"Nashville, TN",13487,MSP,"Minneapolis, MN",1139,1132,0,0,1100-1159,1349,1324,0,1300-1359,0,,130,112,695,3,,,,,,
5,31,5,WN,N480WN,751,14908,SNA,"Santa Ana, CA",14831,SJC,"San Jose, CA",2040,2055,15,1,2000-2059,2155,2207,12,2100-2159,0,,75,72,342,2,,,,,,
5,13,1,WN,N564WN,1776,12191,HOU,"Houston, TX",11278,DCA,"Washington, DC",0745,0752,7,0,0700-0759,1150,1125,0,1100-1159,0,,185,153,1218,5,,,,,,
5,29,3,OH,N589NN,5154,10785,BTV,"Burlington, VT",11057,CLT,"Charlotte, NC",0600,0552,0,0,0600-0659,0827,0804,0,0800-0859,0,,147,132,761,4,,,,,,
5,5,7,AA,N809NN,1457,13303,MIA,"Miami, FL",12953,LGA,"New York, NY",1330,1331,1,0,1300-1359,1628,1608,0,1600-1659,0,,178,157,1096,5,,,,,,
5,13,1,9E,N8847A,3492,12478,JFK,"New York, NY",12264,IAD,"Washington, DC",2130,2125,0,0,2100-2159,2259,2243,0,2200-2259,0,,89,78,228,1,,,,,,
5,22,3,AA,N919NN,2767,11298,DFW,"Dallas/Fort Worth, TX",11540,ELP,"El Paso, TX",1055,1100,5,0,1000-1059,1148,1148,0,1100-1159,0,,113,108,551,3,,,,,,
5,6,1,B6,N284JB,1023,11278,DCA,"Washington, DC",13204,MCO,"Orlando, FL",1904,1910,6,0,1900-1959,2125,2121,0,2100-2159,0,,141,131,759,4,,,,,,
5,12,7,G4,215NV,882,14112,PIE,"St. Petersburg, FL",11986,GRR,"Grand Rapids, MI",0650,0635,0,0,0600-0659,0927,0904,0,0900-0959,0,,157,149,1044,5,,,,,,
5,23,4,YV,N509MJ,6062,10994,CHS,"Charleston, SC",12264,IAD,"Washington, DC",1945,1933,0,0,1900-1959,2115,2106,0,2100-2159,0,,90,93,441,2,,,,,,
5,11,6,YV,N86347,6272,10397,ATL,"Atlanta, GA",12266,IAH,"Houston, TX",0735,0807,32,1,0700-0759,0853,0930,37,0800-0859,0,,138,143,689,3,37,0,0,0,0,
5,12,7,WN,N8301J,3777,15370,TUL,"Tulsa, OK",12191,HOU,"Houston, TX",1845,1843,0,0,1800-1859,2020,2008,0,2000-2059,0,,95,85,453,2,,,,,,
5,12,7,OO,N132SY,5781,11638,FAT,"Fresno, CA",12892,LAX,"Los Angeles, CA",1545,1539,0,0,1500-1559,1703,1647,0,1700-1759,0,,78,68,209,1,,,,,,
5,15,3,UA,N493UA,782,13930,ORD,"Chicago, IL",11298,DFW,"Dallas/Fort Worth, TX",1930,1927,0,0,1900-1959,2203,2149,0,2200-2259,0,,153,142,801,4,,,,,,
5,11,6,DL,N889DN,1370,11433,DTW,"Detroit, MI",14771,SFO,"San Francisco, CA",2037,2033,0,0,2000-2059,2241,2219,0,2200-2259,0,,304,286,2079,9,,,,,,
6,25,2,OO,N937SW,5328,14771,SFO,"San Francisco, CA",10713,BOI,"Boise, ID",1200,1151,0,0,1200-1259,1447,1423,0,1400-1459,0,,107,92,522,3,,,,,,
6,23,7,B6,N729JB,2421,10721,BOS,"Boston, MA",14027,PBI,"West Palm Beach/Palm Beach, FL",1056,1101,5,0,1000-1059,1412,1345,0,1400-1459,0,,196,164,1197,5,,,,,,
6,16,7,UA,N838UA,2419,14262,PSP,"Palm Springs, CA",14771,SFO,"San Francisco, CA",1330,1327,0,0,1300-1359,1505,1454,0,1500-1559,0,,95,87,421,2,,,,,,
6,2,7,WN,N8632A,5174,14107,PHX,"Phoenix, AZ",15016,STL,"St. Louis, MO",1140,1143,3,0,1100-1159,1630,1620,0,1600-1659,0,,170,157,1262,6,,,,,,
6,6,4,OO,N836SK,3776,10257,ALB,"Albany, NY",13487,MSP,"Minneapolis, MN",0617,0612,0,0,0600-0659,0810,0749,0,0800-0859,0,,173,157,980,4,,,,,,
6,16,7,B6,N373JB,589,11278,DCA,"Washington, DC",12451,JAX,"Jacksonville, FL",0851,0845,0,0,0800-0859,1053,1043,0,1000-1059,0,,122,118,634,3,,,,,,
6,12,3,WN,N205WN,440,10713,BOI,"Boise, ID",14893,SMF,"Sacramento, CA",1515,1520,5,0,1500-1559,1535,1556,21,1500-1559,0,,80,96,437,2,0,0,21,0,0,
6,7,5,DL,N368NW,1287,13303,MIA,"Miami, FL",12953,LGA,"New York, NY",1130,1129,0,0,1100-1159,1431,1416,0,1400-1459,0,,181,167,1096,5,,,,,,
6,1,6,DL,N352NW,1423,15016,STL,"St. Louis, MO",10397,ATL,"Atlanta, GA",1312,1312,0,0,1300-1359,1543,1534,0,1500-1559,0,,91,82,484,2,,,,,,
6,28,5,WN,N473WN,1803,13232,MDW,"Chicago, IL",14635,RSW,"Fort Myers, FL",2105,2104,0,0,2100-2159,0045,0051,6,0001-0559,0,,160,167,1105,5,,,,,,
6,6,4,9E,N309PQ,5272,13487,MSP,"Minneapolis, MN",13244,MEM,"Memphis, TN",1755,1750,0,0,1700-1759,2016,1954,0,2000-2059,0,,141,124,700,3,,,,,,
6,27,4,DL,N866DN,630,12889,LAS,"Las Vegas, NV",12478,JFK,"New York, NY",0600,0557,0,0,0600-0659,1406,1346,0,1400-1459,0,,306,289,2248,9,,,,,,
6,24,1,B6,N991JT,324,12892,LAX,"Los Angeles, CA",12478,JFK,"New York, NY",0931,0947,16,1,0900-0959,1819,1810,0,1800-1859,0,,348,323,2475,10,,,,,,
6,26,3,WN,N278WN,1496,12889,LAS,"Las Vegas, NV",14679,SAN,"San Diego, CA",1720,1720,0,0,1700-1759,1825,1827,2,1800-1859,0,,65,67,258,2,,,,,,
6,3,1,DL,N332NB,1862,11433,DTW,"Detroit, MI",11298,DFW,"Dallas/Fort Worth, TX",2010,2029,19,1,2000-2059,2208,2233,25,2200-2259,0,,178,184,986,4,3,0,6,0,16,
6,21,5,WN,N207WN,256,11278,DCA,"Washington, DC",13198,MCI,"Kansas City, MO",1645,1642,0,0,1600-1659,1825,1846,21,1800-1859,0,,160,184,949,4,0,0,21,0,0,
6,19,3,YV,N503MJ,6015,14122,PIT,"Pittsburgh, PA",12264,IAD,"Washington, DC",1930,1936,6,0,1900-1959,2026,2028,2,2000-2059,0,,56,52,182,1,,,,,,
6,24,1,OO,N259SY,3519,13487,MSP,"Minneapolis, MN",14252,PSC,"Pasco/Kennewick/Richland, WA",1130,1259,89,1,1100-1159,1303,1405,62,1300-1359,0,,213,186,1254,6,62,0,0,0,0,
6,7,5,MQ,N250NN,4059,13930,ORD,"Chicago, IL",12323,ILM,"Wilmington, NC",0925,0922,0,0,0900-0959,1235,1230,0,1200-1259,0,,130,128,760,4,,,,,,
6,12,3,AA,N173AN,808,11298,DFW,"Dallas/Fort Worth, TX",14100,PHL,"Philadelphia, PA",1449,1454,5,0,1400-1459,1916,1902,0,1900-1959,0,,207,188,1303,6,,,,,,
6,30,7,WN,N268WN,5746,11697,FLL,"Fort Lauderdale, FL",13232,MDW,"Chicago, IL",0640,0633,0,0,0600-0659,0845,0830,0,0800-0859,0,,185,177,1167,5,,,,,,
6,18,2,AA,N908AA,2645,12953,LGA,"New York, NY",13204,MCO,"Orlando, FL",0805,0804,0,0,0800-0859,1103,1048,0,1100-1159,0,,178,164,950,4,,,,,,
6,8,6,DL,N899DN,2093,12478,JFK,"New York, NY",12889,LAS,"Las Vegas, NV",1010,1015,5,0,1000-1059,1248,1228,0,1200-1259,0,,338,313,2248,9,,,,,,
6,28,5,MQ,N856AE,3758,11049,CLL,"College Station/Bryan, TX",11298,DFW,"Dallas/Fort Worth, TX",1435,1434,0,0,1400-1459,1543,1537,0,1500-1559,0,,68,63,164,1,,,,,,
6,30,7,DL,N825NW,1258,12892,LAX,"Los Angeles, CA",12478,JFK,"New York, NY",0755,0818,23,1,0700-0759,1629,1719,50,1600-1659,0,,334,361,2475,10,23,0,27,0,0,
6,15,6,AA,N925UY,1079,11298,DFW,"Dallas/Fort Worth, TX",14747,SEA,"Seattle, WA",0844,0858,14,0,0800-0859,1105,1102,0,1100-1159,0,,261,244,1660,7,,,,,,
6,30,7,DL,N908DE,2463,12278,ICT,"Wichita, KS",10397,ATL,"Atlanta, GA",1113,1109,0,0,1100-1159,1417,1410,0,1400-1459,0,,124,121,782,4,,,,,,
6,3,1,OO,N868CA,3726,13029,LNK,"Lincoln, NE",13487,MSP,"Minneapolis, MN",1049,1048,0,0,1000-1059,1215,1201,0,1200-1259,0,,86,73,331,2,,,,,,
6,21,5,AA,N119NN,246,12758,KOA,"Kona, HI",12892,LAX,"Los Angeles, CA",2205,2233,28,1,2200-2259,0630,0636,6,0600-0659,0,,325,303,2504,11,,,,,,
6,24,1,OO,N935SW,3842,10397,ATL,"Atlanta, GA",10431,AVL,"Asheville, NC",1206,1233,27,1,1200-1259,1309,1334,25,1300-1359,0,,63,61,164,1,25,0,0,0,0,
6,27,4,DL,N902DE,1367,11986,GRR,"Grand Rapids, MI",10397,ATL,"Atlanta, GA",1102,1057,0,0,1100-1159,1255,1244,0,1200-1259,0,,113,107,640,3,,,,,,
6,24,1,YX,N419YX,4593,11278,DCA,"Washington, DC",13487,MSP,"Minneapolis, MN",1415,1412,0,0,1400-1459,1601,1552,0,1600-1659,0,,166,160,931,4,,,,,,
6,26,3,DL,N3769L,1204,10140,ABQ,"Albuquerque, NM",14869,SLC,"Salt Lake City, UT",0600,0559,0,0,0600-0659,0738,0727,0,0700-0759,0,,98,88,493,2,,,,,,
6,12,3,MQ,N528EG,3475,13930,ORD,"Chicago, IL",15016,STL,"St. Louis, MO",1005,1000,0,0,1000-1059,1121,1138,17,1100-1159,0,,76,98,258,2,0,0,17,0,0,
6,17,1,WN,N7752B,222,11259,DAL,"Dallas, TX",12953,LGA,"New York, NY",0850,1032,102,1,0800-0859,1320,1459,99,1300-1359,0,,210,207,1381,6,91,0,0,0,8,
6,4,2,WN,N708SW,451,13198,MCI,"Kansas City, MO",12339,IND,"Indianapolis, IN",2040,2032,0,0,2000-2059,2300,2239,0,2300-2359,0,,80,67,451,2,,,,,,
6,21,5,9E,N166PQ,3475,15412,TYS,"Knoxville, TN",12953,LGA,"New York, NY",1205,1314,69,1,1200-1259,1416,1529,73,1400-1459,0,,131,135,648,3,0,0,11,0,62,
6,9,7,WN,N8570W,5483,10994,CHS,"Charleston, SC",10693,BNA,"Nashville, TN",1730,1732,2,0,1700-1759,1755,1759,4,1700-1759,0,,85,87,439,2,,,,,,
6,3,1,DL,N3740C,2414,12889,LAS,"Las Vegas, NV",14747,SEA,"Seattle, WA",1125,1123,0,0,1100-1159,1403,1352,0,1400-1459,0,,158,149,867,4,,,,,,
6,13,4,WN,N8619F,1505,12892,LAX,"Los Angeles, CA",10693,BNA,"Nashville, TN",0955,1017,22,1,0900-0959,1600,1615,15,1600-1659,0,,245,238,1797,8,14,0,0,0,1,
6,2,7,DL,N912DE,2506,10397,ATL,"Atlanta, GA",11481,ECP,"Panama City, FL",1349,1344,0,0,1300-1359,1352,1343,0,1300-1359,0,,63,59,240,1,,,,,,
6,21,5,UA,N69839,992,13930,ORD,"Chicago, IL",10721,BOS,"Boston, MA",0750,0745,0,0,0700-0759,1112,1111,0,1100-1159,0,,142,146,867,4,,,,,,
6,29,6,OO,N728SK,3270,14698,SBP,"San Luis Obispo, CA",14107,PHX,"Phoenix, AZ",0615,0613,0,0,0600-0659,0758,0754,0,0700-0759,0,,103,101,509,3,,,,,,
6,16,7,G4,276NV,1951,11612,EVV,"Evansville, IN",14761,SFB,"Sanford, FL",1542,1538,0,0,1500-1559,1838,1902,24,1800-1859,0,,116,144,734,3,24,0,0,0,0,
6,26,3,OO,N936EV,7379,10918,CDC,"Cedar City, UT",14869,SLC,"Salt Lake City, UT",1140,1128,0,0,1100-1159,1245,1233,0,1200-1259,0,,65,65,221,1,,,,,,
6,18,2,YV,N87353,6092,12266,IAH,"Houston, TX",11140,CRP,"Corpus Christi, TX",1620,1620,0,0,1600-1659,1719,1726,7,1700-1759,0,,59,66,201,1,,,,,,
6,19,3,WN,N947WN,222,11259,DAL,"Dallas, TX",12953,LGA,"New York, NY",0850,0939,49,1,0800-0859,1320,1345,25,1300-1359,0,,210,186,1381,6,12,0,0,0,13,
6,1,6,AA,N9615W,1538,15624,VPS,"Valparaiso, FL",11298,DFW,"Dallas/Fort Worth, TX",0720,0716,0,0,0700-0759,0935,0928,0,0900-0959,0,,135,132,641,3,,,,,,
6,17,1,AA,N9620D,1257,11298,DFW,"Dallas/Fort Worth, TX",11066,CMH,"Columbus, OH",0700,0700,0,0,0700-0759,1025,1026,1,1000-1059,0,,145,146,926,4,,,,,,
6,24,1,OO,N8923A,4853,11146,CRW,"Charleston/Dunbar, WV",10397,ATL,"Atlanta, GA",1650,0857,967,1,1600-1659,1819,1015,956,1800-1859,0,,89,78,363,2,940,0,0,0,16,
6,25,2,AA,N992AU,2399,11540,ELP,"El Paso, TX",11298,DFW,"Dallas/Fort Worth, TX",1430,1445,15,1,1400-1459,1720,1743,23,1700-1759,0,,110,118,551,3,0,0,8,0,15,
6,9,7,DL,N317NB,1588,12953,LGA,"New York, NY",14635,RSW,"Fort Myers, FL",0806,0801,0,0,0800-0859,1118,1047,0,1100-1159,0,,192,166,1080,5,,,,,,
6,19,3,UA,N899UA,2174,14027,PBI,"West Palm Beach/Palm Beach, FL",11618,EWR,"Newark, NJ",0600,0555,0,0,0600-0659,0847,0846,0,0800-0859,0,,167,171,1023,5,,,,,,
6,12,3,AA,N103US,1649,11278,DCA,"Washington, DC",13204,MCO,"Orlando, FL",1759,2148,229,1,1700-1759,2031,0003,212,2000-2059,0,,152,135,759,4,3,0,0,0,209,
6,28,5,WN,N7724A,888,10257,ALB,"Albany, NY",10821,BWI,"Baltimore, MD",1355,1354,0,0,1300-1359,1515,1501,0,1500-1559,0,,80,67,289,2,,,,,,
6,24,1,WN,N414WN,570,13204,MCO,"Orlando, FL",12191,HOU,"Houston, TX",0835,,,,0800-0859,1000,,,1000-1059,1,B,145,,849,4,,,,,,
6,5,3,WN,N926WN,1491,14057,PDX,"Portland, OR",14831,SJC,"San Jose, CA",0945,0940,0,0,0900-0959,1130,1122,0,1100-1159,0,,105,102,569,3,,,,,,
6,29,6,DL,N312DN,1139,11278,DCA,"Washington, DC",10397,ATL,"Atlanta, GA",0805,0805,0,0,0800-0859,0956,0951,0,0900-0959,0,,111,106,547,3,,,,,,
6,14,5,YV,N931LR,5920,11298,DFW,"Dallas/Fort Worth, TX",13277,MGM,"Montgomery, AL",1020,1015,0,0,1000-1059,1211,1151,0,1200-1259,0,,111,96,622,3,,,,,,
6,19,3,WN,N236WN,1674,11292,DEN,"Denver, CO",12889,LAS,"Las Vegas, NV",1955,1957,2,0,1900-1959,2050,2041,0,2000-2059,0,,115,104,628,3,,,,,,
6,25,2,UA,N68805,365,14771,SFO,"San Francisco, CA",14100,PHL,"Philadelphia, PA",0905,0900,0,0,0900-0959,1733,1709,0,1700-1759,0,,328,309,2521,11,,,,,,
6,16,7,NK,N663NK,363,10397,ATL,"Atlanta, GA",12266,IAH,"Houston, TX",0640,0713,33,1,0600-0659,0743,0819,36,0700-0759,0,,123,126,689,3,33,0,3,0,0,
6,8,6,YV,N88301,6212,11057,CLT,"Charlotte, NC",12266,IAH,"Houston, TX",1145,1141,0,0,1100-1159,1328,1311,0,1300-1359,0,,163,150,912,4,,,,,,
6,27,4,OH,N582NN,5030,12451,JAX,"Jacksonville, FL",11057,CLT,"Charlotte, NC",1505,1524,19,1,1500-1559,1640,1654,14,1600-1659,0,,95,90,328,2,,,,,,
6,6,4,UA,N13716,1527,13303,MIA,"Miami, FL",11618,EWR,"Newark, NJ",0730,0714,0,0,0700-0759,1029,1010,0,1000-1059,0,,179,176,1085,5,,,,,,
6,18,2,WN,N220WN,2225,10140,ABQ,"Albuquerque, NM",11259,DAL,"Dallas, TX",1030,1033,3,0,1000-1059,1315,1304,0,1300-1359,0,,105,91,580,3,,,,,,
6,9,7,HA,N475HA,374,12982,LIH,"Lihue, HI",12173,HNL,"Honolulu, HI",1740,1730,0,0,1700-1759,1816,1802,0,1800-1859,0,,36,32,102,1,,,,,,
6,23,7,DL,N309DN,551,10721,BOS,"Boston, MA",10397,ATL,"Atlanta, GA",1959,2012,13,0,1900-1959,2248,2300,12,2200-2259,0,,169,168,946,4,,,,,,
6,6,4,YX,N431YX,4571,13303,MIA,"Miami, FL",10994,CHS,"Charleston, SC",1716,1710,0,0,1700-1759,1904,1849,0,1900-1959,0,,108,99,489,2,,,,,,
6,17,1,OO,N902EV,3115,13930,ORD,"Chicago, IL",12278,ICT,"Wichita, KS",1001,0957,0,0,1000-1059,1205,1223,18,1200-1259,0,,124,146,588,3,0,0,18,0,0,
6,21,5,WN,N964WN,2113,12892,LAX,"Los Angeles, CA",15016,STL,"St. Louis, MO",0755,0816,21,1,0700-0759,1330,1340,10,1300-1359,0,,215,204,1592,7,,,,,,
6,9,7,DL,N938AT,1207,12478,JFK,"New York, NY",13487,MSP,"Minneapolis, MN",1915,1949,34,1,1900-1959,2150,2149,0,2100-2159,0,,215,180,1029,5,,,,,,
6,16,7,DL,N346NB,671,13342,MKE,"Milwaukee, WI",11433,DTW,"Detroit, MI",1940,1935,0,0,1900-1959,2144,2132,0,2100-2159,0,,64,57,237,1,,,,,,
6,11,2,OO,N173SY,3397,15023,STS,"Santa Rosa, CA",12892,LAX,"Los Angeles, CA",0600,0551,0,0,0600-0659,0740,0727,0,0700-0759,0,,100,96,400,2,,,,,,
6,20,4,G4,337NV,163,12889,LAS,"Las Vegas, NV",14512,RFD,"Rockford, IL",0645,0830,105,1,0600-0659,1200,1337,97,1200-1259,0,,195,187,1455,6,97,0,0,0,0,
6,2,7,WN,N8687A,4245,12191,HOU,"Houston, TX",12889,LAS,"Las Vegas, NV",1340,1342,2,0,1300-1359,1455,1442,0,1400-1459,0,,195,180,1235,5,,,,,,
6,28,5,WN,N250WN,2142,14107,PHX,"Phoenix, AZ",14893,SMF,"Sacramento, CA",2230,2304,34,1,2200-2259,0020,0049,29,0001-0559,0,,110,105,647,3,29,0,0,0,0,
6,12,3,AA,N951UW,2134,10721,BOS,"Boston, MA",11278,DCA,"Washington, DC",2100,2052,0,0,2100-2159,2242,2229,0,2200-2259,0,,102,97,399,2,,,,,,
6,22,6,AS,N286VA,1045,10423,AUS,"Austin, TX",14747,SEA,"Seattle, WA",1940,1928,0,0,1900-1959,2200,2150,0,2200-2259,0,,260,262,1770,8,,,,,,
6,30,7,9E,N934XJ,3437,12478,JFK,"New York, NY",14321,PWM,"Portland, ME",2230,2227,0,0,2200-2259,0009,0010,1,0001-0559,0,,99,103,273,2,,,,,,
6,8,6,9E,N931XJ,3499,15370,TUL,"Tulsa, OK",10397,ATL,"Atlanta, GA",1610,2016,246,1,1600-1659,1912,2323,251,1900-1959,0,,122,127,674,3,0,0,5,0,246,
6,2,7,YV,N919FJ,5718,13244,MEM,"Memphis, TN",11298,DFW,"Dallas/Fort Worth, TX",0913,0909,0,0,0900-0959,1052,1047,0,1000-1059,0,,99,98,431,2,,,,,,
6,2,7,UA,N452UA,1717,14027,PBI,"West Palm Beach/Palm Beach, FL",11618,EWR,"Newark, NJ",1230,1402,92,1,1200-1259,1529,2023,,1500-1559,0,,179,,1023,5,,,,,,
6,16,7,YX,N131HQ,4343,10431,AVL,"Asheville, NC",12953,LGA,"New York, NY",1623,1638,15,1,1600-1659,1829,1820,0,1800-1859,0,,126,102,599,3,,,,,,
6,10,1,9E,N908XJ,5377,10397,ATL,"Atlanta, GA",13367,MLI,"Moline, IL",0951,1117,86,1,0900-0959,1049,1208,79,1000-1059,0,,118,111,633,3,0,0,0,0,79,
6,4,2,WN,N560WN,2073,12889,LAS,"Las Vegas, NV",14831,SJC,"San Jose, CA",1845,1923,38,1,1800-1859,2005,2039,34,2000-2059,0,,80,76,386,2,22,0,0,0,12,
6,12,3,AA,N805AW,2002,10529,BDL,"Hartford, CT",11057,CLT,"Charlotte, NC",1440,1431,0,0,1400-1459,1656,1647,0,1600-1659,0,,136,136,644,3,,,,,,
6,11,2,AS,N362VA,1066,14747,SEA,"Seattle, WA",10140,ABQ,"Albuquerque, NM",1140,1136,0,0,1100-1159,1545,1527,0,1500-1559,0,,185,171,1180,5,,,,,,
6,27,4,YX,N125HQ,4562,14321,PWM,"Portland, ME",14100,PHL,"Philadelphia, PA",1824,1817,0,0,1800-1859,2008,1952,0,2000-2059,0,,104,95,364,2,,,,,,
6,9,7,9E,N331PQ,5064,10408,ATW,"Appleton, WI",11433,DTW,"Detroit, MI",0650,1058,248,1,0600-0659,0911,1334,263,0900-0959,0,,81,96,296,2,0,34,15,0,214,
6,30,7,WN,N7827A,4797,12278,ICT,"Wichita, KS",15016,STL,"St. Louis, MO",0710,0703,0,0,0700-0759,0825,0813,0,0800-0859,0,,75,70,392,2,,,,,,
6,29,6,B6,N231JB,1106,13930,ORD,"Chicago, IL",12478,JFK,"New York, NY",1913,2133,140,1,1900-1959,2240,0110,150,2200-2259,0,,147,157,740,3,0,0,150,0,0,
6,14,5,UA,N66841,1092,12758,KOA,"Kona, HI",14771,SFO,"San Francisco, CA",2133,2145,12,0,2100-2159,0527,0532,5,0001-0559,0,,294,287,2367,10,,,,,,
6,15,6,DL,N3752,603,10397,ATL,"Atlanta, GA",14193,PNS,"Pensacola, FL",2114,2113,0,0,2100-2159,2125,2112,0,2100-2159,0,,71,59,271,2,,,,,,
6,17,1,YV,N519LR,6051,12264,IAD,"Washington, DC",14321,PWM,"Portland, ME",1735,1727,0,0,1700-1759,1909,1951,42,1900-1959,0,,94,144,493,2,0,0,42,0,0,
6,16,7,OO,N191SY,3448,14570,RNO,"Reno, NV",14831,SJC,"San Jose, CA",1830,1825,0,0,1800-1859,1930,1926,0,1900-1959,0,,60,61,188,1,,,,,,
6,27,4,AA,N821AW,747,14107,PHX,"Phoenix, AZ",13198,MCI,"Kansas City, MO",1247,1241,0,0,1200-1259,1726,1721,0,1700-1759,0,,159,160,1044,5,,,,,,
6,11,2,AA,N949NN,2805,10529,BDL,"Hartford, CT",13930,ORD,"Chicago, IL",0722,,,,0700-0759,0905,,,0900-0959,1,A,163,,783,4,,,,,,
6,1,6,DL,N540US,1735,12892,LAX,"Los Angeles, CA",12982,LIH,"Lihue, HI",1755,1750,0,0,1700-1759,2048,2029,0,2000-2059,0,,353,339,2615,11,,,,,,
6,13,4,EV,N16976,4309,13422,MOB,"Mobile, AL",12266,IAH,"Houston, TX",0700,0653,0,0,0700-0759,0834,0818,0,0800-0859,0,,94,85,427,2,,,,,,
6,14,5,9E,N8847A,5397,12478,JFK,"New York, NY",10821,BWI,"Baltimore, MD",2200,2156,0,0,2200-2259,2341,2327,0,2300-2359,0,,101,91,184,1,,,,,,
6,19,3,UA,N37253,221,13204,MCO,"Orlando, FL",12264,IAD,"Washington, DC",0930,0923,0,0,0900-0959,1134,1125,0,1100-1159,0,,124,122,758,4,,,,,,
6,1,6,F9,N233FR,1183,14307,PVD,"Providence, RI",13204,MCO,"Orlando, FL",1354,1340,0,0,1300-1359,1652,1703,11,1600-1659,0,,178,203,1072,5,,,,,,
6,22,6,WN,N8642E,4030,11259,DAL,"Dallas, TX",11278,DCA,"Washington, DC",0635,0631,0,0,0600-0659,1030,1013,0,1000-1059,0,,175,162,1184,5,,,,,,
6,5,3,WN,N8664J,482,13796,OAK,"Oakland, CA",15016,STL,"St. Louis, MO",0920,0921,1,0,0900-0959,1510,1503,0,1500-1559,0,,230,222,1725,7,,,,,,
6,26,3,OO,N464SW,5141,13930,ORD,"Chicago, IL",11076,CMX,"Hancock/Houghton, MI",1010,1011,1,0,1000-1059,1242,1244,2,1200-1259,0,,92,93,360,2,,,,,,
6,17,1,WN,N427WN,471,11193,CVG,"Cincinnati, OH",13232,MDW,"Chicago, IL",2015,2050,35,1,2000-2059,2020,2047,27,2000-2059,0,,65,57,249,1,0,10,0,0,17,
6,18,2,9E,N299PQ,5497,11973,GPT,"Gulfport/Biloxi, MS",10397,ATL,"Atlanta, GA",1758,1748,0,0,1700-1759,2030,2020,0,2000-2059,0,,92,92,352,2,,,,,,
6,6,4,WN,N447WN,1191,14831,SJC,"San Jose, CA",10800,BUR,"Burbank, CA",0850,0857,7,0,0800-0859,1000,1001,1,1000-1059,0,,70,64,296,2,,,,,,
6,6,4,WN,N8520Q,1762,15016,STL,"St. Louis, MO",13487,MSP,"Minneapolis, MN",1630,1627,0,0,1600-1659,1805,1751,0,1800-1859,0,,95,84,448,2,,,,,,
6,2,7,OO,N121SY,5983,13930,ORD,"Chicago, IL",15096,SYR,"Syracuse, NY",1400,1356,0,0,1400-1459,1654,1638,0,1600-1659,0,,114,102,607,3,,,,,,
6,5,3,WN,N8609A,1501,10821,BWI,"Baltimore, MD",14635,RSW,"Fort Myers, FL",1115,1114,0,0,1100-1159,1355,1326,0,1300-1359,0,,160,132,919,4,,,,,,
6,4,2,G4,319NV,2266,13871,OMA,"Omaha, NE",14761,SFB,"Sanford, FL",1900,1905,5,0,1900-1959,2253,2238,0,2200-2259,0,,173,153,1195,5,,,,,,
6,9,7,WN,N431WN,1905,12889,LAS,"Las Vegas, NV",14107,PHX,"Phoenix, AZ",1255,1814,319,1,1200-1259,1410,1920,310,1400-1459,0,,75,66,255,2,310,0,0,0,0,
6,24,1,WN,N8571Z,2429,14107,PHX,"Phoenix, AZ",10792,BUF,"Buffalo, NY",1535,1539,4,0,1500-1559,2240,2230,0,2200-2259,0,,245,231,1912,8,,,,,,
6,13,4,OO,N287SY,4060,14524,RIC,"Richmond, VA",12953,LGA,"New York, NY",1023,1101,38,1,1000-1059,1152,1205,13,1100-1159,0,,89,64,292,2,,,,,,
6,25,2,WN,N7831B,1310,10599,BHM,"Birmingham, AL",11259,DAL,"Dallas, TX",0630,0629,0,0,0600-0659,0820,0809,0,0800-0859,0,,110,100,587,3,,,,,,
6,13,4,AA,N399AN,1623,13303,MIA,"Miami, FL",14100,PHL,"Philadelphia, PA",0656,0652,0,0,0600-0659,0948,0929,0,0900-0959,0,,172,157,1013,5,,,,,,
6,23,7,9E,N341PQ,3297,12339,IND,"Indianapolis, IN",11433,DTW,"Detroit, MI",1542,1539,0,0,1500-1559,1659,1647,0,1600-1659,0,,77,68,231,1,,,,,,
6,25,2,UA,N819UA,438,12266,IAH,"Houston, TX",14747,SEA,"Seattle, WA",0935,0954,19,1,0900-0959,1218,1231,13,1200-1259,0,,283,277,1874,8,,,,,,
6,23,7,WN,N8319F,338,12173,HNL,"Honolulu, HI",13830,OGG,"Kahului, HI",1400,1407,7,0,1400-1459,1450,1500,10,1400-1459,0,,50,53,100,1,,,,,,
6,6,4,OH,N582NN,5161,11057,CLT,"Charlotte, NC",13931,ORF,"Norfolk, VA",1610,1644,34,1,1600-1659,1722,1751,29,1700-1759,0,,72,67,290,2,0,0,0,0,29,
6,18,2,F9,N910FR,281,15016,STL,"St. Louis, MO",11292,DEN,"Denver, CO",0500,0452,0,0,0001-0559,0630,0621,0,0600-0659,0,,150,149,770,4,,,,,,
6,23,7,UA,N77539,1108,12264,IAD,"Washington, DC",11292,DEN,"Denver, CO",0630,0626,0,0,0600-0659,0809,0818,9,0800-0859,0,,219,232,1452,6,,,,,,
6,27,4,DL,N3766,2719,10721,BOS,"Boston, MA",15304,TPA,"Tampa, FL",1548,1547,0,0,1500-1559,1914,1905,0,1900-1959,0,,206,198,1185,5,,,,,,
6,1,6,WN,N7746C,3569,15016,STL,"St. Louis, MO",11259,DAL,"Dallas, TX",1300,1255,0,0,1300-1359,1440,1431,0,1400-1459,0,,100,96,546,3,,,,,,
6,22,6,OO,N213SY,5906,10693,BNA,"Nashville, TN",13930,ORD,"Chicago, IL",0700,0732,32,1,0700-0759,0858,0933,35,0800-0859,0,,118,121,409,2,0,32,3,0,0,
6,22,6,AS,N558AS,806,13830,OGG,"Kahului, HI",14679,SAN,"San Diego, CA",1340,1337,0,0,1300-1359,2205,2149,0,2200-2259,0,,325,312,2541,11,,,,,,
6,12,3,B6,N708JB,428,11697,FLL,"Fort Lauderdale, FL",11618,EWR,"Newark, NJ",2223,2306,43,1,2200-2259,0117,0151,34,0001-0559,0,,174,165,1065,5,34,0,0,0,0,
6,12,3,OO,N740EV,3099,13930,ORD,"Chicago, IL",14869,SLC,"Salt Lake City, UT",2014,2020,6,0,2000-2059,2247,2244,0,2200-2259,0,,213,204,1250,6,,,,,,
6,3,1,OO,N699BR,3122,10990,CHO,"Charlottesville, VA",13930,ORD,"Chicago, IL",1838,1828,0,0,1800-1859,1945,1943,0,1900-1959,0,,127,135,566,3,,,,,,
6,30,7,F9,N336FR,2007,10423,AUS,"Austin, TX",12889,LAS,"Las Vegas, NV",1719,1854,95,1,1700-1759,1814,1935,81,1800-1859,0,,175,161,1090,5,30,0,51,0,0,
6,10,1,UA,N897UA,2073,12266,IAH,"Houston, TX",11193,CVG,"Cincinnati, OH",1950,1952,2,0,1900-1959,2315,2309,0,2300-2359,0,,145,137,871,4,,,,,,
6,28,5,OO,N455CA,3690,11337,DLH,"Duluth, MN",13487,MSP,"Minneapolis, MN",1753,1800,7,0,1700-1759,1900,1848,0,1900-1959,0,,67,48,144,1,,,,,,
6,28,5,NK,N612NK,1409,14057,PDX,"Portland, OR",12889,LAS,"Las Vegas, NV",1126,1343,137,1,1100-1159,1338,1603,145,1300-1359,0,,132,140,763,4,137,0,8,0,0,
6,21,5,WN,N429WN,2540,13342,MKE,"Milwaukee, WI",15016,STL,"St. Louis, MO",1930,1938,8,0,1900-1959,2045,2055,10,2000-2059,0,,75,77,317,2,,,,,,
6,19,3,DL,N965DL,1487,14193,PNS,"Pensacola, FL",10397,ATL,"Atlanta, GA",1326,1326,0,0,1300-1359,1545,1543,0,1500-1559,0,,79,77,271,2,,,,,,
6,19,3,WN,N7748A,2396,11259,DAL,"Dallas, TX",14683,SAT,"San Antonio, TX",1140,1152,12,0,1100-1159,1250,1248,0,1200-1259,0,,70,56,247,1,,,,,,
6,25,2,G4,319NV,2231,12223,HTS,"Ashland, WV",14761,SFB,"Sanford, FL",2117,2223,66,1,2100-2159,2302,0005,63,2300-2359,0,,105,102,665,3,0,0,0,0,63,
6,5,3,WN,N743SW,1137,13204,MCO,"Orlando, FL",14679,SAN,"San Diego, CA",0630,0629,0,0,0600-0659,0840,0842,2,0800-0859,0,,310,313,2149,9,,,,,,
6,22,6,UA,N454UA,1615,14771,SFO,"San Francisco, CA",12266,IAH,"Houston, TX",1236,1236,0,0,1200-1259,1843,1814,0,1800-1859,0,,247,218,1635,7,,,,,,
6,11,2,MQ,N252NN,3824,15919,XNA,"Fayetteville, AR",11278,DCA,"Washington, DC",0717,0714,0,0,0700-0759,1044,1031,0,1000-1059,0,,147,137,963,4,,,,,,
6,3,1,NK,N906NK,561,11292,DEN,"Denver, CO",12889,LAS,"Las Vegas, NV",1140,1200,20,1,1100-1159,1236,1247,11,1200-1259,0,,116,107,628,3,,,,,,
6,27,4,AA,N933AN,2649,12889,LAS,"Las Vegas, NV",11298,DFW,"Dallas/Fort Worth, TX",1056,1058,2,0,1000-1059,1544,1542,0,1500-1559,0,,168,164,1055,5,,,,,,
6,27,4,NK,N619NK,259,10158,ACY,"Atlantic City, NJ",11697,FLL,"Fort Lauderdale, FL",0700,0714,14,0,0700-0759,0941,0947,6,0900-0959,0,,161,153,977,4,,,,,,
6,5,3,NK,N529NK,949,12892,LAX,"Los Angeles, CA",13796,OAK,"Oakland, CA",0816,0813,0,0,0800-0859,0936,0934,0,0900-0959,0,,80,81,337,2,,,,,,
6,27,4,MQ,N684JW,3732,10693,BNA,"Nashville, TN",13930,ORD,"Chicago, IL",1551,1600,9,0,1500-1559,1744,1742,0,1700-1759,0,,113,102,409,2,,,,,,
6,13,4,UA,N488UA,1546,14107,PHX,"Phoenix, AZ",14771,SFO,"San Francisco, CA",1241,1247,6,0,1200-1259,1446,1445,0,1400-1459,0,,125,118,651,3,,,,,,
6,16,7,DL,N908DL,2420,10397,ATL,"Atlanta, GA",12451,JAX,"Jacksonville, FL",0833,0832,0,0,0800-0859,0942,0934,0,0900-0959,0,,69,62,270,2,,,,,,
6,17,1,OH,N257PS,5221,10874,CAK,"Akron, OH",14100,PHL,"Philadelphia, PA",1603,1622,19,1,1600-1659,1730,1733,3,1700-1759,0,,87,71,335,2,,,,,,
6,8,6,AS,N630VA,1916,14771,SFO,"San Francisco, CA",12889,LAS,"Las Vegas, NV",2055,2048,0,0,2000-2059,2235,2216,0,2200-2259,0,,100,88,414,2,,,,,,
6,18,2,DL,N102DU,3002,14869,SLC,"Salt Lake City, UT",14831,SJC,"San Jose, CA",0825,0827,2,0,0800-0859,0918,0921,3,0900-0959,0,,113,114,584,3,,,,,,
6,28,5,UA,N462UA,391,10423,AUS,"Austin, TX",14771,SFO,"San Francisco, CA",1132,1128,0,0,1100-1159,1308,1303,0,1300-1359,0,,216,215,1504,7,,,,,,
6,1,6,AA,N119US,709,11057,CLT,"Charlotte, NC",10397,ATL,"Atlanta, GA",2236,2234,0,0,2200-2259,2350,2327,0,2300-2359,0,,74,53,226,1,,,,,,
6,20,4,UA,N69816,1585,11066,CMH,"Columbus, OH",14771,SFO,"San Francisco, CA",0730,1003,153,1,0700-0759,0930,1206,156,0900-0959,0,,300,303,2120,9,12,0,3,0,141,
6,17,1,WN,N416WN,441,13851,OKC,"Oklahoma City, OK",15016,STL,"St. Louis, MO",1655,1729,34,1,1600-1659,1825,1848,23,1800-1859,0,,90,79,462,2,22,0,0,0,1,
6,1,6,UA,N797UA,340,12264,IAD,"Washington, DC",14771,SFO,"San Francisco, CA",1740,1737,0,0,1700-1759,2029,2053,24,2000-2059,0,,349,376,2419,10,0,0,24,0,0,
6,3,1,WN,N7840A,1689,13342,MKE,"Milwaukee, WI",10721,BOS,"Boston, MA",0730,0727,0,0,0700-0759,1050,1032,0,1000-1059,0,,140,125,860,4,,,,,,
6,16,7,WN,N746SW,3599,14869,SLC,"Salt Lake City, UT",11292,DEN,"Denver, CO",1225,1302,37,1,1200-1259,1345,1447,62,1300-1359,0,,80,105,391,2,8,0,25,0,29,
6,4,2,AA,N935AN,1851,14771,SFO,"San Francisco, CA",12892,LAX,"Los Angeles, CA",1430,1452,22,1,1400-1459,1606,1628,22,1600-1659,0,,96,96,337,2,0,0,0,0,22,
6,30,7,UA,N76529,664,13930,ORD,"Chicago, IL",14100,PHL,"Philadelphia, PA",1223,1234,11,0,1200-1259,1529,1520,0,1500-1559,0,,126,106,678,3,,,,,,
6,16,7,YX,N657RW,3438,14730,SDF,"Louisville, KY",12266,IAH,"Houston, TX",0700,0907,127,1,0700-0759,0817,1045,148,0800-0859,0,,137,158,788,4,127,0,21,0,0,
6,19,3,MQ,N661JA,3525,13930,ORD,"Chicago, IL",10685,BMI,"Bloomington/Normal, IL",0846,0843,0,0,0800-0859,0941,0923,0,0900-0959,0,,55,40,116,1,,,,,,
6,24,1,G4,224NV,2402,11986,GRR,"Grand Rapids, MI",12889,LAS,"Las Vegas, NV",1243,1307,24,1,1200-1259,1338,1350,12,1300-1359,0,,235,223,1642,7,,,,,,
6,13,4,AA,N113AN,2542,10721,BOS,"Boston, MA",12892,LAX,"Los Angeles, CA",1720,1758,38,1,1700-1759,2043,2051,8,2000-2059,0,,383,353,2611,11,,,,,,
6,3,1,OO,N921EV,3742,14108,PIA,"Peoria, IL",10397,ATL,"Atlanta, GA",1122,1134,12,0,1100-1159,1414,1411,0,1400-1459,0,,112,97,565,3,,,,,,
6,17,1,WN,N445WN,1694,15016,STL,"St. Louis, MO",10397,ATL,"Atlanta, GA",0520,0520,0,0,0001-0559,0755,0744,0,0700-0759,0,,95,84,484,2,,,,,,
6,8,6,9E,N304PQ,5408,13577,MYR,"Myrtle Beach, SC",10721,BOS,"Boston, MA",1310,1410,60,1,1300-1359,1520,1620,60,1500-1559,0,,130,130,738,3,1,0,0,0,59,
6,30,7,WN,N8697C,3410,15304,TPA,"Tampa, FL",15016,STL,"St. Louis, MO",1755,1825,30,1,1700-1759,1915,1938,23,1900-1959,0,,140,133,869,4,5,0,0,0,18,
6,15,6,UA,N478UA,2410,12892,LAX,"Los Angeles, CA",13204,MCO,"Orlando, FL",2250,2250,0,0,2200-2259,0639,0632,0,0600-0659,0,,289,282,2218,9,,,,,,
6,28,5,OO,N863AS,5035,13930,ORD,"Chicago, IL",11823,FWA,"Fort Wayne, IN",1145,1156,11,0,1100-1159,1355,1406,11,1300-1359,0,,70,70,157,1,,,,,,
6,27,4,B6,N645JB,567,10397,ATL,"Atlanta, GA",11697,FLL,"Fort Lauderdale, FL",1422,1422,0,0,1400-1459,1626,1606,0,1600-1659,0,,124,104,581,3,,,,,,
6,20,4,AA,N980TW,1018,12339,IND,"Indianapolis, IN",11298,DFW,"Dallas/Fort Worth, TX",1642,1641,0,0,1600-1659,1800,1759,0,1800-1859,0,,138,138,761,4,,,,,,
6,29,6,YV,N944LR,5882,13256,MFE,"Mission/McAllen/Edinburg, TX",11298,DFW,"Dallas/Fort Worth, TX",1117,1115,0,0,1100-1159,1252,1250,0,1200-1259,0,,95,95,469,2,,,,,,
6,21,5,DL,N815DN,701,10397,ATL,"Atlanta, GA",14893,SMF,"Sacramento, CA",1559,1557,0,0,1500-1559,1801,1751,0,1800-1859,0,,302,294,2092,9,,,,,,
6,18,2,DL,N361NW,2269,11298,DFW,"Dallas/Fort Worth, TX",10397,ATL,"Atlanta, GA",1305,1322,17,1,1300-1359,1619,1631,12,1600-1659,0,,134,129,731,3,,,,,,
6,26,3,OO,N186SY,3468,14869,SLC,"Salt Lake City, UT",14679,SAN,"San Diego, CA",1530,1520,0,0,1500-1559,1625,1612,0,1600-1659,0,,115,112,626,3,,,,,,
6,7,5,DL,N997AT,2251,10397,ATL,"Atlanta, GA",11057,CLT,"Charlotte, NC",1002,1000,0,0,1000-1059,1118,1113,0,1100-1159,0,,76,73,226,1,,,,,,
6,16,7,OO,N937EV,5496,14262,PSP,"Palm Springs, CA",14771,SFO,"San Francisco, CA",0610,0608,0,0,0600-0659,0753,0742,0,0700-0759,0,,103,94,421,2,,,,,,
6,30,7,OO,N496CA,4135,13487,MSP,"Minneapolis, MN",11003,CID,"Cedar Rapids/Iowa City, IA",1250,1748,298,1,1200-1259,1404,1900,296,1400-1459,0,,74,72,220,1,0,105,0,0,191,
6,17,1,YV,N512MJ,6135,10785,BTV,"Burlington, VT",12264,IAD,"Washington, DC",1025,1023,0,0,1000-1059,1150,1202,12,1100-1159,0,,85,99,441,2,,,,,,
6,15,6,AA,N834NN,1444,12478,JFK,"New York, NY",11057,CLT,"Charlotte, NC",0759,0755,0,0,0700-0759,1004,0944,0,1000-1059,0,,125,109,541,3,,,,,,
6,25,2,OH,N237PS,5173,11995,GSO,"Greensboro/High Point, NC",11278,DCA,"Washington, DC",0743,0741,0,0,0700-0759,0859,0905,6,0800-0859,0,,76,84,248,1,,,,,,
6,5,3,DL,N830DN,850,11986,GRR,"Grand Rapids, MI",13487,MSP,"Minneapolis, MN",0705,0657,0,0,0700-0759,0734,0712,0,0700-0759,0,,89,75,408,2,,,,,,
6,19,3,UA,N13227,1644,12266,IAH,"Houston, TX",13204,MCO,"Orlando, FL",1430,1431,1,0,1400-1459,1801,1852,51,1800-1859,0,,151,201,854,4,0,0,51,0,0,
6,4,2,AA,N551UW,1532,14100,PHL,"Philadelphia, PA",11057,CLT,"Charlotte, NC",1919,1911,0,0,1900-1959,2121,2052,0,2100-2159,0,,122,101,449,2,,,,,,
6,12,3,OO,N831SK,3521,12197,HPN,"White Plains, NY",11433,DTW,"Detroit, MI",0555,0553,0,0,0001-0559,0745,0746,1,0700-0759,0,,110,113,505,3,,,,,,
6,9,7,YV,N88310,6332,12266,IAH,"Houston, TX",14570,RNO,"Reno, NV",1940,1936,0,0,1900-1959,2132,2126,0,2100-2159,0,,232,230,1530,7,,,,,,
6,5,3,OH,N512AE,5375,14122,PIT,"Pittsburgh, PA",11278,DCA,"Washington, DC",0951,1003,12,0,0900-0959,1059,1101,2,1000-1059,0,,68,58,204,1,,,,,,
6,11,2,B6,N598JB,796,10397,ATL,"Atlanta, GA",10721,BOS,"Boston, MA",2145,2133,0,0,2100-2159,0022,0003,0,0001-0559,0,,157,150,946,4,,,,,,
6,9,7,DL,N584NW,2227,10397,ATL,"Atlanta, GA",11697,FLL,"Fort Lauderdale, FL",0700,0659,0,0,0700-0759,0847,0841,0,0800-0859,0,,107,102,581,3,,,,,,
6,5,3,OO,N708SK,3268,14814,SHV,"Shreveport, LA",11298,DFW,"Dallas/Fort Worth, TX",1033,1039,6,0,1000-1059,1145,1158,13,1100-1159,0,,72,79,190,1,,,,,,
6,22,6,EV,N13908,4344,13377,MLU,"Monroe, LA",12266,IAH,"Houston, TX",1611,1631,20,1,1600-1659,1722,1744,22,1700-1759,0,,71,73,262,2,20,0,2,0,0,
6,1,6,WN,N757LV,2728,11259,DAL,"Dallas, TX",12992,LIT,"Little Rock, AR",1955,2338,223,1,1900-1959,2100,0057,237,2100-2159,0,,65,79,296,2,0,0,14,0,223,
6,30,7,HA,N209HA,45,14831,SJC,"San Jose, CA",13830,OGG,"Kahului, HI",0715,0752,37,1,0700-0759,0940,1032,52,0900-0959,0,,325,340,2355,10,52,0,0,0,0,
6,2,7,B6,N519JB,1252,14635,RSW,"Fort Myers, FL",12197,HPN,"White Plains, NY",1111,1102,0,0,1100-1159,1403,1357,0,1400-1459,0,,172,175,1102,5,,,,,,
6,2,7,G4,223NV,2367,14761,SFB,"Sanford, FL",11721,FNT,"Flint, MI",1506,1456,0,0,1500-1559,1736,1734,0,1700-1759,0,,150,158,988,4,,,,,,
6,30,7,WN,N901WN,3300,12953,LGA,"New York, NY",10397,ATL,"Atlanta, GA",1020,1018,0,0,1000-1059,1300,1223,0,1300-1359,0,,160,125,762,4,,,,,,
6,11,2,B6,N373JB,2784,14492,RDU,"Raleigh/Durham, NC",10721,BOS,"Boston, MA",0600,0550,0,0,0600-0659,0754,0740,0,0700-0759,0,,114,110,612,3,,,,,,
6,5,3,WN,N915WN,2138,15304,TPA,"Tampa, FL",11066,CMH,"Columbus, OH",0645,0641,0,0,0600-0659,0850,0850,0,0800-0859,0,,125,129,829,4,,,,,,
6,23,7,DL,N915DN,1895,10397,ATL,"Atlanta, GA",14100,PHL,"Philadelphia, PA",1007,1013,6,0,1000-1059,1211,1210,0,1200-1259,0,,124,117,666,3,,,,,,
6,22,6,DL,N914DU,2140,14869,SLC,"Salt Lake City, UT",14747,SEA,"Seattle, WA",1032,1035,3,0,1000-1059,1145,1140,0,1100-1159,0,,133,125,689,3,,,,,,
6,5,3,WN,N217JC,996,11259,DAL,"Dallas, TX",12896,LBB,"Lubbock, TX",1310,1329,19,1,1300-1359,1420,1435,15,1400-1459,0,,70,66,293,2,0,0,0,0,15,
6,25,2,YX,N132HQ,4598,11433,DTW,"Detroit, MI",12953,LGA,"New York, NY",1944,2011,27,1,1900-1959,2129,2206,37,2100-2159,0,,105,115,502,3,0,0,10,0,27,
6,24,1,OO,N707SK,3056,13930,ORD,"Chicago, IL",11986,GRR,"Grand Rapids, MI",1130,1145,15,1,1100-1159,1330,1419,49,1300-1359,0,,60,94,137,1,0,0,34,0,15,
6,9,7,AA,N947UW,1812,13487,MSP,"Minneapolis, MN",14100,PHL,"Philadelphia, PA",0600,0556,0,0,0600-0659,0939,0932,0,0900-0959,0,,159,156,980,4,,,,,,
6,5,3,AS,N253AK,457,12892,LAX,"Los Angeles, CA",14747,SEA,"Seattle, WA",1735,1740,5,0,1700-1759,2030,2023,0,2000-2059,0,,175,163,954,4,,,,,,
6,24,1,AS,N305AS,116,10299,ANC,"Anchorage, AK",14747,SEA,"Seattle, WA",0230,0215,0,0,0001-0559,0700,0649,0,0700-0759,0,,210,214,1448,6,,,,,,
6,24,1,YV,N943LR,5814,14457,RAP,"Rapid City, SD",11298,DFW,"Dallas/Fort Worth, TX",1418,1411,0,0,1400-1459,1734,1722,0,1700-1759,0,,136,131,835,4,,,,,,
6,12,3,YV,N955LR,5981,10140,ABQ,"Albuquerque, NM",11298,DFW,"Dallas/Fort Worth, TX",1826,1821,0,0,1800-1859,2114,2101,0,2100-2159,0,,108,100,569,3,,,,,,
6,27,4,DL,N962DL,2522,10599,BHM,"Birmingham, AL",10397,ATL,"Atlanta, GA",0630,0632,2,0,0600-0659,0841,0829,0,0800-0859,0,,71,57,134,1,,,,,,
6,27,4,UA,N512UA,1848,11618,EWR,"Newark, NJ",14771,SFO,"San Francisco, CA",0700,0700,0,0,0700-0759,1007,1002,0,1000-1059,0,,367,362,2565,11,,,,,,
6,11,2,AA,N831AW,1746,11057,CLT,"Charlotte, NC",12953,LGA,"New York, NY",0601,0557,0,0,0600-0659,0750,0725,0,0700-0759,0,,109,88,544,3,,,,,,
6,5,3,OO,N786SK,5381,12266,IAH,"Houston, TX",12448,JAN,"Jackson/Vicksburg, MS",1005,1010,5,0,1000-1059,1124,1144,20,1100-1159,0,,79,94,351,2,0,0,15,0,5,
6,9,7,DL,N928AT,486,10721,BOS,"Boston, MA",12953,LGA,"New York, NY",1800,1805,5,0,1800-1859,1933,1926,0,1900-1959,0,,93,81,184,1,,,,,,
6,8,6,G4,216NV,648,15008,STC,"St. Cloud, MN",10466,AZA,"Phoenix, AZ",2111,2109,0,0,2100-2159,2218,2223,5,2200-2259,0,,187,194,1259,6,,,,,,
6,9,7,DL,N986DL,2472,10994,CHS,"Charleston, SC",10397,ATL,"Atlanta, GA",1539,1536,0,0,1500-1559,1657,1656,0,1600-1659,0,,78,80,259,2,,,,,,
6,18,2,AS,N537AS,895,14679,SAN,"San Diego, CA",12173,HNL,"Honolulu, HI",0750,0806,16,1,0700-0759,1100,1048,0,1100-1159,0,,370,342,2614,11,,,,,,
6,20,4,DL,N993DL,2207,10397,ATL,"Atlanta, GA",10994,CHS,"Charleston, SC",2241,2237,0,0,2200-2259,2350,0004,14,2300-2359,0,,69,87,259,2,,,,,,
6,23,7,AA,N926AN,2442,12266,IAH,"Houston, TX",11298,DFW,"Dallas/Fort Worth, TX",0500,0456,0,0,0001-0559,0610,0605,0,0600-0659,0,,70,69,224,1,,,,,,
6,8,6,OO,N823SK,3559,11433,DTW,"Detroit, MI",10257,ALB,"Albany, NY",1242,1247,5,0,1200-1259,1416,1416,0,1400-1459,0,,94,89,489,2,,,,,,
6,23,7,MQ,N676AE,3820,11193,CVG,"Cincinnati, OH",13303,MIA,"Miami, FL",1805,1941,96,1,1800-1859,2044,2230,106,2000-2059,0,,159,169,948,4,12,0,10,0,84,
6,12,3,MQ,N849AE,3809,11982,GRK,"Killeen, TX",11298,DFW,"Dallas/Fort Worth, TX",1538,1618,40,1,1500-1559,1637,1721,44,1600-1659,0,,59,63,134,1,5,0,4,0,35,
6,11,2,DL,N336DX,1780,10397,ATL,"Atlanta, GA",14679,SAN,"San Diego, CA",2142,2151,9,0,2100-2159,2310,2342,32,2300-2359,0,,268,291,1892,8,9,0,23,0,0,
6,12,3,UA,N30401,2095,12266,IAH,"Houston, TX",10423,AUS,"Austin, TX",1420,1419,0,0,1400-1459,1513,1512,0,1500-1559,0,,53,53,140,1,,,,,,
6,15,6,OO,N925SW,5336,11292,DEN,"Denver, CO",13158,MAF,"Midland/Odessa, TX",1555,1554,0,0,1500-1559,1845,1855,10,1800-1859,0,,110,121,563,3,,,,,,
6,28,5,OO,N8828D,3796,11433,DTW,"Detroit, MI",10469,AZO,"Kalamazoo, MI",1701,1707,6,0,1700-1759,1755,1752,0,1700-1759,0,,54,45,113,1,,,,,,
6,17,1,DL,N67171,2959,12892,LAX,"Los Angeles, CA",11433,DTW,"Detroit, MI",1401,1432,31,1,1400-1459,2125,2146,21,2100-2159,0,,264,254,1979,8,12,0,0,0,9,
6,24,1,9E,N8839E,5057,12953,LGA,"New York, NY",10581,BGR,"Bangor, ME",2050,2047,0,0,2000-2059,2230,2222,0,2200-2259,0,,100,95,378,2,,,,,,
6,16,7,DL,N372DN,2653,14492,RDU,"Raleigh/Durham, NC",10397,ATL,"Atlanta, GA",0620,0617,0,0,0600-0659,0751,0736,0,0700-0759,0,,91,79,356,2,,,,,,
6,29,6,DL,N362NB,2470,13487,MSP,"Minneapolis, MN",14570,RNO,"Reno, NV",0910,0908,0,0,0900-0959,1054,1041,0,1000-1059,0,,224,213,1405,6,,,,,,
6,6,4,OO,N446SW,4015,13487,MSP,"Minneapolis, MN",11977,GRB,"Green Bay, WI",1547,1613,26,1,1500-1559,1658,1718,20,1600-1659,0,,71,65,252,2,20,0,0,0,0,
6,1,6,OH,N213PS,5415,10257,ALB,"Albany, NY",11278,DCA,"Washington, DC",1325,1323,0,0,1300-1359,1459,1436,0,1400-1459,0,,94,73,318,2,,,,,,
6,30,7,UA,N891UA,297,12266,IAH,"Houston, TX",13495,MSY,"New Orleans, LA",1836,1830,0,0,1800-1859,1942,1939,0,1900-1959,0,,66,69,305,2,,,,,,
6,22,6,AA,N691AA,376,13303,MIA,"Miami, FL",14100,PHL,"Philadelphia, PA",1600,1627,27,1,1600-1659,1859,1900,1,1800-1859,0,,179,153,1013,5,,,,,,
6,25,2,WN,N558WN,639,13871,OMA,"Omaha, NE",15016,STL,"St. Louis, MO",1310,1318,8,0,1300-1359,1420,1426,6,1400-1459,0,,70,68,342,2,,,,,,
6,1,6,OO,N601XJ,4291,11433,DTW,"Detroit, MI",11823,FWA,"Fort Wayne, IN",1545,1540,0,0,1500-1559,1643,1632,0,1600-1659,0,,58,52,128,1,,,,,,
6,17,1,YV,N519LR,6051,14321,PWM,"Portland, ME",12264,IAD,"Washington, DC",1945,2018,33,1,1900-1959,2120,2218,58,2100-2159,0,,95,120,493,2,0,0,0,0,58,
6,21,5,NK,N647NK,1068,14747,SEA,"Seattle, WA",12889,LAS,"Las Vegas, NV",0710,0706,0,0,0700-0759,0935,0917,0,0900-0959,0,,145,131,867,4,,,,,,
6,13,4,DL,N310DN,1636,14679,SAN,"San Diego, CA",10397,ATL,"Atlanta, GA",2225,2242,17,1,2200-2259,0538,0548,10,0001-0559,0,,253,246,1892,8,,,,,,
6,15,6,AS,N448AS,34,14747,SEA,"Seattle, WA",13930,ORD,"Chicago, IL",1015,1103,48,1,1000-1059,1630,1734,64,1600-1659,0,,255,271,1721,7,0,0,64,0,0,
6,5,3,EV,N14542,4455,12992,LIT,"Little Rock, AR",12266,IAH,"Houston, TX",0936,1033,57,1,0900-0959,1115,1225,70,1100-1159,0,,99,112,374,2,13,26,13,0,18,
6,10,1,WN,N775SW,2547,14831,SJC,"San Jose, CA",10800,BUR,"Burbank, CA",1155,1155,0,0,1100-1159,1255,1256,1,1200-1259,0,,60,61,296,2,,,,,,
6,18,2,WN,N7888A,1875,12451,JAX,"Jacksonville, FL",11697,FLL,"Fort Lauderdale, FL",1650,1756,66,1,1600-1659,1815,1930,75,1800-1859,0,,85,94,319,2,26,0,9,0,40,
6,18,2,DL,N372DA,2210,11193,CVG,"Cincinnati, OH",14869,SLC,"Salt Lake City, UT",1735,1731,0,0,1700-1759,1920,1904,0,1900-1959,0,,225,213,1450,6,,,,,,
6,8,6,WN,N7732A,2658,13204,MCO,"Orlando, FL",10821,BWI,"Baltimore, MD",1510,,,,1500-1559,1720,,,1700-1759,1,B,130,,787,4,,,,,,
6,16,7,DL,N873DN,2318,10397,ATL,"Atlanta, GA",14893,SMF,"Sacramento, CA",2025,2036,11,0,2000-2059,2225,2207,0,2200-2259,0,,300,271,2092,9,,,,,,
6,27,4,YV,N945LR,6003,13502,MTJ,"Montrose/Delta, CO",11298,DFW,"Dallas/Fort Worth, TX",1624,1618,0,0,1600-1659,1932,1934,2,1900-1959,0,,128,136,722,3,,,,,,
6,26,3,AS,N523AS,4,14747,SEA,"Seattle, WA",11278,DCA,"Washington, DC",0805,0758,0,0,0800-0859,1620,1602,0,1600-1659,0,,315,304,2329,10,,,,,,
6,16,7,UA,N76503,2115,12266,IAH,"Houston, TX",12889,LAS,"Las Vegas, NV",1940,2040,60,1,1900-1959,2048,2210,82,2000-2059,0,,188,210,1222,5,0,60,22,0,0,
6,5,3,MQ,N693AE,3806,13303,MIA,"Miami, FL",11193,CVG,"Cincinnati, OH",0840,0834,0,0,0800-0859,1119,1125,6,1100-1159,0,,159,171,948,4,,,,,,
6,15,6,DL,N369NW,2544,11648,FCA,"Kalispell, MT",14869,SLC,"Salt Lake City, UT",0600,0555,0,0,0600-0659,0735,0726,0,0700-0759,0,,95,91,531,3,,,,,,
6,15,6,OH,N218PS,5026,12223,HTS,"Ashland, WV",11057,CLT,"Charlotte, NC",1438,1503,25,1,1400-1459,1555,1625,30,1500-1559,0,,77,82,235,1,21,0,5,0,4,
6,6,4,WN,N916WN,483,10693,BNA,"Nashville, TN",13232,MDW,"Chicago, IL",1355,1357,2,0,1300-1359,1520,1513,0,1500-1559,0,,85,76,395,2,,,,,,
6,17,1,AA,N756US,613,13871,OMA,"Omaha, NE",14107,PHX,"Phoenix, AZ",1419,1410,0,0,1400-1459,1502,1455,0,1500-1559,0,,163,165,1037,5,,,,,,
6,24,1,DL,N913DU,1961,14524,RIC,"Richmond, VA",10397,ATL,"Atlanta, GA",0900,0902,2,0,0900-0959,1042,1040,0,1000-1059,0,,102,98,481,2,,,,,,
6,12,3,DL,N377NW,2310,11298,DFW,"Dallas/Fort Worth, TX",10397,ATL,"Atlanta, GA",1045,1048,3,0,1000-1059,1402,1341,0,1400-1459,0,,137,113,731,3,,,,,,
6,26,3,DL,N554NW,1293,13495,MSY,"New Orleans, LA",10397,ATL,"Atlanta, GA",1633,1626,0,0,1600-1659,1915,1939,24,1900-1959,0,,102,133,425,2,0,0,24,0,0,
6,21,5,DL,N550NW,2018,10397,ATL,"Atlanta, GA",13204,MCO,"Orlando, FL",1055,1051,0,0,1000-1059,1232,1209,0,1200-1259,0,,97,78,404,2,,,,,,
6,23,7,UA,N12006,1882,12892,LAX,"Los Angeles, CA",11618,EWR,"Newark, NJ",2115,2208,53,1,2100-2159,0513,0549,36,0001-0559,0,,298,281,2454,10,36,0,0,0,0,
6,25,2,AA,N352PS,299,11298,DFW,"Dallas/Fort Worth, TX",11618,EWR,"Newark, NJ",1831,1904,33,1,1800-1859,2305,2330,25,2300-2359,0,,214,206,1372,6,20,0,0,0,5,
6,15,6,DL,N908DA,2447,10397,ATL,"Atlanta, GA",14027,PBI,"West Palm Beach/Palm Beach, FL",1309,1332,23,1,1300-1359,1453,1519,26,1400-1459,0,,104,107,545,3,23,0,3,0,0,
6,23,7,YV,N956LR,5875,13367,MLI,"Moline, IL",11298,DFW,"Dallas/Fort Worth, TX",0730,0723,0,0,0700-0759,0939,1000,21,0900-0959,0,,129,157,691,3,0,0,21,0,0,
6,19,3,MQ,N237NN,3880,13930,ORD,"Chicago, IL",11540,ELP,"El Paso, TX",1005,1037,32,1,1000-1059,1225,1244,19,1200-1259,0,,200,187,1236,5,0,0,0,0,19,
6,23,7,OO,N275SY,4046,11298,DFW,"Dallas/Fort Worth, TX",13487,MSP,"Minneapolis, MN",1433,1439,6,0,1400-1459,1705,1713,8,1700-1759,0,,152,154,852,4,,,,,,
6,19,3,AA,N316PF,1615,13931,ORF,"Norfolk, VA",11298,DFW,"Dallas/Fort Worth, TX",0700,0658,0,0,0700-0759,0916,0947,31,0900-0959,0,,196,229,1212,5,0,0,31,0,0,
6,14,5,UA,N455UA,601,15304,TPA,"Tampa, FL",11618,EWR,"Newark, NJ",1440,1621,101,1,1400-1459,1730,1905,95,1700-1759,0,,170,164,997,4,0,0,23,0,72,
6,15,6,AA,N601AW,1978,11057,CLT,"Charlotte, NC",10721,BOS,"Boston, MA",1638,1638,0,0,1600-1659,1903,1842,0,1900-1959,0,,145,124,728,3,,,,,,
6,16,7,WN,N945WN,2764,14107,PHX,"Phoenix, AZ",14679,SAN,"San Diego, CA",0705,0704,0,0,0700-0759,0815,0805,0,0800-0859,0,,70,61,304,2,,,,,,
6,12,3,F9,N334FR,442,11292,DEN,"Denver, CO",11775,FSD,"Sioux Falls, SD",0820,0810,0,0,0800-0859,1053,1041,0,1000-1059,0,,93,91,483,2,,,,,,
6,29,6,HA,N477HA,140,13830,OGG,"Kahului, HI",12402,ITO,"Hilo, HI",0928,0926,0,0,0900-0959,1006,1004,0,1000-1059,0,,38,38,121,1,,,,,,
6,16,7,WN,N7849A,5012,11292,DEN,"Denver, CO",14679,SAN,"San Diego, CA",1140,1156,16,1,1100-1159,1300,1306,6,1300-1359,0,,140,130,853,4,,,,,,
6,26,3,WN,N410WN,2563,10397,ATL,"Atlanta, GA",14492,RDU,"Raleigh/Durham, NC",1555,1556,1,0,1500-1559,1725,1707,0,1700-1759,0,,90,71,356,2,,,,,,
6,22,6,MQ,N918AE,3893,13930,ORD,"Chicago, IL",10434,AVP,"Scranton/Wilkes-Barre, PA",1830,1844,14,0,1800-1859,2131,2143,12,2100-2159,0,,121,119,632,3,,,,,,
6,18,2,UA,N12221,1859,11298,DFW,"Dallas/Fort Worth, TX",12266,IAH,"Houston, TX",0715,0711,0,0,0700-0759,0827,0823,0,0800-0859,0,,72,72,224,1,,,,,,
6,12,3,UA,N69824,1582,11292,DEN,"Denver, CO",13891,ONT,"Ontario, CA",0945,0940,0,0,0900-0959,1059,1052,0,1000-1059,0,,134,132,819,4,,,,,,
6,8,6,9E,N315PQ,3434,11986,GRR,"Grand Rapids, MI",11433,DTW,"Detroit, MI",1725,1724,0,0,1700-1759,1821,1818,0,1800-1859,0,,56,54,120,1,,,,,,
6,2,7,YV,N85351,6308,12266,IAH,"Houston, TX",10747,BRO,"Brownsville, TX",1420,1416,0,0,1400-1459,1532,1526,0,1500-1559,0,,72,70,308,2,,,,,,
6,25,2,DL,N350DN,2167,10397,ATL,"Atlanta, GA",14107,PHX,"Phoenix, AZ",2141,2156,15,1,2100-2159,2233,2312,39,2200-2259,0,,232,256,1587,7,8,0,24,0,7,
6,28,5,OO,N162PQ,3972,11433,DTW,"Detroit, MI",13342,MKE,"Milwaukee, WI",1212,1210,0,0,1200-1259,1224,1226,2,1200-1259,0,,72,76,237,1,,,,,,
6,28,5,WN,N8511K,2299,13198,MCI,"Kansas City, MO",10821,BWI,"Baltimore, MD",1830,1827,0,0,1800-1859,2150,2146,0,2100-2159,0,,140,139,967,4,,,,,,
6,10,1,UA,N67812,494,12892,LAX,"Los Angeles, CA",12266,IAH,"Houston, TX",1745,1735,0,0,1700-1759,2305,2238,0,2300-2359,0,,200,183,1379,6,,,,,,
6,30,7,UA,N465UA,2308,10397,ATL,"Atlanta, GA",11292,DEN,"Denver, CO",1640,1650,10,0,1600-1659,1807,1950,103,1800-1859,0,,207,300,1199,5,0,0,103,0,0,
6,16,7,DL,N372DN,1294,14492,RDU,"Raleigh/Durham, NC",10397,ATL,"Atlanta, GA",1110,1109,0,0,1100-1159,1236,1221,0,1200-1259,0,,86,72,356,2,,,,,,
6,1,6,YV,N89317,6339,15376,TUS,"Tucson, AZ",12266,IAH,"Houston, TX",1110,1101,0,0,1100-1159,1534,1525,0,1500-1559,0,,144,144,936,4,,,,,,
6,17,1,AA,N737US,2603,14635,RSW,"Fort Myers, FL",14100,PHL,"Philadelphia, PA",1415,1409,0,0,1400-1459,1706,1646,0,1700-1759,0,,171,157,993,4,,,,,,
6,30,7,OO,N162SY,5890,10423,AUS,"Austin, TX",12892,LAX,"Los Angeles, CA",2038,2028,0,0,2000-2059,2155,2124,0,2100-2159,0,,197,176,1242,5,,,,,,
6,3,1,EV,N34110,4221,12177,HOB,"Hobbs, NM",12266,IAH,"Houston, TX",0600,0550,0,0,0600-0659,0840,0831,0,0800-0859,0,,100,101,501,3,,,,,,
6,16,7,B6,N279JB,1374,10994,CHS,"Charleston, SC",12478,JFK,"New York, NY",1810,1901,51,1,1800-1859,2017,2053,36,2000-2059,0,,127,112,636,3,36,0,0,0,0,
6,6,4,MQ,N227NN,3995,13930,ORD,"Chicago, IL",11066,CMH,"Columbus, OH",1534,1533,0,0,1500-1559,1757,1737,0,1700-1759,0,,83,64,296,2,,,,,,
6,21,5,UA,N38443,478,11292,DEN,"Denver, CO",13930,ORD,"Chicago, IL",1540,1557,17,1,1500-1559,1913,1909,0,1900-1959,0,,153,132,888,4,,,,,,
6,17,1,OO,N693CA,3836,11433,DTW,"Detroit, MI",12217,HSV,"Huntsville, AL",2040,2044,4,0,2000-2059,2132,2129,0,2100-2159,0,,112,105,554,3,,,,,,
6,25,2,WN,N449WN,3469,14771,SFO,"San Francisco, CA",11292,DEN,"Denver, CO",2050,2052,2,0,2000-2059,0015,0010,0,0001-0559,0,,145,138,967,4,,,,,,
6,24,1,WN,N8543Z,182,14057,PDX,"Portland, OR",12889,LAS,"Las Vegas, NV",1650,1656,6,0,1600-1659,1905,1901,0,1900-1959,0,,135,125,763,4,,,,,,
6,26,3,AA,N715UW,1882,11057,CLT,"Charlotte, NC",14524,RIC,"Richmond, VA",2239,2235,0,0,2200-2259,2348,2338,0,2300-2359,0,,69,63,257,2,,,,,,
6,7,5,MQ,N819AE,4179,11298,DFW,"Dallas/Fort Worth, TX",12191,HOU,"Houston, TX",0655,0650,0,0,0600-0659,0810,0755,0,0800-0859,0,,75,65,247,1,,,,,,
6,29,6,B6,N563JB,1654,14843,SJU,"San Juan, PR",11697,FLL,"Fort Lauderdale, FL",1110,1104,0,0,1100-1159,1352,1345,0,1300-1359,0,,162,161,1046,5,,,,,,
6,13,4,DL,N326NB,1689,12339,IND,"Indianapolis, IN",13487,MSP,"Minneapolis, MN",1814,1812,0,0,1800-1859,1859,1850,0,1800-1859,0,,105,98,503,3,,,,,,
6,27,4,UA,N17752,2317,12266,IAH,"Houston, TX",12264,IAD,"Washington, DC",1952,2110,78,1,1900-1959,2358,0111,73,2300-2359,0,,186,181,1190,5,6,0,0,0,67,
6,11,2,DL,N910DN,2183,10397,ATL,"Atlanta, GA",13930,ORD,"Chicago, IL",0907,0908,1,0,0900-0959,1015,1004,0,1000-1059,0,,128,116,606,3,,,,,,
6,21,5,AA,N196AA,1626,14100,PHL,"Philadelphia, PA",11298,DFW,"Dallas/Fort Worth, TX",1624,1627,3,0,1600-1659,1903,1908,5,1900-1959,0,,219,221,1303,6,,,,,,
6,13,4,G4,334NV,707,12889,LAS,"Las Vegas, NV",10666,BLI,"Bellingham, WA",1951,1946,0,0,1900-1959,2227,2217,0,2200-2259,0,,156,151,954,4,,,,,,
6,6,4,WN,N968WN,1441,14107,PHX,"Phoenix, AZ",10693,BNA,"Nashville, TN",0535,0535,0,0,0001-0559,1040,1040,0,1000-1059,0,,185,185,1449,6,,,,,,
6,17,1,OH,N549NN,5554,15016,STL,"St. Louis, MO",11057,CLT,"Charlotte, NC",1606,1655,49,1,1600-1659,1905,1936,31,1900-1959,0,,119,101,575,3,8,0,0,0,23,
6,22,6,AA,N919US,187,11057,CLT,"Charlotte, NC",14869,SLC,"Salt Lake City, UT",2024,,,,2000-2059,2247,,,2200-2259,1,B,263,,1727,7,,,,,,
6,27,4,B6,N729JB,1179,12889,LAS,"Las Vegas, NV",12954,LGB,"Long Beach, CA",1005,1004,0,0,1000-1059,1111,1108,0,1100-1159,0,,66,64,231,1,,,,,,
6,5,3,OO,N611SK,3675,14869,SLC,"Salt Lake City, UT",15370,TUL,"Tulsa, OK",2028,2027,0,0,2000-2059,2359,2356,0,2300-2359,0,,151,149,926,4,,,,,,
6,19,3,YX,N657RW,3525,11278,DCA,"Washington, DC",12266,IAH,"Houston, TX",1755,1847,52,1,1700-1759,2026,2117,51,2000-2059,0,,211,210,1208,5,24,0,0,0,27,
6,7,5,OO,N922EV,3774,11433,DTW,"Detroit, MI",11577,ERI,"Erie, PA",0955,0952,0,0,0900-0959,1051,1051,0,1000-1059,0,,56,59,164,1,,,,,,
6,6,4,WN,N232WN,615,14107,PHX,"Phoenix, AZ",10397,ATL,"Atlanta, GA",1645,1652,7,0,1600-1659,2315,2314,0,2300-2359,0,,210,202,1587,7,,,,,,
6,15,6,B6,N633JB,1099,12953,LGA,"New York, NY",13204,MCO,"Orlando, FL",0700,0720,20,1,0700-0759,0942,0959,17,0900-0959,0,,162,159,950,4,17,0,0,0,0,
6,24,1,DL,N608AT,1045,13930,ORD,"Chicago, IL",12953,LGA,"New York, NY",0845,0843,0,0,0800-0859,1203,1220,17,1200-1259,0,,138,157,733,3,0,0,17,0,0,
6,2,7,AA,N9011P,2274,11298,DFW,"Dallas/Fort Worth, TX",13931,ORF,"Norfolk, VA",0706,0700,0,0,0700-0759,1101,1049,0,1100-1159,0,,175,169,1212,5,,,,,,
6,21,5,B6,N523JB,1287,14307,PVD,"Providence, RI",14027,PBI,"West Palm Beach/Palm Beach, FL",1155,1146,0,0,1100-1159,1443,1451,8,1400-1459,0,,168,185,1148,5,,,,,,
6,26,3,WN,N931WN,882,13232,MDW,"Chicago, IL",11193,CVG,"Cincinnati, OH",0700,0653,0,0,0700-0759,0905,0848,0,0900-0959,0,,65,55,249,1,,,,,,
6,26,3,AA,N9619V,1538,15624,VPS,"Valparaiso, FL",11298,DFW,"Dallas/Fort Worth, TX",0718,0705,0,0,0700-0759,0929,0859,0,0900-0959,0,,131,114,641,3,,,,,,
6,9,7,9E,N294PQ,5433,12339,IND,"Indianapolis, IN",11433,DTW,"Detroit, MI",1758,1818,20,1,1700-1759,1914,1926,12,1900-1959,0,,76,68,231,1,,,,,,
6,20,4,DL,N331DN,2811,10397,ATL,"Atlanta, GA",11278,DCA,"Washington, DC",1614,1737,83,1,1600-1659,1806,1922,76,1800-1859,0,,112,105,547,3,0,0,76,0,0,
6,18,2,9E,N294PQ,5166,10397,ATL,"Atlanta, GA",10874,CAK,"Akron, OH",0942,0945,3,0,0900-0959,1129,1132,3,1100-1159,0,,107,107,528,3,,,,,,
6,22,6,AS,N305AS,691,14107,PHX,"Phoenix, AZ",14747,SEA,"Seattle, WA",1730,1727,0,0,1700-1759,2030,2037,7,2000-2059,0,,180,190,1107,5,,,,,,
6,2,7,WN,N726SW,5477,11259,DAL,"Dallas, TX",12339,IND,"Indianapolis, IN",2045,2301,136,1,2000-2059,2350,0153,123,2300-2359,0,,125,112,755,4,0,0,0,0,123,
6,9,7,NK,N684NK,528,14843,SJU,"San Juan, PR",11697,FLL,"Fort Lauderdale, FL",1641,1729,48,1,1600-1659,1924,1954,30,1900-1959,0,,163,145,1046,5,0,0,0,0,30,
6,30,7,9E,N294PQ,3319,11057,CLT,"Charlotte, NC",12953,LGA,"New York, NY",1515,1556,41,1,1500-1559,1725,1805,40,1700-1759,0,,130,129,544,3,0,0,40,0,0,
6,28,5,B6,N645JB,405,10721,BOS,"Boston, MA",12954,LGB,"Long Beach, CA",1718,1822,64,1,1700-1759,2045,2121,36,2000-2059,0,,387,359,2602,11,3,0,0,0,33,
6,26,3,OO,N641CA,4139,11433,DTW,"Detroit, MI",14524,RIC,"Richmond, VA",0715,0757,42,1,0700-0759,0855,0921,26,0800-0859,0,,100,84,456,2,26,0,0,0,0,
6,9,7,WN,N7714B,4618,10397,ATL,"Atlanta, GA",11042,CLE,"Cleveland, OH",0900,0900,0,0,0900-0959,1050,1026,0,1000-1059,0,,110,86,554,3,,,,,,
6,6,4,AS,N481AS,53,11618,EWR,"Newark, NJ",14057,PDX,"Portland, OR",1540,1542,2,0,1500-1559,1855,1829,0,1800-1859,0,,375,347,2434,10,,,,,,
6,8,6,B6,N629JB,877,10721,BOS,"Boston, MA",12889,LAS,"Las Vegas, NV",1742,1744,2,0,1700-1759,2043,2016,0,2000-2059,0,,361,332,2381,10,,,,,,
6,3,1,OO,N285SY,3517,13342,MKE,"Milwaukee, WI",12953,LGA,"New York, NY",0645,0643,0,0,0600-0659,1004,0959,0,1000-1059,0,,139,136,738,3,,,,,,
6,1,6,OO,N946SW,5324,12339,IND,"Indianapolis, IN",13930,ORD,"Chicago, IL",1653,2056,243,1,1600-1659,1710,2143,273,1700-1759,0,,77,107,177,1,0,0,273,0,0,
6,11,2,AS,N634VA,1806,14057,PDX,"Portland, OR",14771,SFO,"San Francisco, CA",1255,1247,0,0,1200-1259,1450,1458,8,1400-1459,0,,115,131,550,3,,,,,,
6,21,5,B6,N987JT,1503,12478,JFK,"New York, NY",14843,SJU,"San Juan, PR",2330,0008,38,1,2300-2359,0327,0343,16,0001-0559,0,,237,215,1598,7,16,0,0,0,0,
6,22,6,WN,N204WN,1528,10994,CHS,"Charleston, SC",13232,MDW,"Chicago, IL",0645,0648,3,0,0600-0659,0745,0749,4,0700-0759,0,,120,121,745,3,,,,,,
6,13,4,WN,N920WN,1257,10713,BOI,"Boise, ID",12889,LAS,"Las Vegas, NV",1600,1559,0,0,1600-1659,1645,1638,0,1600-1659,0,,105,99,519,3,,,,,,
6,3,1,9E,N176PQ,5194,12197,HPN,"White Plains, NY",10397,ATL,"Atlanta, GA",1230,1241,11,0,1200-1259,1453,1450,0,1400-1459,0,,143,129,780,4,,,,,,
6,18,2,MQ,N606AE,3552,12451,JAX,"Jacksonville, FL",13303,MIA,"Miami, FL",0937,0946,9,0,0900-0959,1057,1053,0,1000-1059,0,,80,67,335,2,,,,,,
6,24,1,OH,N220PS,5041,11278,DCA,"Washington, DC",12323,ILM,"Wilmington, NC",0739,0739,0,0,0700-0759,0900,0844,0,0900-0959,0,,81,65,319,2,,,,,,
6,6,4,MQ,N623AE,3640,11986,GRR,"Grand Rapids, MI",13930,ORD,"Chicago, IL",2056,2217,81,1,2000-2059,2059,2215,76,2000-2059,0,,63,58,137,1,12,0,0,0,64,
6,10,1,WN,N564WN,797,10800,BUR,"Burbank, CA",12889,LAS,"Las Vegas, NV",0715,0711,0,0,0700-0759,0820,0810,0,0800-0859,0,,65,59,223,1,,,,,,
6,20,4,WN,N8567Z,1381,10721,BOS,"Boston, MA",13232,MDW,"Chicago, IL",0510,0509,0,0,0001-0559,0645,0635,0,0600-0659,0,,155,146,861,4,,,,,,
6,26,3,DL,N6706Q,2195,14635,RSW,"Fort Myers, FL",10397,ATL,"Atlanta, GA",0600,0600,0,0,0600-0659,0735,0734,0,0700-0759,0,,95,94,515,3,,,,,,
6,11,2,EV,N34110,4087,12266,IAH,"Houston, TX",10693,BNA,"Nashville, TN",1420,1417,0,0,1400-1459,1627,1602,0,1600-1659,0,,127,105,657,3,,,,,,
6,8,6,WN,N407WN,4716,11292,DEN,"Denver, CO",10721,BOS,"Boston, MA",1030,1034,4,0,1000-1059,1630,1638,8,1600-1659,0,,240,244,1754,8,,,,,,
6,19,3,AA,N920NN,241,13487,MSP,"Minneapolis, MN",13930,ORD,"Chicago, IL",1924,1954,30,1,1900-1959,2103,2128,25,2100-2159,0,,99,94,334,2,0,0,25,0,0,
6,9,7,OO,N194SY,3353,15023,STS,"Santa Rosa, CA",14057,PDX,"Portland, OR",1915,1906,0,0,1900-1959,2045,2035,0,2000-2059,0,,90,89,489,2,,,,,,
6,6,4,OH,N260JS,5603,10868,CAE,"Columbia, SC",11278,DCA,"Washington, DC",0617,0607,0,0,0600-0659,0749,0730,0,0700-0759,0,,92,83,408,2,,,,,,
6,18,2,YX,N882RW,6038,10721,BOS,"Boston, MA",11066,CMH,"Columbus, OH",0902,0856,0,0,0900-0959,1116,1111,0,1100-1159,0,,134,135,640,3,,,,,,
6,19,3,UA,N490UA,1851,14831,SJC,"San Jose, CA",12266,IAH,"Houston, TX",1300,1252,0,0,1300-1359,1854,1827,0,1800-1859,0,,234,215,1608,7,,,,,,
6,18,2,AA,N931NN,657,10821,BWI,"Baltimore, MD",13930,ORD,"Chicago, IL",1519,1528,9,0,1500-1559,1637,1635,0,1600-1659,0,,138,127,621,3,,,,,,
6,12,3,AA,N543UW,1555,12892,LAX,"Los Angeles, CA",12889,LAS,"Las Vegas, NV",1236,1254,18,1,1200-1259,1354,1400,6,1300-1359,0,,78,66,236,1,,,,,,
6,9,7,NK,N526NK,877,10397,ATL,"Atlanta, GA",11697,FLL,"Fort Lauderdale, FL",1000,1005,5,0,1000-1059,1156,1213,17,1100-1159,0,,116,128,581,3,5,0,12,0,0,
6,14,5,AA,N837NN,1460,11298,DFW,"Dallas/Fort Worth, TX",14057,PDX,"Portland, OR",1044,1055,11,0,1000-1059,1251,1254,3,1200-1259,0,,247,239,1616,7,,,,,,
6,25,2,AA,N928NN,381,12953,LGA,"New York, NY",13930,ORD,"Chicago, IL",1630,1624,0,0,1600-1659,1824,1749,0,1800-1859,0,,174,145,733,3,,,,,,
6,11,2,EV,N13992,4328,10781,BTR,"Baton Rouge, LA",12266,IAH,"Houston, TX",1415,1405,0,0,1400-1459,1526,1516,0,1500-1559,0,,71,71,253,2,,,,,,
6,17,1,AA,N803AL,1408,13930,ORD,"Chicago, IL",11298,DFW,"Dallas/Fort Worth, TX",1320,,,,1300-1359,1546,,,1500-1559,1,A,146,,801,4,,,,,,
6,2,7,YV,N82314,6016,10713,BOI,"Boise, ID",12266,IAH,"Houston, TX",0640,0637,0,0,0600-0659,1115,1125,10,1100-1159,0,,215,228,1482,6,,,,,,
6,11,2,OO,N925EV,5653,13264,MFR,"Medford, OR",12892,LAX,"Los Angeles, CA",0603,0556,0,0,0600-0659,0825,0810,0,0800-0859,0,,142,134,630,3,,,,,,
6,11,2,WN,N203WN,1941,14893,SMF,"Sacramento, CA",14679,SAN,"San Diego, CA",1145,1140,0,0,1100-1159,1315,1303,0,1300-1359,0,,90,83,480,2,,,,,,
6,1,6,AA,N523UW,1968,14107,PHX,"Phoenix, AZ",13303,MIA,"Miami, FL",0853,0848,0,0,0800-0859,1628,1558,0,1600-1659,0,,275,250,1972,8,,,,,,
6,14,5,B6,N632JB,251,10721,BOS,"Boston, MA",13204,MCO,"Orlando, FL",0825,0818,0,0,0800-0859,1134,1141,7,1100-1159,0,,189,203,1121,5,,,,,,
6,19,3,F9,N229FR,1659,14321,PWM,"Portland, ME",14492,RDU,"Raleigh/Durham, NC",1659,1649,0,0,1600-1659,1917,1843,0,1900-1959,0,,138,114,700,3,,,,,,
6,19,3,DL,N905DN,600,14057,PDX,"Portland, OR",13487,MSP,"Minneapolis, MN",1646,1651,5,0,1600-1659,2155,2146,0,2100-2159,0,,189,175,1426,6,,,,,,
6,17,1,MQ,N857AE,3449,11298,DFW,"Dallas/Fort Worth, TX",11067,CMI,"Champaign/Urbana, IL",1835,1953,78,1,1800-1859,2039,2157,78,2000-2059,0,,124,124,692,3,19,0,0,0,59,
6,18,2,G4,327NV,1417,14122,PIT,"Pittsburgh, PA",14986,SRQ,"Sarasota/Bradenton, FL",0730,0730,0,0,0700-0759,0949,0957,8,0900-0959,0,,139,147,912,4,,,,,,
6,21,5,DL,N910DL,2507,14685,SAV,"Savannah, GA",10397,ATL,"Atlanta, GA",0730,0726,0,0,0700-0759,0843,0838,0,0800-0859,0,,73,72,214,1,,,,,,
6,11,2,DL,N101DU,931,12953,LGA,"New York, NY",12266,IAH,"Houston, TX",1830,1838,8,0,1800-1859,2128,2144,16,2100-2159,0,,238,246,1416,6,8,0,8,0,0,
6,26,3,WN,N8687A,2393,14679,SAN,"San Diego, CA",14831,SJC,"San Jose, CA",1035,,,,1000-1059,1155,,,1100-1159,1,A,80,,417,2,,,,,,
6,9,7,AS,N251AK,383,14771,SFO,"San Francisco, CA",14057,PDX,"Portland, OR",0900,0855,0,0,0900-0959,1050,1041,0,1000-1059,0,,110,106,550,3,,,,,,
6,1,6,DL,N6706Q,2047,15304,TPA,"Tampa, FL",10397,ATL,"Atlanta, GA",1655,1650,0,0,1600-1659,1832,1815,0,1800-1859,0,,97,85,406,2,,,,,,
6,2,7,AS,N924VA,1353,10721,BOS,"Boston, MA",14771,SFO,"San Francisco, CA",1725,1758,33,1,1700-1759,2110,2152,42,2100-2159,0,,405,414,2704,11,8,0,9,0,25,
6,14,5,DL,N333NB,855,12953,LGA,"New York, NY",13487,MSP,"Minneapolis, MN",1429,1423,0,0,1400-1459,1642,1606,0,1600-1659,0,,193,163,1020,5,,,,,,
6,15,6,UA,N440UA,1778,15016,STL,"St. Louis, MO",13930,ORD,"Chicago, IL",1720,1727,7,0,1700-1759,1848,1840,0,1800-1859,0,,88,73,258,2,,,,,,
6,1,6,EV,N15983,4360,12339,IND,"Indianapolis, IN",11618,EWR,"Newark, NJ",1355,1348,0,0,1300-1359,1603,1552,0,1600-1659,0,,128,124,645,3,,,,,,
6,4,2,OO,N748SK,3251,11695,FLG,"Flagstaff, AZ",14107,PHX,"Phoenix, AZ",0615,0609,0,0,0600-0659,0713,0647,0,0700-0759,0,,58,38,119,1,,,,,,
6,27,4,AS,N630VA,1692,14747,SEA,"Seattle, WA",11066,CMH,"Columbus, OH",0945,0941,0,0,0900-0959,1715,1718,3,1700-1759,0,,270,277,2016,9,,,,,,
6,10,1,AA,N993NN,1003,15016,STL,"St. Louis, MO",13930,ORD,"Chicago, IL",0641,0641,0,0,0600-0659,0801,0802,1,0800-0859,0,,80,81,258,2,,,,,,
6,16,7,DL,N328NB,440,13495,MSY,"New Orleans, LA",12478,JFK,"New York, NY",1115,1113,0,0,1100-1159,1515,1525,10,1500-1559,0,,180,192,1182,5,,,,,,
6,9,7,9E,N921XJ,3497,12478,JFK,"New York, NY",14492,RDU,"Raleigh/Durham, NC",1125,1540,255,1,1100-1159,1319,1806,287,1300-1359,0,,114,146,427,2,0,0,32,0,255,
6,11,2,OO,N8932C,4165,15380,TVC,"Traverse City, MI",11433,DTW,"Detroit, MI",1930,2011,41,1,1900-1959,2038,2106,28,2000-2059,0,,68,55,207,1,0,0,0,0,28,
6,11,2,UA,N454UA,1204,14771,SFO,"San Francisco, CA",12266,IAH,"Houston, TX",2359,0003,4,0,2300-2359,0545,0540,0,0001-0559,0,,226,217,1635,7,,,,,,
6,12,3,WN,N7828A,1165,14908,SNA,"Santa Ana, CA",14107,PHX,"Phoenix, AZ",1410,1408,0,0,1400-1459,1525,1517,0,1500-1559,0,,75,69,338,2,,,,,,
6,19,3,WN,N466WN,1401,15016,STL,"St. Louis, MO",15370,TUL,"Tulsa, OK",2130,2139,9,0,2100-2159,2240,2244,4,2200-2259,0,,70,65,351,2,,,,,,
6,30,7,MQ,N613AE,3927,13930,ORD,"Chicago, IL",11337,DLH,"Duluth, MN",0938,0950,12,0,0900-0959,1119,1124,5,1100-1159,0,,101,94,397,2,,,,,,
6,3,1,OO,N864AS,3120,14107,PHX,"Phoenix, AZ",11638,FAT,"Fresno, CA",0730,0722,0,0,0700-0759,0911,0855,0,0900-0959,0,,101,93,493,2,,,,,,
6,25,2,EV,N11164,4197,12266,IAH,"Houston, TX",13061,LRD,"Laredo, TX",1015,1014,0,0,1000-1059,1127,1118,0,1100-1159,0,,72,64,301,2,,,,,,
6,11,2,WN,N256WN,1333,14057,PDX,"Portland, OR",11292,DEN,"Denver, CO",1015,1021,6,0,1000-1059,1345,1358,13,1300-1359,0,,150,157,991,4,,,,,,
6,26,3,AS,N267AK,766,14747,SEA,"Seattle, WA",14771,SFO,"San Francisco, CA",0600,0554,0,0,0600-0659,0825,0758,0,0800-0859,0,,145,124,679,3,,,,,,
6,5,3,WN,N903WN,1416,11042,CLE,"Cleveland, OH",10821,BWI,"Baltimore, MD",0600,0556,0,0,0600-0659,0715,0708,0,0700-0759,0,,75,72,314,2,,,,,,
6,10,1,WN,N269WN,1243,12889,LAS,"Las Vegas, NV",13796,OAK,"Oakland, CA",1605,1618,13,0,1600-1659,1735,1736,1,1700-1759,0,,90,78,407,2,,,,,,
6,13,4,AA,N119US,2673,11057,CLT,"Charlotte, NC",10792,BUF,"Buffalo, NY",0921,0956,35,1,0900-0959,1100,1129,29,1100-1159,0,,99,93,546,3,29,0,0,0,0,
6,23,7,WN,N7820L,5705,13232,MDW,"Chicago, IL",14747,SEA,"Seattle, WA",1910,1939,29,1,1900-1959,2140,2156,16,2100-2159,0,,270,257,1733,7,16,0,0,0,0,
6,9,7,AA,N951AA,1542,14107,PHX,"Phoenix, AZ",11278,DCA,"Washington, DC",2356,2354,0,0,2300-2359,0717,0655,0,0700-0759,0,,261,241,1979,8,,,,,,
6,1,6,DL,N372DN,2079,10721,BOS,"Boston, MA",11433,DTW,"Detroit, MI",0545,0542,0,0,0001-0559,0750,0742,0,0700-0759,0,,125,120,632,3,,,,,,
6,18,2,MQ,N227NN,3392,11298,DFW,"Dallas/Fort Worth, TX",11140,CRP,"Corpus Christi, TX",2024,2031,7,0,2000-2059,2144,2200,16,2100-2159,0,,80,89,354,2,7,0,9,0,0,
6,17,1,UA,N410UA,976,11292,DEN,"Denver, CO",14893,SMF,"Sacramento, CA",0940,0945,5,0,0900-0959,1118,1112,0,1100-1159,0,,158,147,909,4,,,,,,
6,22,6,AA,N924NN,1259,10721,BOS,"Boston, MA",13303,MIA,"Miami, FL",0728,0723,0,0,0700-0759,1107,1106,0,1100-1159,0,,219,223,1258,6,,,,,,
6,14,5,WN,N8679A,4387,15016,STL,"St. Louis, MO",12892,LAX,"Los Angeles, CA",2205,2202,0,0,2200-2259,2355,2351,0,2300-2359,0,,230,229,1592,7,,,,,,
6,23,7,UA,N24736,739,10397,ATL,"Atlanta, GA",11618,EWR,"Newark, NJ",1030,1022,0,0,1000-1059,1242,1225,0,1200-1259,0,,132,123,746,3,,,,,,
6,18,2,OH,N253PS,5447,11057,CLT,"Charlotte, NC",13931,ORF,"Norfolk, VA",1459,1451,0,0,1400-1459,1614,1610,0,1600-1659,0,,75,79,290,2,,,,,,
6,19,3,UA,N456UA,1260,12892,LAX,"Los Angeles, CA",12889,LAS,"Las Vegas, NV",0845,1138,173,1,0800-0859,1000,1247,167,1000-1059,0,,75,69,236,1,5,0,0,0,162,
6,14,5,WN,N706SW,888,10821,BWI,"Baltimore, MD",14122,PIT,"Pittsburgh, PA",1610,1611,1,0,1600-1659,1720,1709,0,1700-1759,0,,70,58,210,1,,,,,,
6,3,1,OO,N466SW,5054,10967,CGI,"Cape Girardeau, MO",13930,ORD,"Chicago, IL",1200,1325,85,1,1200-1259,1348,1453,65,1300-1359,0,,108,88,339,2,0,0,0,0,65,
6,26,3,AS,N597AS,895,14679,SAN,"San Diego, CA",12173,HNL,"Honolulu, HI",0750,0749,0,0,0700-0759,1100,1041,0,1100-1159,0,,370,352,2614,11,,,,,,
6,22,6,DL,N960DN,1474,11042,CLE,"Cleveland, OH",10397,ATL,"Atlanta, GA",0900,0852,0,0,0900-0959,1048,1036,0,1000-1059,0,,108,104,554,3,,,,,,
6,25,2,WN,N258WN,924,11259,DAL,"Dallas, TX",14100,PHL,"Philadelphia, PA",1250,1300,10,0,1200-1259,1710,1642,0,1700-1759,0,,200,162,1295,6,,,,,,
6,24,1,WN,N747SA,245,13204,MCO,"Orlando, FL",11259,DAL,"Dallas, TX",2010,2009,0,0,2000-2059,2135,2153,18,2100-2159,0,,145,164,973,4,0,0,18,0,0,
6,30,7,OO,N712SK,2983,14107,PHX,"Phoenix, AZ",11921,GJT,"Grand Junction, CO",0845,0839,0,0,0800-0859,1116,1109,0,1100-1159,0,,91,90,438,2,,,,,,
6,25,2,EV,N13979,4179,11996,GSP,"Greer, SC",11618,EWR,"Newark, NJ",1745,1916,91,1,1700-1759,1946,2129,103,1900-1959,0,,121,133,594,3,0,0,103,0,0,
6,7,5,YX,N874RW,6072,12124,HHH,"Hilton Head, SC",10397,ATL,"Atlanta, GA",1755,1905,70,1,1700-1759,1905,2021,76,1900-1959,0,,70,76,238,1,0,0,6,0,70,
6,29,6,B6,N806JB,729,13204,MCO,"Orlando, FL",10732,BQN,"Aguadilla, PR",0610,0621,11,0,0600-0659,0856,0920,24,0800-0859,0,,166,179,1129,5,11,0,13,0,0,
6,27,4,WN,N7702A,418,13204,MCO,"Orlando, FL",14576,ROC,"Rochester, NY",0750,0754,4,0,0700-0759,1030,1030,0,1000-1059,0,,160,156,1033,5,,,,,,
6,14,5,DL,N835DN,623,12892,LAX,"Los Angeles, CA",11066,CMH,"Columbus, OH",2300,2311,11,0,2300-2359,0620,0634,14,0600-0659,0,,260,263,1995,8,,,,,,
6,14,5,NK,N659NK,511,12889,LAS,"Las Vegas, NV",14679,SAN,"San Diego, CA",1322,1351,29,1,1300-1359,1433,1500,27,1400-1459,0,,71,69,258,2,0,0,27,0,0,
6,6,4,WN,N212WN,1972,13891,ONT,"Ontario, CA",14893,SMF,"Sacramento, CA",1100,1211,71,1,1100-1159,1225,1328,63,1200-1259,0,,85,77,390,2,0,0,0,0,63,
6,13,4,WN,N7748A,1404,14679,SAN,"San Diego, CA",14771,SFO,"San Francisco, CA",1110,1137,27,1,1100-1159,1245,1302,17,1200-1259,0,,95,85,447,2,2,0,0,0,15,
6,5,3,OH,N584NN,5217,13851,OKC,"Oklahoma City, OK",11057,CLT,"Charlotte, NC",0656,0649,0,0,0600-0659,1039,1021,0,1000-1059,0,,163,152,940,4,,,,,,
6,11,2,WN,N770SA,1403,14771,SFO,"San Francisco, CA",14679,SAN,"San Diego, CA",0850,0850,0,0,0800-0859,1030,1022,0,1000-1059,0,,100,92,447,2,,,,,,
6,23,7,WN,N713SW,4002,13851,OKC,"Oklahoma City, OK",11292,DEN,"Denver, CO",0700,0659,0,0,0700-0759,0735,0750,15,0700-0759,0,,95,111,495,2,0,0,15,0,0,
6,25,2,WN,N8556Z,2254,10397,ATL,"Atlanta, GA",13796,OAK,"Oakland, CA",1555,1601,6,0,1500-1559,1800,1801,1,1800-1859,0,,305,300,2130,9,,,,,,
6,23,7,MQ,N224NN,4196,15023,STS,"Santa Rosa, CA",11298,DFW,"Dallas/Fort Worth, TX",1330,1455,85,1,1300-1359,1907,1030,,1900-1959,0,,217,,1495,6,,,,,,
6,6,4,WN,N927WN,1462,10821,BWI,"Baltimore, MD",12892,LAX,"Los Angeles, CA",2150,2152,2,0,2100-2159,0035,0023,0,0001-0559,0,,345,331,2329,10,,,,,,
6,17,1,DL,N922DL,1224,13303,MIA,"Miami, FL",10397,ATL,"Atlanta, GA",1644,1728,44,1,1600-1659,1852,1927,35,1800-1859,0,,128,119,594,3,0,10,0,0,25,
6,14,5,OH,N258PS,5521,11278,DCA,"Washington, DC",12451,JAX,"Jacksonville, FL",1140,1138,0,0,1100-1159,1337,1339,2,1300-1359,0,,117,121,634,3,,,,,,
6,21,5,DL,N349DX,1809,14869,SLC,"Salt Lake City, UT",11433,DTW,"Detroit, MI",1720,1716,0,0,1700-1759,2244,2240,0,2200-2259,0,,204,204,1481,6,,,,,,
6,28,5,WN,N725SW,600,12892,LAX,"Los Angeles, CA",14893,SMF,"Sacramento, CA",1805,1830,25,1,1800-1859,1935,1943,8,1900-1959,0,,90,73,373,2,,,,,,
6,10,1,WN,N294WN,416,15016,STL,"St. Louis, MO",10397,ATL,"Atlanta, GA",1920,1944,24,1,1900-1959,2200,2218,18,2200-2259,0,,100,94,484,2,18,0,0,0,0,
6,26,3,F9,N708FR,614,11292,DEN,"Denver, CO",13303,MIA,"Miami, FL",2359,0022,23,1,2300-2359,0551,0609,18,0001-0559,0,,232,227,1709,7,18,0,0,0,0,
6,1,6,OO,N903EV,5065,12902,LBL,"Liberal, KS",14288,PUB,"Pueblo, CO",0536,0526,0,0,0001-0559,0538,0516,0,0001-0559,0,,62,50,212,1,,,,,,
6,15,6,F9,N213FR,1615,14492,RDU,"Raleigh/Durham, NC",11433,DTW,"Detroit, MI",1712,1703,0,0,1700-1759,1903,1848,0,1900-1959,0,,111,105,501,3,,,,,,
6,21,5,UA,N442UA,265,11292,DEN,"Denver, CO",14908,SNA,"Santa Ana, CA",0801,0843,42,1,0800-0859,0924,1004,40,0900-0959,0,,143,141,846,4,0,0,0,0,40,
6,12,3,WN,N962WN,2512,10140,ABQ,"Albuquerque, NM",14107,PHX,"Phoenix, AZ",0600,0555,0,0,0600-0659,0615,0608,0,0600-0659,0,,75,73,328,2,,,,,,
6,8,6,WN,N208WN,4542,13487,MSP,"Minneapolis, MN",10821,BWI,"Baltimore, MD",0640,0635,0,0,0600-0659,1005,0957,0,1000-1059,0,,145,142,936,4,,,,,,
6,8,6,YX,N108HQ,4707,10693,BNA,"Nashville, TN",12953,LGA,"New York, NY",1510,1500,0,0,1500-1559,1830,1816,0,1800-1859,0,,140,136,764,4,,,,,,
6,26,3,G4,261NV,1212,11618,EWR,"Newark, NJ",10431,AVL,"Asheville, NC",1000,0952,0,0,1000-1059,1200,1200,0,1200-1259,0,,120,128,583,3,,,,,,
6,17,1,DL,N882DN,2485,10693,BNA,"Nashville, TN",10397,ATL,"Atlanta, GA",0525,0524,0,0,0001-0559,0732,0715,0,0700-0759,0,,67,51,214,1,,,,,,
6,25,2,WN,N400WN,2142,14107,PHX,"Phoenix, AZ",14893,SMF,"Sacramento, CA",2230,2231,1,0,2200-2259,0020,0017,0,0001-0559,0,,110,106,647,3,,,,,,
6,22,6,OH,N230PS,5620,15412,TYS,"Knoxville, TN",14100,PHL,"Philadelphia, PA",0500,0459,0,0,0001-0559,0651,0647,0,0600-0659,0,,111,108,554,3,,,,,,
6,28,5,AA,N875NN,2566,11298,DFW,"Dallas/Fort Worth, TX",14869,SLC,"Salt Lake City, UT",1649,1649,0,0,1600-1659,1833,1822,0,1800-1859,0,,164,153,989,4,,,,,,
6,26,3,DL,N367DN,1868,10397,ATL,"Atlanta, GA",10423,AUS,"Austin, TX",0825,0822,0,0,0800-0859,0943,0952,9,0900-0959,0,,138,150,813,4,,,,,,
6,20,4,OO,N429SW,7410,11013,CIU,"Sault Ste. Marie, MI",11433,DTW,"Detroit, MI",1550,1541,0,0,1500-1559,1710,1656,0,1700-1759,0,,80,75,284,2,,,,,,
6,9,7,DL,N899AT,1997,10397,ATL,"Atlanta, GA",15624,VPS,"Valparaiso, FL",1553,1553,0,0,1500-1559,1612,1613,1,1600-1659,0,,79,80,250,2,,,,,,
6,8,6,B6,N375JB,913,12197,HPN,"White Plains, NY",11697,FLL,"Fort Lauderdale, FL",0800,0759,0,0,0800-0859,1105,1116,11,1100-1159,0,,185,197,1097,5,,,,,,
6,18,2,DL,N908DA,1329,10397,ATL,"Atlanta, GA",13244,MEM,"Memphis, TN",2336,2333,0,0,2300-2359,2359,2354,0,2300-2359,0,,83,81,332,2,,,,,,
6,26,3,WN,N8565Z,1217,14679,SAN,"San Diego, CA",12339,IND,"Indianapolis, IN",1505,1740,155,1,1500-1559,2200,0034,154,2200-2259,0,,235,234,1782,8,13,0,0,0,141,
6,15,6,UA,N14118,2032,13204,MCO,"Orlando, FL",11618,EWR,"Newark, NJ",0715,0715,0,0,0700-0759,0953,0942,0,0900-0959,0,,158,147,937,4,,,,,,
6,19,3,UA,N17122,717,10721,BOS,"Boston, MA",12892,LAX,"Los Angeles, CA",1830,2334,304,1,1800-1859,2144,0218,274,2100-2159,0,,374,344,2611,11,0,0,0,0,274,
6,26,3,OO,N603SK,3906,14524,RIC,"Richmond, VA",11433,DTW,"Detroit, MI",1255,1254,0,0,1200-1259,1442,1436,0,1400-1459,0,,107,102,456,2,,,,,,
6,1,6,AA,N932AN,2491,11433,DTW,"Detroit, MI",11298,DFW,"Dallas/Fort Worth, TX",0710,0703,0,0,0700-0759,0907,0839,0,0900-0959,0,,177,156,986,4,,,,,,
6,14,5,WN,N266WN,2081,14893,SMF,"Sacramento, CA",10800,BUR,"Burbank, CA",1910,2152,162,1,1900-1959,2025,2300,155,2000-2059,0,,75,68,358,2,0,0,0,0,155,
6,30,7,AS,N638VA,1938,14771,SFO,"San Francisco, CA",12892,LAX,"Los Angeles, CA",1900,1924,24,1,1900-1959,2040,2054,14,2000-2059,0,,100,90,337,2,,,,,,
6,3,1,9E,N924EV,5003,13931,ORF,"Norfolk, VA",12478,JFK,"New York, NY",1700,1655,0,0,1700-1759,1849,1842,0,1800-1859,0,,109,107,290,2,,,,,,
6,17,1,AA,N932NN,1798,11298,DFW,"Dallas/Fort Worth, TX",14107,PHX,"Phoenix, AZ",1050,,,,1000-1059,1128,,,1100-1159,1,B,158,,868,4,,,,,,
6,29,6,OH,N557NN,5334,11057,CLT,"Charlotte, NC",14986,SRQ,"Sarasota/Bradenton, FL",0740,0736,0,0,0700-0759,0927,0923,0,0900-0959,0,,107,107,547,3,,,,,,
6,23,7,WN,N275WN,3758,14893,SMF,"Sacramento, CA",14747,SEA,"Seattle, WA",1445,1447,2,0,1400-1459,1635,1651,16,1600-1659,0,,110,124,605,3,0,0,16,0,0,
6,13,4,AS,N309AS,530,14747,SEA,"Seattle, WA",13891,ONT,"Ontario, CA",0610,0600,0,0,0600-0659,0855,0835,0,0800-0859,0,,165,155,956,4,,,,,,
6,12,3,DL,N971DL,2575,10994,CHS,"Charleston, SC",10397,ATL,"Atlanta, GA",0600,0554,0,0,0600-0659,0705,0658,0,0700-0759,0,,65,64,259,2,,,,,,
6,7,5,NK,N691NK,733,13204,MCO,"Orlando, FL",10423,AUS,"Austin, TX",1711,1706,0,0,1700-1759,1908,1906,0,1900-1959,0,,177,180,994,4,,,,,,
6,16,7,WN,N230WN,3331,14893,SMF,"Sacramento, CA",11884,GEG,"Spokane, WA",1700,1658,0,0,1700-1759,1840,1840,0,1800-1859,0,,100,102,649,3,,,,,,
6,2,7,NK,N658NK,323,13487,MSP,"Minneapolis, MN",12892,LAX,"Los Angeles, CA",0632,0632,0,0,0600-0659,0835,0834,0,0800-0859,0,,243,242,1535,7,,,,,,
6,11,2,AA,N194AA,1908,12889,LAS,"Las Vegas, NV",11298,DFW,"Dallas/Fort Worth, TX",0715,0709,0,0,0700-0759,1202,1147,0,1200-1259,0,,167,158,1055,5,,,,,,
6,9,7,9E,N292PQ,3481,12478,JFK,"New York, NY",14492,RDU,"Raleigh/Durham, NC",2100,2221,81,1,2100-2159,2311,0047,96,2300-2359,0,,131,146,427,2,0,0,15,0,81,
6,13,4,UA,N820UA,1247,12266,IAH,"Houston, TX",14683,SAT,"San Antonio, TX",2145,2142,0,0,2100-2159,2243,2258,15,2200-2259,0,,58,76,191,1,0,0,15,0,0,
6,24,1,UA,N68842,1626,14771,SFO,"San Francisco, CA",11066,CMH,"Columbus, OH",2252,2245,0,0,2200-2259,0630,0616,0,0600-0659,0,,278,271,2120,9,,,,,,
6,3,1,WN,N472WN,664,10397,ATL,"Atlanta, GA",12191,HOU,"Houston, TX",1655,1652,0,0,1600-1659,1815,1753,0,1800-1859,0,,140,121,696,3,,,,,,
6,12,3,9E,N302PQ,3376,12953,LGA,"New York, NY",11996,GSP,"Greer, SC",1021,1208,107,1,1000-1059,1235,1422,107,1200-1259,0,,134,134,610,3,0,0,0,0,107,
6,28,5,OH,N241PS,5644,11146,CRW,"Charleston/Dunbar, WV",11057,CLT,"Charlotte, NC",0928,0950,22,1,0900-0959,1045,1059,14,1000-1059,0,,77,69,221,1,,,,,,
6,30,7,YX,N729YX,3740,13930,ORD,"Chicago, IL",12451,JAX,"Jacksonville, FL",1806,,,,1800-1859,2149,,,2100-2159,1,C,163,,864,4,,,,,,
6,21,5,WN,N8524Z,736,14843,SJU,"San Juan, PR",13204,MCO,"Orlando, FL",1125,1124,0,0,1100-1159,1425,1419,0,1400-1459,0,,180,175,1189,5,,,,,,
6,26,3,AS,N590AS,357,14771,SFO,"San Francisco, CA",14747,SEA,"Seattle, WA",1535,1527,0,0,1500-1559,1750,1730,0,1700-1759,0,,135,123,679,3,,,,,,
6,3,1,OH,N525AE,5579,11057,CLT,"Charlotte, NC",11641,FAY,"Fayetteville, NC",2004,2009,5,0,2000-2059,2052,2053,1,2000-2059,0,,48,44,118,1,,,,,,
6,22,6,OO,N906SW,4857,12007,GTR,"Columbus, MS",10397,ATL,"Atlanta, GA",0630,0630,0,0,0600-0659,0856,0832,0,0800-0859,0,,86,62,241,1,,,,,,
6,12,3,AA,N927UW,639,11057,CLT,"Charlotte, NC",14679,SAN,"San Diego, CA",0959,0956,0,0,0900-0959,1154,1159,5,1100-1159,0,,295,303,2077,9,,,,,,
6,4,2,OO,N751SK,3043,14489,RDM,"Bend/Redmond, OR",14107,PHX,"Phoenix, AZ",1127,1121,0,0,1100-1159,1350,1350,0,1300-1359,0,,143,149,893,4,,,,,,
6,14,5,HA,N390HA,12,12173,HNL,"Honolulu, HI",14771,SFO,"San Francisco, CA",1315,1323,8,0,1300-1359,2130,2140,10,2100-2159,0,,315,317,2398,10,,,,,,
6,26,3,YV,N930LR,5984,10279,AMA,"Amarillo, TX",11298,DFW,"Dallas/Fort Worth, TX",1648,1639,0,0,1600-1659,1800,1744,0,1800-1859,0,,72,65,312,2,,,,,,
6,25,2,WN,N8678E,519,13204,MCO,"Orlando, FL",14843,SJU,"San Juan, PR",0950,0954,4,0,0900-0959,1235,1242,7,1200-1259,0,,165,168,1189,5,,,,,,
6,14,5,DL,N974AT,1949,14869,SLC,"Salt Lake City, UT",14908,SNA,"Santa Ana, CA",0832,0824,0,0,0800-0859,0929,0914,0,0900-0959,0,,117,110,588,3,,,,,,
6,6,4,9E,N930XJ,5426,13487,MSP,"Minneapolis, MN",10529,BDL,"Hartford, CT",0900,0857,0,0,0900-0959,1241,1230,0,1200-1259,0,,161,153,1050,5,,,,,,
6,7,5,WN,N451WN,1384,12191,HOU,"Houston, TX",10140,ABQ,"Albuquerque, NM",2205,2211,6,0,2200-2259,2320,2313,0,2300-2359,0,,135,122,759,4,,,,,,
6,7,5,OH,N595NN,5038,12264,IAD,"Washington, DC",11057,CLT,"Charlotte, NC",1515,1516,1,0,1500-1559,1654,1641,0,1600-1659,0,,99,85,322,2,,,,,,
6,21,5,OO,N710SK,3183,11695,FLG,"Flagstaff, AZ",14107,PHX,"Phoenix, AZ",1515,1507,0,0,1500-1559,1615,1552,0,1600-1659,0,,60,45,119,1,,,,,,
6,13,4,MQ,N272NN,3301,11298,DFW,"Dallas/Fort Worth, TX",10781,BTR,"Baton Rouge, LA",2215,2214,0,0,2200-2259,2337,2329,0,2300-2359,0,,82,75,383,2,,,,,,
6,9,7,G4,322NV,2254,14761,SFB,"Sanford, FL",14524,RIC,"Richmond, VA",1901,2116,135,1,1900-1959,2053,2314,141,2000-2059,0,,112,118,643,3,0,0,6,0,135,
6,4,2,WN,N8604K,1913,13232,MDW,"Chicago, IL",13871,OMA,"Omaha, NE",1910,1913,3,0,1900-1959,2035,2029,0,2000-2059,0,,85,76,423,2,,,,,,
6,5,3,9E,N8974C,5343,11203,CWA,"Mosinee, WI",13487,MSP,"Minneapolis, MN",1550,1544,0,0,1500-1559,1702,1639,0,1700-1759,0,,72,55,175,1,,,,,,
6,24,1,AS,N361VA,1674,14747,SEA,"Seattle, WA",11292,DEN,"Denver, CO",1150,1147,0,0,1100-1159,1535,1521,0,1500-1559,0,,165,154,1024,5,,,,,,
6,12,3,AA,N940NN,2035,14107,PHX,"Phoenix, AZ",14908,SNA,"Santa Ana, CA",1333,1328,0,0,1300-1359,1450,1444,0,1400-1459,0,,77,76,338,2,,,,,,
6,24,1,B6,N834JB,675,12478,JFK,"New York, NY",13495,MSY,"New Orleans, LA",0649,0641,0,0,0600-0659,0855,0837,0,0800-0859,0,,186,176,1182,5,,,,,,
6,19,3,9E,N133EV,3323,13367,MLI,"Moline, IL",10397,ATL,"Atlanta, GA",1810,1952,102,1,1800-1859,2114,2245,91,2100-2159,0,,124,113,633,3,0,0,0,0,91,
6,30,7,WN,N785SW,2759,12278,ICT,"Wichita, KS",15016,STL,"St. Louis, MO",1735,1808,33,1,1700-1759,1850,1920,30,1800-1859,0,,75,72,392,2,0,0,0,0,30,
6,12,3,OO,N794SK,5609,12266,IAH,"Houston, TX",10140,ABQ,"Albuquerque, NM",1205,1201,0,0,1200-1259,1313,1307,0,1300-1359,0,,128,126,744,3,,,,,,
6,7,5,EV,N12564,4077,12992,LIT,"Little Rock, AR",12266,IAH,"Houston, TX",1200,1212,12,0,1200-1259,1331,1342,11,1300-1359,0,,91,90,374,2,,,,,,
6,10,1,MQ,N856AE,3963,11298,DFW,"Dallas/Fort Worth, TX",12206,HRL,"Harlingen/San Benito, TX",0854,0848,0,0,0800-0859,1032,1032,0,1000-1059,0,,98,104,461,2,,,,,,
6,21,5,AA,N935AN,2604,10849,BZN,"Bozeman, MT",11298,DFW,"Dallas/Fort Worth, TX",1152,1143,0,0,1100-1159,1552,1556,4,1500-1559,0,,180,193,1163,5,,,,,,
6,14,5,DL,N861DN,345,14635,RSW,"Fort Myers, FL",10397,ATL,"Atlanta, GA",0705,0659,0,0,0700-0759,0851,0838,0,0800-0859,0,,106,99,515,3,,,,,,
6,6,4,YV,N244LR,5883,14730,SDF,"Louisville, KY",11298,DFW,"Dallas/Fort Worth, TX",2014,2008,0,0,2000-2059,2127,2137,10,2100-2159,0,,133,149,733,3,,,,,,
6,24,1,WN,N768SW,359,14057,PDX,"Portland, OR",13796,OAK,"Oakland, CA",0525,0522,0,0,0001-0559,0710,0658,0,0700-0759,0,,105,96,543,3,,,,,,
6,15,6,OO,N8968E,7369,14150,PLN,"Pellston, MI",11433,DTW,"Detroit, MI",0625,0616,0,0,0600-0659,0731,0720,0,0700-0759,0,,66,64,243,1,,,,,,
6,12,3,WN,N728SW,639,10397,ATL,"Atlanta, GA",14100,PHL,"Philadelphia, PA",1825,1834,9,0,1800-1859,2035,2024,0,2000-2059,0,,130,110,666,3,,,,,,
6,6,4,WN,N927WN,494,15304,TPA,"Tampa, FL",13495,MSY,"New Orleans, LA",0710,0704,0,0,0700-0759,0750,0744,0,0700-0759,0,,100,100,488,2,,,,,,
7,3,3,YX,N105HQ,4449,12339,IND,"Indianapolis, IN",14100,PHL,"Philadelphia, PA",1043,1039,0,0,1000-1059,1231,1235,4,1200-1259,0,,108,116,588,3,,,,,,
7,1,1,HA,N493HA,378,12173,HNL,"Honolulu, HI",12758,KOA,"Kona, HI",1600,1606,6,0,1600-1659,1649,1700,11,1600-1659,0,,49,54,163,1,,,,,,
7,30,2,B6,N585JB,495,12197,HPN,"White Plains, NY",13204,MCO,"Orlando, FL",1439,1435,0,0,1400-1459,1725,1715,0,1700-1759,0,,166,160,972,4,,,,,,
7,7,7,DL,N546US,1004,12892,LAX,"Los Angeles, CA",13487,MSP,"Minneapolis, MN",0730,0726,0,0,0700-0759,1256,1235,0,1200-1259,0,,206,189,1535,7,,,,,,
7,4,4,AA,N877NN,1213,13930,ORD,"Chicago, IL",14747,SEA,"Seattle, WA",1150,1148,0,0,1100-1159,1422,1358,0,1400-1459,0,,272,250,1721,7,,,,,,
7,14,7,OO,N927SW,5616,10800,BUR,"Burbank, CA",14771,SFO,"San Francisco, CA",2025,2012,0,0,2000-2059,2155,2132,0,2100-2159,0,,90,80,326,2,,,,,,
7,16,2,9E,N840AY,5443,10821,BWI,"Baltimore, MD",12478,JFK,"New York, NY",1240,1236,0,0,1200-1259,1359,1344,0,1300-1359,0,,79,68,184,1,,,,,,
7,4,4,YV,N954LR,5952,10599,BHM,"Birmingham, AL",11298,DFW,"Dallas/Fort Worth, TX",0930,0921,0,0,0900-0959,1130,1124,0,1100-1159,0,,120,123,597,3,,,,,,
7,19,5,9E,N302PQ,5048,11433,DTW,"Detroit, MI",10785,BTV,"Burlington, VT",2044,0031,227,1,2000-2059,2230,0208,218,2200-2259,0,,106,97,537,3,130,0,0,0,88,
7,10,3,WN,N262WN,1841,10721,BOS,"Boston, MA",10821,BWI,"Baltimore, MD",2100,2059,0,0,2100-2159,2235,2213,0,2200-2259,0,,95,74,369,2,,,,,,
7,20,6,OO,N771SK,3072,13930,ORD,"Chicago, IL",14633,RST,"Rochester, MN",2045,2139,54,1,2000-2059,2202,2247,45,2200-2259,0,,77,68,268,2,0,0,0,0,45,
7,3,3,YV,N953LR,5936,11298,DFW,"Dallas/Fort Worth, TX",12217,HSV,"Huntsville, AL",1834,1904,30,1,1800-1859,2021,2052,31,2000-2059,0,,107,108,603,3,0,0,1,0,30,
7,19,5,UA,N75410,480,12266,IAH,"Houston, TX",11697,FLL,"Fort Lauderdale, FL",1835,1832,0,0,1800-1859,2208,2155,0,2200-2259,0,,153,143,966,4,,,,,,
7,16,2,AA,N166NN,2314,11298,DFW,"Dallas/Fort Worth, TX",13204,MCO,"Orlando, FL",1253,1253,0,0,1200-1259,1638,1651,13,1600-1659,0,,165,178,985,4,,,,,,
7,14,7,WN,N411WN,5158,11259,DAL,"Dallas, TX",11433,DTW,"Detroit, MI",1115,1116,1,0,1100-1159,1450,1435,0,1400-1459,0,,155,139,981,4,,,,,,
7,17,3,B6,N947JB,333,10721,BOS,"Boston, MA",14771,SFO,"San Francisco, CA",2138,2331,113,1,2100-2159,0110,0233,83,0001-0559,0,,392,362,2704,11,18,0,0,0,65,
7,31,3,WN,N929WN,2198,10821,BWI,"Baltimore, MD",10423,AUS,"Austin, TX",0820,0816,0,0,0800-0859,1050,1028,0,1000-1059,0,,210,192,1342,6,,,,,,
7,24,3,WN,N731SA,642,12191,HOU,"Houston, TX",15304,TPA,"Tampa, FL",0955,0953,0,0,0900-0959,1305,1253,0,1300-1359,0,,130,120,781,4,,,,,,
7,4,4,WN,N7715E,1195,12889,LAS,"Las Vegas, NV",13796,OAK,"Oakland, CA",1120,1127,7,0,1100-1159,1250,1256,6,1200-1259,0,,90,89,407,2,,,,,,
7,24,3,AA,N967NN,1121,13930,ORD,"Chicago, IL",13204,MCO,"Orlando, FL",0920,0914,0,0,0900-0959,1303,1505,,1300-1359,0,,163,,1005,5,,,,,,
7,24,3,B6,N274JB,1338,12478,JFK,"New York, NY",13541,MVY,"Martha's Vineyard, MA",0812,0804,0,0,0800-0859,0925,0910,0,0900-0959,0,,73,66,173,1,,,,,,
7,17,3,AA,N139AN,2538,11298,DFW,"Dallas/Fort Worth, TX",13204,MCO,"Orlando, FL",0913,0906,0,0,0900-0959,1303,1234,0,1300-1359,0,,170,148,985,4,,,,,,
7,30,2,WN,N706SW,991,12191,HOU,"Houston, TX",12339,IND,"Indianapolis, IN",0815,0814,0,0,0800-0859,1135,1132,0,1100-1159,0,,140,138,861,4,,,,,,
7,23,2,OO,N692CA,3534,10620,BIL,"Billings, MT",13487,MSP,"Minneapolis, MN",1120,1113,0,0,1100-1159,1426,1416,0,1400-1459,0,,126,123,748,3,,,,,,
7,12,5,MQ,N820AE,3316,10155,ACT,"Waco, TX",11298,DFW,"Dallas/Fort Worth, TX",0510,0502,0,0,0001-0559,0604,0544,0,0600-0659,0,,54,42,89,1,,,,,,
7,8,1,WN,N250WN,2514,11292,DEN,"Denver, CO",10693,BNA,"Nashville, TN",1230,1226,0,0,1200-1259,1605,1544,0,1600-1659,0,,155,138,1014,5,,,,,,
7,30,2,AA,N181UW,327,14771,SFO,"San Francisco, CA",14100,PHL,"Philadelphia, PA",2050,2040,0,0,2000-2059,0520,0442,0,0001-0559,0,,330,302,2521,11,,,,,,
7,8,1,AS,N553AS,372,14057,PDX,"Portland, OR",10821,BWI,"Baltimore, MD",0805,0756,0,0,0800-0859,1610,1555,0,1600-1659,0,,305,299,2358,10,,,,,,
7,16,2,AS,N526VA,1974,14771,SFO,"San Francisco, CA",14679,SAN,"San Diego, CA",1830,1838,8,0,1800-1859,2010,2008,0,2000-2059,0,,100,90,447,2,,,,,,
7,23,2,DL,N360NW,1243,11298,DFW,"Dallas/Fort Worth, TX",10397,ATL,"Atlanta, GA",0935,0930,0,0,0900-0959,1246,1238,0,1200-1259,0,,131,128,731,3,,,,,,
7,24,3,DL,N367NW,578,14492,RDU,"Raleigh/Durham, NC",11433,DTW,"Detroit, MI",0600,0558,0,0,0600-0659,0749,0733,0,0700-0759,0,,109,95,501,3,,,,,,
7,8,1,DL,N838MH,1085,12478,JFK,"New York, NY",12892,LAX,"Los Angeles, CA",0959,1214,135,1,0900-0959,1310,1505,115,1300-1359,0,,371,351,2475,10,78,0,0,0,37,
7,22,1,OO,N876AS,5813,11292,DEN,"Denver, CO",13476,MRY,"Monterey, CA",1900,1922,22,1,1900-1959,2056,2055,0,2000-2059,0,,176,153,959,4,,,,,,
7,4,4,WN,N488WN,1568,13204,MCO,"Orlando, FL",11066,CMH,"Columbus, OH",1600,1554,0,0,1600-1659,1815,1802,0,1800-1859,0,,135,128,802,4,,,,,,
7,7,7,NK,N614NK,959,10529,BDL,"Hartford, CT",13204,MCO,"Orlando, FL",1907,,,,1900-1959,2157,,,2100-2159,1,C,170,,1050,5,,,,,,
7,19,5,MQ,N278NN,4128,12451,JAX,"Jacksonville, FL",13930,ORD,"Chicago, IL",0712,0708,0,0,0700-0759,0850,0847,0,0800-0859,0,,158,159,864,4,,,,,,
7,25,4,AA,N944UW,1192,14100,PHL,"Philadelphia, PA",12953,LGA,"New York, NY",1710,1715,5,0,1700-1759,1814,1758,0,1800-1859,0,,64,43,96,1,,,,,,
7,5,5,DL,N917DL,1422,10397,ATL,"Atlanta, GA",13244,MEM,"Memphis, TN",2053,2059,6,0,2000-2059,2114,2123,9,2100-2159,0,,81,84,332,2,,,,,,
7,18,4,WN,N8540V,6597,12191,HOU,"Houston, TX",13796,OAK,"Oakland, CA",1845,1858,13,0,1800-1859,2040,2039,0,2000-2059,0,,235,221,1642,7,,,,,,
7,30,2,WN,N456WN,955,10821,BWI,"Baltimore, MD",10257,ALB,"Albany, NY",1050,1052,2,0,1000-1059,1215,1153,0,1200-1259,0,,85,61,289,2,,,,,,
7,15,1,DL,N353DN,986,12478,JFK,"New York, NY",14869,SLC,"Salt Lake City, UT",0659,0658,0,0,0600-0659,1017,1007,0,1000-1059,0,,318,309,1990,8,,,,,,
7,23,2,OH,N586NN,5674,14685,SAV,"Savannah, GA",11057,CLT,"Charlotte, NC",0512,0505,0,0,0001-0559,0630,0630,0,0600-0659,0,,78,85,213,1,,,,,,
7,11,4,OO,N756SK,3031,13930,ORD,"Chicago, IL",11267,DAY,"Dayton, OH",1635,1703,28,1,1600-1659,1846,1905,19,1800-1859,0,,71,62,240,1,19,0,0,0,0,
7,4,4,B6,N588JB,1586,13204,MCO,"Orlando, FL",10792,BUF,"Buffalo, NY",1321,1757,276,1,1300-1359,1558,2033,275,1500-1559,0,,157,156,1011,5,0,69,0,0,206,
7,1,1,MQ,N236NN,3506,11298,DFW,"Dallas/Fort Worth, TX",11995,GSO,"Greensboro/High Point, NC",0730,0725,0,0,0700-0759,1118,1105,0,1100-1159,0,,168,160,999,4,,,,,,
7,9,2,WN,N929WN,2343,10821,BWI,"Baltimore, MD",14307,PVD,"Providence, RI",1115,1119,4,0,1100-1159,1235,1230,0,1200-1259,0,,80,71,327,2,,,,,,
7,25,4,B6,N368JB,718,12478,JFK,"New York, NY",10721,BOS,"Boston, MA",2320,2320,0,0,2300-2359,0040,0019,0,0001-0559,0,,80,59,187,1,,,,,,
7,12,5,WN,N920WN,1096,14730,SDF,"Louisville, KY",13232,MDW,"Chicago, IL",0625,0622,0,0,0600-0659,0635,0626,0,0600-0659,0,,70,64,271,2,,,,,,
7,20,6,AA,N207UW,603,14107,PHX,"Phoenix, AZ",12758,KOA,"Kona, HI",1515,1512,0,0,1500-1559,1833,1817,0,1800-1859,0,,378,365,2860,11,,,,,,
7,29,1,DL,N316NB,818,15016,STL,"St. Louis, MO",14869,SLC,"Salt Lake City, UT",0700,0650,0,0,0700-0759,0910,0911,1,0900-0959,0,,190,201,1156,5,,,,,,
7,23,2,OO,N722EV,3031,11267,DAY,"Dayton, OH",13930,ORD,"Chicago, IL",1916,1934,18,1,1900-1959,1940,1957,17,1900-1959,0,,84,83,240,1,0,0,0,0,17,
7,23,2,OH,N564NN,5125,12323,ILM,"Wilmington, NC",11057,CLT,"Charlotte, NC",1600,,,,1600-1659,1714,,,1700-1759,1,B,74,,185,1,,,,,,
7,24,3,MQ,N681AE,4197,15048,SUX,"Sioux City, IA",13930,ORD,"Chicago, IL",1545,1608,23,1,1500-1559,1734,1742,8,1700-1759,0,,109,94,436,2,,,,,,
7,15,1,DL,N675DL,3026,13487,MSP,"Minneapolis, MN",13204,MCO,"Orlando, FL",0915,0928,13,0,0900-0959,1330,1328,0,1300-1359,0,,195,180,1310,6,,,,,,
7,28,7,WN,N8664J,3805,14893,SMF,"Sacramento, CA",14747,SEA,"Seattle, WA",0805,0821,16,1,0800-0859,1000,0956,0,1000-1059,0,,115,95,605,3,,,,,,
7,8,1,OO,N177SY,3409,11259,DAL,"Dallas, TX",14771,SFO,"San Francisco, CA",1615,1619,4,0,1600-1659,1800,1815,15,1800-1859,0,,225,236,1476,6,0,0,15,0,0,
7,22,1,AS,N644AS,73,12523,JNU,"Juneau, AK",10299,ANC,"Anchorage, AK",0725,0715,0,0,0700-0759,0905,0846,0,0900-0959,0,,100,91,571,3,,,,,,
7,18,4,YV,N89315,6144,12266,IAH,"Houston, TX",11057,CLT,"Charlotte, NC",0730,0739,9,0,0700-0759,1058,1105,7,1000-1059,0,,148,146,912,4,,,,,,
7,5,5,UA,N73275,1123,12266,IAH,"Houston, TX",15024,STT,"Charlotte Amalie, VI",0955,0954,0,0,0900-0959,1540,1537,0,1500-1559,0,,285,283,2070,9,,,,,,
7,22,1,WN,N210WN,121,12451,JAX,"Jacksonville, FL",10821,BWI,"Baltimore, MD",1525,1524,0,0,1500-1559,1720,1711,0,1700-1759,0,,115,107,663,3,,,,,,
7,13,6,WN,N7719A,3779,10821,BWI,"Baltimore, MD",10529,BDL,"Hartford, CT",1645,1642,0,0,1600-1659,1800,1738,0,1800-1859,0,,75,56,283,2,,,,,,
7,29,1,OO,N548CA,3732,13487,MSP,"Minneapolis, MN",14122,PIT,"Pittsburgh, PA",1515,1520,5,0,1500-1559,1821,1813,0,1800-1859,0,,126,113,726,3,,,,,,
7,16,2,YX,N216JQ,5881,12339,IND,"Indianapolis, IN",12953,LGA,"New York, NY",1114,1117,3,0,1100-1159,1319,1307,0,1300-1359,0,,125,110,660,3,,,,,,
7,1,1,AA,N9617R,2935,11298,DFW,"Dallas/Fort Worth, TX",13256,MFE,"Mission/McAllen/Edinburg, TX",1931,2012,41,1,1900-1959,2100,2136,36,2100-2159,0,,89,84,469,2,34,0,0,0,2,
7,26,5,AA,N843NN,322,13303,MIA,"Miami, FL",11618,EWR,"Newark, NJ",1945,2240,175,1,1900-1959,2247,0135,168,2200-2259,0,,182,175,1085,5,0,104,0,0,64,
7,26,5,MQ,N852AE,3628,11298,DFW,"Dallas/Fort Worth, TX",12915,LCH,"Lake Charles, LA",1441,1436,0,0,1400-1459,1558,1554,0,1500-1559,0,,77,78,295,2,,,,,,
7,27,6,WN,N8538V,4099,13796,OAK,"Oakland, CA",12191,HOU,"Houston, TX",1600,1604,4,0,1600-1659,2150,2139,0,2100-2159,0,,230,215,1642,7,,,,,,
7,15,1,WN,N947WN,239,13204,MCO,"Orlando, FL",14683,SAT,"San Antonio, TX",0650,0655,5,0,0600-0659,0830,0829,0,0800-0859,0,,160,154,1041,5,,,,,,
7,11,4,WN,N456WN,960,12892,LAX,"Los Angeles, CA",15376,TUS,"Tucson, AZ",1710,1705,0,0,1700-1759,1840,1835,0,1800-1859,0,,90,90,451,2,,,,,,
7,26,5,DL,N988DL,2614,10397,ATL,"Atlanta, GA",14685,SAV,"Savannah, GA",2118,2125,7,0,2100-2159,2225,2220,0,2200-2259,0,,67,55,214,1,,,,,,
7,21,7,AA,N128AN,2459,11298,DFW,"Dallas/Fort Worth, TX",12892,LAX,"Los Angeles, CA",1445,1501,16,1,1400-1459,1558,1553,0,1500-1559,0,,193,172,1235,5,,,,,,
7,11,4,YX,N424YX,4650,10693,BNA,"Nashville, TN",12953,LGA,"New York, NY",0946,0941,0,0,0900-0959,1300,1308,8,1300-1359,0,,134,147,764,4,,,,,,
7,1,1,AA,N972AN,2338,14570,RNO,"Reno, NV",13930,ORD,"Chicago, IL",0744,0740,0,0,0700-0759,1342,1347,5,1300-1359,0,,238,247,1671,7,,,,,,
7,10,3,OO,N730SK,3192,13930,ORD,"Chicago, IL",15380,TVC,"Traverse City, MI",2055,2155,60,1,2000-2059,2304,0015,71,2300-2359,0,,69,80,224,1,0,0,11,0,60,
7,12,5,EV,N16976,4134,12266,IAH,"Houston, TX",15370,TUL,"Tulsa, OK",1832,1827,0,0,1800-1859,2000,2002,2,2000-2059,0,,88,95,429,2,,,,,,
7,12,5,HA,N487HA,140,13830,OGG,"Kahului, HI",12402,ITO,"Hilo, HI",0928,0923,0,0,0900-0959,1006,1002,0,1000-1059,0,,38,39,121,1,,,,,,
7,9,2,OH,N571NN,5298,14193,PNS,"Pensacola, FL",11057,CLT,"Charlotte, NC",1248,1326,38,1,1200-1259,1535,1605,30,1500-1559,0,,107,99,488,2,0,0,0,0,30,
7,6,6,DL,N359DN,1667,13303,MIA,"Miami, FL",10397,ATL,"Atlanta, GA",0815,0809,0,0,0800-0859,1007,0957,0,1000-1059,0,,112,108,594,3,,,,,,
7,11,4,WN,N7833A,2555,11292,DEN,"Denver, CO",15016,STL,"St. Louis, MO",1205,1200,0,0,1200-1259,1510,1501,0,1500-1559,0,,125,121,770,4,,,,,,
7,24,3,9E,N138EV,3409,12478,JFK,"New York, NY",11433,DTW,"Detroit, MI",1259,1414,75,1,1200-1259,1503,1607,64,1500-1559,0,,124,113,509,3,55,0,0,0,9,
7,9,2,WN,N8618N,5917,11292,DEN,"Denver, CO",11884,GEG,"Spokane, WA",2240,2243,3,0,2200-2259,2355,2351,0,2300-2359,0,,135,128,836,4,,,,,,
7,8,1,UA,N17126,2215,10299,ANC,"Anchorage, AK",12266,IAH,"Houston, TX",2045,2035,0,0,2000-2059,0630,0605,0,0600-0659,0,,405,390,3266,11,,,,,,
7,7,7,OO,N926EV,3703,13487,MSP,"Minneapolis, MN",11637,FAR,"Fargo, ND",0920,0919,0,0,0900-0959,1031,1025,0,1000-1059,0,,71,66,223,1,,,,,,
7,26,5,WN,N8575Z,2318,10821,BWI,"Baltimore, MD",13204,MCO,"Orlando, FL",1010,1014,4,0,1000-1059,1225,1223,0,1200-1259,0,,135,129,787,4,,,,,,
7,26,5,DL,N315NB,1574,12953,LGA,"New York, NY",14321,PWM,"Portland, ME",2155,2151,0,0,2100-2159,2310,2252,0,2300-2359,0,,75,61,269,2,,,,,,
7,13,6,DL,N668DN,2977,10397,ATL,"Atlanta, GA",10721,BOS,"Boston, MA",1355,1403,8,0,1300-1359,1627,1634,7,1600-1659,0,,152,151,946,4,,,,,,
7,2,2,OH,N603NN,5393,11057,CLT,"Charlotte, NC",14685,SAV,"Savannah, GA",1130,1126,0,0,1100-1159,1235,1239,4,1200-1259,0,,65,73,213,1,,,,,,
7,3,3,NK,N633NK,1071,13495,MSY,"New Orleans, LA",11292,DEN,"Denver, CO",0545,0542,0,0,0001-0559,0754,0726,0,0700-0759,0,,189,164,1062,5,,,,,,
7,7,7,OO,N776SK,2956,11298,DFW,"Dallas/Fort Worth, TX",11695,FLG,"Flagstaff, AZ",1121,1112,0,0,1100-1159,1158,1130,0,1100-1159,0,,157,138,853,4,,,,,,
7,28,7,AS,N471AS,778,14747,SEA,"Seattle, WA",12266,IAH,"Houston, TX",1810,1813,3,0,1800-1859,0035,0032,0,0001-0559,0,,265,259,1874,8,,,,,,
7,5,5,DL,N928DU,1601,13487,MSP,"Minneapolis, MN",10299,ANC,"Anchorage, AK",1745,1741,0,0,1700-1759,2033,2014,0,2000-2059,0,,348,333,2519,11,,,,,,
7,9,2,WN,N450WN,1658,15016,STL,"St. Louis, MO",10721,BOS,"Boston, MA",1640,1654,14,0,1600-1659,2010,2022,12,2000-2059,0,,150,148,1047,5,,,,,,
7,24,3,B6,N999JQ,283,12478,JFK,"New York, NY",13204,MCO,"Orlando, FL",1830,2042,132,1,1800-1859,2143,2333,110,2100-2159,0,,193,171,944,4,110,0,0,0,0,
7,6,6,DL,N951DN,1215,10397,ATL,"Atlanta, GA",13342,MKE,"Milwaukee, WI",1100,1055,0,0,1100-1159,1154,1148,0,1100-1159,0,,114,113,669,3,,,,,,
7,15,1,UA,N14731,1910,12264,IAD,"Washington, DC",12889,LAS,"Las Vegas, NV",1800,1755,0,0,1800-1859,1952,1941,0,1900-1959,0,,292,286,2065,9,,,,,,
7,31,3,DL,N904DL,1803,14492,RDU,"Raleigh/Durham, NC",10397,ATL,"Atlanta, GA",1344,1342,0,0,1300-1359,1519,1506,0,1500-1559,0,,95,84,356,2,,,,,,
7,3,3,EV,N13553,4015,12339,IND,"Indianapolis, IN",13930,ORD,"Chicago, IL",1655,1804,69,1,1600-1659,1710,1809,59,1700-1759,0,,75,65,177,1,0,0,0,0,59,
7,22,1,WN,N788SA,408,14027,PBI,"West Palm Beach/Palm Beach, FL",12391,ISP,"Islip, NY",1125,1120,0,0,1100-1159,1410,1348,0,1400-1459,0,,165,148,1052,5,,,,,,
7,23,2,NK,N686NK,103,10721,BOS,"Boston, MA",13577,MYR,"Myrtle Beach, SC",0505,0517,12,0,0001-0559,0710,0747,37,0700-0759,0,,125,150,738,3,12,0,25,0,0,
7,23,2,OO,N785SK,5690,10140,ABQ,"Albuquerque, NM",12266,IAH,"Houston, TX",1400,1355,0,0,1400-1459,1706,1709,3,1700-1759,0,,126,134,744,3,,,,,,
7,23,2,DL,N334NB,431,11433,DTW,"Detroit, MI",11278,DCA,"Washington, DC",1750,1746,0,0,1700-1759,1919,1920,1,1900-1959,0,,89,94,405,2,,,,,,
7,10,3,9E,N272PQ,5432,15919,XNA,"Fayetteville, AR",12953,LGA,"New York, NY",1709,1723,14,0,1700-1759,2115,2123,8,2100-2159,0,,186,180,1147,5,,,,,,
7,9,2,AA,N8009T,1237,11298,DFW,"Dallas/Fort Worth, TX",12441,JAC,"Jackson, WY",1750,1807,17,1,1700-1759,1940,1946,6,1900-1959,0,,170,159,1047,5,,,,,,
7,1,1,DL,N979AT,1311,11995,GSO,"Greensboro/High Point, NC",10397,ATL,"Atlanta, GA",1220,1220,0,0,1200-1259,1340,1331,0,1300-1359,0,,80,71,306,2,,,,,,
7,3,3,F9,N235FR,647,12953,LGA,"New York, NY",11193,CVG,"Cincinnati, OH",0920,0909,0,0,0900-0959,1145,1113,0,1100-1159,0,,145,124,585,3,,,,,,
7,20,6,OO,N403SY,3379,14893,SMF,"Sacramento, CA",14679,SAN,"San Diego, CA",1555,1547,0,0,1500-1559,1730,1719,0,1700-1759,0,,95,92,480,2,,,,,,
7,6,6,9E,N132EV,3348,10397,ATL,"Atlanta, GA",10781,BTR,"Baton Rouge, LA",1357,1352,0,0,1300-1359,1433,1413,0,1400-1459,0,,96,81,448,2,,,,,,
7,1,1,AA,N145AN,1263,11298,DFW,"Dallas/Fort Worth, TX",12953,LGA,"New York, NY",0726,0726,0,0,0700-0759,1200,1137,0,1200-1259,0,,214,191,1389,6,,,,,,
7,30,2,AA,N979TW,681,11298,DFW,"Dallas/Fort Worth, TX",13244,MEM,"Memphis, TN",1020,1026,6,0,1000-1059,1147,1202,15,1100-1159,0,,87,96,431,2,6,0,9,0,0,
7,30,2,9E,N8908D,5342,10821,BWI,"Baltimore, MD",14492,RDU,"Raleigh/Durham, NC",1600,1556,0,0,1600-1659,1716,1717,1,1700-1759,0,,76,81,255,2,,,,,,
7,3,3,WN,N954WN,2075,10397,ATL,"Atlanta, GA",14107,PHX,"Phoenix, AZ",0820,0820,0,0,0800-0859,0915,0913,0,0900-0959,0,,235,233,1587,7,,,,,,
7,31,3,AA,N108NN,76,12478,JFK,"New York, NY",14771,SFO,"San Francisco, CA",0700,0654,0,0,0700-0759,1018,1006,0,1000-1059,0,,378,372,2586,11,,,,,,
7,4,4,DL,N348DN,1131,12953,LGA,"New York, NY",11697,FLL,"Fort Lauderdale, FL",1131,1133,2,0,1100-1159,1444,1429,0,1400-1459,0,,193,176,1076,5,,,,,,
7,10,3,OO,N280SY,3957,10868,CAE,"Columbia, SC",12953,LGA,"New York, NY",0600,0555,0,0,0600-0659,0755,0751,0,0700-0759,0,,115,116,617,3,,,,,,
7,8,1,DL,N902DN,2918,11433,DTW,"Detroit, MI",10821,BWI,"Baltimore, MD",2245,2243,0,0,2200-2259,0018,2359,0,0001-0559,0,,93,76,409,2,,,,,,
7,21,7,UA,N463UA,1895,12266,IAH,"Houston, TX",14107,PHX,"Phoenix, AZ",0935,0928,0,0,0900-0959,1015,1003,0,1000-1059,0,,160,155,1009,5,,,,,,
7,14,7,9E,N306PQ,5164,14122,PIT,"Pittsburgh, PA",12478,JFK,"New York, NY",1000,0954,0,0,1000-1059,1130,1112,0,1100-1159,0,,90,78,340,2,,,,,,
7,7,7,NK,N618NK,478,11697,FLL,"Fort Lauderdale, FL",13930,ORD,"Chicago, IL",0825,0817,0,0,0800-0859,1046,1030,0,1000-1059,0,,201,193,1182,5,,,,,,
7,15,1,WN,N563WN,1898,13891,ONT,"Ontario, CA",14893,SMF,"Sacramento, CA",1145,1143,0,0,1100-1159,1305,1254,0,1300-1359,0,,80,71,390,2,,,,,,
7,3,3,WN,N733SA,975,14831,SJC,"San Jose, CA",10800,BUR,"Burbank, CA",1855,1854,0,0,1800-1859,2000,1955,0,2000-2059,0,,65,61,296,2,,,,,,
7,7,7,YX,N124HQ,4668,14100,PHL,"Philadelphia, PA",15016,STL,"St. Louis, MO",0815,0815,0,0,0800-0859,0951,0934,0,0900-0959,0,,156,139,814,4,,,,,,
7,3,3,WN,N747SA,2066,14107,PHX,"Phoenix, AZ",12892,LAX,"Los Angeles, CA",0900,1001,61,1,0900-0959,1040,1126,46,1000-1059,0,,100,85,370,2,46,0,0,0,0,
7,1,1,WN,N8539V,1531,14771,SFO,"San Francisco, CA",12889,LAS,"Las Vegas, NV",0835,0830,0,0,0800-0859,1015,0959,0,1000-1059,0,,100,89,414,2,,,,,,
7,7,7,DL,N897DN,2658,12892,LAX,"Los Angeles, CA",14869,SLC,"Salt Lake City, UT",0955,0947,0,0,0900-0959,1244,1226,0,1200-1259,0,,109,99,590,3,,,,,,
7,21,7,AA,N203UW,694,14107,PHX,"Phoenix, AZ",12173,HNL,"Honolulu, HI",1425,1422,0,0,1400-1459,1800,1744,0,1800-1859,0,,395,382,2917,11,,,,,,
7,23,2,NK,N665NK,832,12266,IAH,"Houston, TX",13204,MCO,"Orlando, FL",1335,1429,54,1,1300-1359,1704,1758,54,1700-1759,0,,149,149,854,4,0,0,0,0,54,
7,22,1,AS,N644AS,73,14828,SIT,"Sitka, AK",12523,JNU,"Juneau, AK",0600,0558,0,0,0600-0659,0640,0634,0,0600-0659,0,,40,36,95,1,,,,,,
7,25,4,UA,N840UA,2280,12266,IAH,"Houston, TX",14893,SMF,"Sacramento, CA",1820,1815,0,0,1800-1859,2014,2006,0,2000-2059,0,,234,231,1609,7,,,,,,
7,25,4,OO,N827SK,3885,14122,PIT,"Pittsburgh, PA",11433,DTW,"Detroit, MI",1545,1543,0,0,1500-1559,1700,1642,0,1700-1759,0,,75,59,201,1,,,,,,
7,31,3,DL,N899AT,2212,10397,ATL,"Atlanta, GA",11618,EWR,"Newark, NJ",1205,1335,90,1,1200-1259,1421,1537,76,1400-1459,0,,136,122,746,3,0,0,76,0,0,
7,23,2,AA,N162AA,1159,13303,MIA,"Miami, FL",13930,ORD,"Chicago, IL",1645,1859,134,1,1600-1659,1922,2104,102,1900-1959,0,,217,185,1197,5,0,102,0,0,0,
7,11,4,DL,N394DA,2607,15304,TPA,"Tampa, FL",10397,ATL,"Atlanta, GA",1045,1038,0,0,1000-1059,1218,1206,0,1200-1259,0,,93,88,406,2,,,,,,
7,21,7,WN,N8534Z,5042,12191,HOU,"Houston, TX",11066,CMH,"Columbus, OH",1045,1043,0,0,1000-1059,1425,1411,0,1400-1459,0,,160,148,1001,5,,,,,,
7,11,4,DL,N912DN,1171,11298,DFW,"Dallas/Fort Worth, TX",10397,ATL,"Atlanta, GA",1420,1421,1,0,1400-1459,1734,1717,0,1700-1759,0,,134,116,731,3,,,,,,
7,8,1,AA,N355PU,2843,14893,SMF,"Sacramento, CA",13930,ORD,"Chicago, IL",0730,0727,0,0,0700-0759,1339,1318,0,1300-1359,0,,249,231,1781,8,,,,,,
7,1,1,MQ,N853AE,4192,10747,BRO,"Brownsville, TX",11298,DFW,"Dallas/Fort Worth, TX",1337,1331,0,0,1300-1359,1519,1509,0,1500-1559,0,,102,98,482,2,,,,,,
7,9,2,DL,N306DQ,699,10397,ATL,"Atlanta, GA",11973,GPT,"Gulfport/Biloxi, MS",1936,1942,6,0,1900-1959,2000,2011,11,2000-2059,0,,84,89,352,2,,,,,,
7,22,1,AA,N970UY,563,14100,PHL,"Philadelphia, PA",11057,CLT,"Charlotte, NC",0655,0815,80,1,0600-0659,0843,1000,77,0800-0859,0,,108,105,449,2,77,0,0,0,0,
7,6,6,AA,N814NN,310,12953,LGA,"New York, NY",13303,MIA,"Miami, FL",0600,0556,0,0,0600-0659,0859,0840,0,0800-0859,0,,179,164,1096,5,,,,,,
7,13,6,DL,N660DL,893,13204,MCO,"Orlando, FL",14869,SLC,"Salt Lake City, UT",0613,0611,0,0,0600-0659,0847,0845,0,0800-0859,0,,274,274,1931,8,,,,,,
7,12,5,AA,N573UW,2755,11298,DFW,"Dallas/Fort Worth, TX",14747,SEA,"Seattle, WA",1022,1021,0,0,1000-1059,1239,1216,0,1200-1259,0,,257,235,1660,7,,,,,,
7,1,1,DL,N863DN,1106,12892,LAX,"Los Angeles, CA",11433,DTW,"Detroit, MI",2230,2226,0,0,2200-2259,0551,0540,0,0001-0559,0,,261,254,1979,8,,,,,,
7,29,1,B6,N247JB,1551,10154,ACK,"Nantucket, MA",10721,BOS,"Boston, MA",1014,1011,0,0,1000-1059,1100,1101,1,1100-1159,0,,46,50,91,1,,,,,,
7,24,3,AA,N114UW,818,11057,CLT,"Charlotte, NC",12451,JAX,"Jacksonville, FL",2246,2255,9,0,2200-2259,0004,0007,3,0001-0559,0,,78,72,328,2,,,,,,
7,17,3,OO,N904EV,5076,12264,IAD,"Washington, DC",14025,PBG,"Plattsburgh, NY",1900,2006,66,1,1900-1959,2036,2141,65,2000-2059,0,,96,95,444,2,0,0,0,0,65,
7,1,1,MQ,N536EA,3999,13930,ORD,"Chicago, IL",11193,CVG,"Cincinnati, OH",1347,1349,2,0,1300-1359,1605,1616,11,1600-1659,0,,78,87,264,2,,,,,,
7,6,6,OO,N625CA,3522,13487,MSP,"Minneapolis, MN",13232,MDW,"Chicago, IL",1940,1937,0,0,1900-1959,2122,2103,0,2100-2159,0,,102,86,349,2,,,,,,
7,2,2,MQ,N613AE,3624,15295,TOL,"Toledo, OH",13930,ORD,"Chicago, IL",1727,1738,11,0,1700-1759,1747,1802,15,1700-1759,0,,80,84,213,1,0,0,5,0,10,
7,1,1,HA,N494HA,143,12173,HNL,"Honolulu, HI",12982,LIH,"Lihue, HI",0702,0656,0,0,0700-0759,0743,0732,0,0700-0759,0,,41,36,102,1,,,,,,
7,22,1,OO,N8923A,4853,10397,ATL,"Atlanta, GA",11146,CRW,"Charleston/Dunbar, WV",1456,1526,30,1,1400-1459,1624,1637,13,1600-1659,0,,88,71,363,2,,,,,,
7,27,6,WN,N8629A,5408,14107,PHX,"Phoenix, AZ",14747,SEA,"Seattle, WA",0855,0856,1,0,0800-0859,1205,1147,0,1200-1259,0,,190,171,1107,5,,,,,,
7,18,4,WN,N8321D,351,13830,OGG,"Kahului, HI",12173,HNL,"Honolulu, HI",1455,1505,10,0,1400-1459,1535,1543,8,1500-1559,0,,40,38,100,1,,,,,,
7,12,5,YV,N915FJ,5803,11298,DFW,"Dallas/Fort Worth, TX",13256,MFE,"Mission/McAllen/Edinburg, TX",1351,1415,24,1,1300-1359,1518,1538,20,1500-1559,0,,87,83,469,2,0,0,0,0,20,
7,9,2,WN,N713SW,2044,13796,OAK,"Oakland, CA",12889,LAS,"Las Vegas, NV",2115,2146,31,1,2100-2159,2245,2306,21,2200-2259,0,,90,80,407,2,21,0,0,0,0,
7,3,3,AS,N549AS,303,14771,SFO,"San Francisco, CA",14747,SEA,"Seattle, WA",0600,0553,0,0,0600-0659,0815,0815,0,0800-0859,0,,135,142,679,3,,,,,,
7,27,6,AA,N972NN,1293,13303,MIA,"Miami, FL",15027,STX,"Christiansted, VI",1205,1212,7,0,1200-1259,1454,1455,1,1400-1459,0,,169,163,1139,5,,,,,,
7,6,6,OH,N244PS,5019,11057,CLT,"Charlotte, NC",14730,SDF,"Louisville, KY",0720,0731,11,0,0700-0759,0843,0856,13,0800-0859,0,,83,85,335,2,,,,,,
7,15,1,UA,N75432,2209,14100,PHL,"Philadelphia, PA",13930,ORD,"Chicago, IL",1205,1233,28,1,1200-1259,1319,1323,4,1300-1359,0,,134,110,678,3,,,,,,
7,24,3,B6,N662JB,81,12478,JFK,"New York, NY",14570,RNO,"Reno, NV",1853,1911,18,1,1800-1859,2221,2204,0,2200-2259,0,,388,353,2411,10,,,,,,
7,18,4,G4,304NV,2353,12544,USA,"Concord, NC",14761,SFB,"Sanford, FL",2127,2127,0,0,2100-2159,2254,2256,2,2200-2259,0,,87,89,457,2,,,,,,
7,17,3,AA,N787AL,2567,13303,MIA,"Miami, FL",11298,DFW,"Dallas/Fort Worth, TX",1200,1414,134,1,1200-1259,1400,1550,110,1400-1459,0,,180,156,1121,5,109,0,0,0,1,
7,30,2,DL,N958AT,1011,10397,ATL,"Atlanta, GA",12264,IAD,"Washington, DC",2030,2025,0,0,2000-2059,2223,2206,0,2200-2259,0,,113,101,534,3,,,,,,
7,7,7,YX,N404YX,4640,10693,BNA,"Nashville, TN",14100,PHL,"Philadelphia, PA",0835,0842,7,0,0800-0859,1137,1137,0,1100-1159,0,,122,115,675,3,,,,,,
7,23,2,AA,N831NN,1109,10721,BOS,"Boston, MA",13930,ORD,"Chicago, IL",1907,1902,0,0,1900-1959,2110,2043,0,2100-2159,0,,183,161,867,4,,,,,,
7,14,7,UA,N75425,1544,14100,PHL,"Philadelphia, PA",13930,ORD,"Chicago, IL",1335,1334,0,0,1300-1359,1448,1442,0,1400-1459,0,,133,128,678,3,,,,,,
7,25,4,UA,N844UA,2039,13930,ORD,"Chicago, IL",14570,RNO,"Reno, NV",1605,1837,152,1,1600-1659,1821,2047,146,1800-1859,0,,256,250,1671,7,14,0,0,0,132,
7,22,1,WN,N550WN,162,13232,MDW,"Chicago, IL",10693,BNA,"Nashville, TN",1335,1329,0,0,1300-1359,1500,1532,32,1500-1559,0,,85,123,395,2,0,0,32,0,0,
7,24,3,AA,N972NN,1553,13930,ORD,"Chicago, IL",14908,SNA,"Santa Ana, CA",1205,1206,1,0,1200-1259,1420,1417,0,1400-1459,0,,255,251,1726,7,,,,,,
7,5,5,WN,N7851A,2766,14679,SAN,"San Diego, CA",14747,SEA,"Seattle, WA",0735,0732,0,0,0700-0759,1030,1037,7,1000-1059,0,,175,185,1050,5,,,,,,
7,10,3,WN,N8618N,6622,13487,MSP,"Minneapolis, MN",10821,BWI,"Baltimore, MD",1820,1815,0,0,1800-1859,2145,2135,0,2100-2159,0,,145,140,936,4,,,,,,
7,20,6,WN,N8542Z,1255,14843,SJU,"San Juan, PR",11697,FLL,"Fort Lauderdale, FL",1430,1454,24,1,1400-1459,1720,1741,21,1700-1759,0,,170,167,1046,5,0,0,0,0,21,
7,19,5,OO,N907SW,3756,11308,DHN,"Dothan, AL",10397,ATL,"Atlanta, GA",0530,0525,0,0,0001-0559,0735,0736,1,0700-0759,0,,65,71,170,1,,,,,,
7,14,7,YV,N87353,6101,13931,ORF,"Norfolk, VA",12266,IAH,"Houston, TX",1645,1642,0,0,1600-1659,1851,1840,0,1800-1859,0,,186,178,1201,5,,,,,,
7,9,2,G4,250NV,907,14574,ROA,"Roanoke, VA",14112,PIE,"St. Petersburg, FL",1026,1026,0,0,1000-1059,1218,1338,80,1200-1259,0,,112,192,668,3,0,80,0,0,0,
7,10,3,OH,N530EA,5645,11042,CLE,"Cleveland, OH",11278,DCA,"Washington, DC",1249,1714,265,1,1200-1259,1418,1825,247,1400-1459,0,,89,71,310,2,0,0,0,1,246,
7,6,6,OO,N934SW,5574,14771,SFO,"San Francisco, CA",14262,PSP,"Palm Springs, CA",1735,1727,0,0,1700-1759,1906,1854,0,1900-1959,0,,91,87,421,2,,,,,,
7,18,4,YX,N213JQ,5868,14730,SDF,"Louisville, KY",12953,LGA,"New York, NY",1750,1810,20,1,1700-1759,2010,2023,13,2000-2059,0,,140,133,659,3,,,,,,
7,6,6,AS,N565AS,3,11278,DCA,"Washington, DC",14747,SEA,"Seattle, WA",1855,1859,4,0,1800-1859,2155,2254,59,2100-2159,0,,360,415,2329,10,0,0,59,0,0,
7,21,7,AA,N524UW,788,11057,CLT,"Charlotte, NC",13204,MCO,"Orlando, FL",0819,0818,0,0,0800-0859,1005,0943,0,1000-1059,0,,106,85,468,2,,,,,,
7,5,5,UA,N36472,1753,11618,EWR,"Newark, NJ",12889,LAS,"Las Vegas, NV",0630,0626,0,0,0600-0659,0844,0823,0,0800-0859,0,,314,297,2227,9,,,,,,
7,24,3,WN,N8671D,2399,14869,SLC,"Salt Lake City, UT",11292,DEN,"Denver, CO",1225,1229,4,0,1200-1259,1345,1343,0,1300-1359,0,,80,74,391,2,,,,,,
7,19,5,WN,N433LV,480,12889,LAS,"Las Vegas, NV",10800,BUR,"Burbank, CA",1830,1854,24,1,1800-1859,1935,1949,14,1900-1959,0,,65,55,223,1,,,,,,
7,30,2,OO,N703SK,2964,12266,IAH,"Houston, TX",14107,PHX,"Phoenix, AZ",1500,1452,0,0,1500-1559,1548,1539,0,1500-1559,0,,168,167,1009,5,,,,,,
7,23,2,WN,N7731A,152,13232,MDW,"Chicago, IL",11433,DTW,"Detroit, MI",1710,1837,87,1,1700-1759,1920,2048,88,1900-1959,0,,70,71,228,1,0,0,88,0,0,
7,23,2,DL,N873DN,2095,10397,ATL,"Atlanta, GA",13931,ORF,"Norfolk, VA",2243,2240,0,0,2200-2259,0028,0023,0,0001-0559,0,,105,103,516,3,,,,,,
7,28,7,WN,N278WN,2100,13204,MCO,"Orlando, FL",13495,MSY,"New Orleans, LA",1205,,,,1200-1259,1250,,,1200-1259,1,A,105,,551,3,,,,,,
7,25,4,OO,N292SY,4758,15370,TUL,"Tulsa, OK",14869,SLC,"Salt Lake City, UT",1803,1758,0,0,1800-1859,1945,1940,0,1900-1959,0,,162,162,926,4,,,,,,
7,13,6,AA,N998NN,2649,12889,LAS,"Las Vegas, NV",11298,DFW,"Dallas/Fort Worth, TX",1048,1046,0,0,1000-1059,1539,1524,0,1500-1559,0,,171,158,1055,5,,,,,,
7,9,2,YX,N113HQ,4580,14321,PWM,"Portland, ME",11278,DCA,"Washington, DC",1710,1707,0,0,1700-1759,1900,1900,0,1900-1959,0,,110,113,482,2,,,,,,
7,4,4,WN,N8322X,321,14831,SJC,"San Jose, CA",13830,OGG,"Kahului, HI",0940,1029,49,1,0900-0959,1200,1251,51,1200-1259,0,,320,322,2355,10,49,0,2,0,0,
7,25,4,AA,N138AN,2202,12892,LAX,"Los Angeles, CA",10693,BNA,"Nashville, TN",1321,1437,76,1,1300-1359,1929,2054,85,1900-1959,0,,248,257,1797,8,76,0,9,0,0,
7,9,2,DL,N916DL,1039,10874,CAK,"Akron, OH",10397,ATL,"Atlanta, GA",0600,0555,0,0,0600-0659,0740,0726,0,0700-0759,0,,100,91,528,3,,,,,,
7,25,4,UA,N430UA,2146,12266,IAH,"Houston, TX",13303,MIA,"Miami, FL",2000,2001,1,0,2000-2059,2328,2319,0,2300-2359,0,,148,138,964,4,,,,,,
7,29,1,MQ,N281NN,4241,11298,DFW,"Dallas/Fort Worth, TX",11982,GRK,"Killeen, TX",1020,1016,0,0,1000-1059,1110,1054,0,1100-1159,0,,50,38,134,1,,,,,,
7,12,5,AA,N656AW,1708,11057,CLT,"Charlotte, NC",14307,PVD,"Providence, RI",1500,1613,73,1,1500-1559,1707,1804,57,1700-1759,0,,127,111,683,3,57,0,0,0,0,
7,2,2,AA,N561UW,563,14100,PHL,"Philadelphia, PA",11057,CLT,"Charlotte, NC",0655,0650,0,0,0600-0659,0842,0830,0,0800-0859,0,,107,100,449,2,,,,,,
7,19,5,B6,N547JB,147,13796,OAK,"Oakland, CA",12954,LGB,"Long Beach, CA",1058,1215,77,1,1000-1059,1217,1329,72,1200-1259,0,,79,74,353,2,2,0,0,0,70,
7,3,3,UA,N840UA,2269,11292,DEN,"Denver, CO",14492,RDU,"Raleigh/Durham, NC",1050,1049,0,0,1000-1059,1610,1602,0,1600-1659,0,,200,193,1436,6,,,,,,
7,15,1,UA,N801UA,1116,12264,IAD,"Washington, DC",14492,RDU,"Raleigh/Durham, NC",2215,2211,0,0,2200-2259,2321,2327,6,2300-2359,0,,66,76,224,1,,,,,,
7,1,1,WN,N8628A,868,12892,LAX,"Los Angeles, CA",12889,LAS,"Las Vegas, NV",2140,2138,0,0,2100-2159,2250,2234,0,2200-2259,0,,70,56,236,1,,,,,,
7,12,5,MQ,N670AE,3906,11111,COU,"Columbia, MO",13930,ORD,"Chicago, IL",1823,1915,52,1,1800-1859,1947,2025,38,1900-1959,0,,84,70,315,2,0,0,0,0,38,
7,28,7,YX,N136HQ,4568,12217,HSV,"Huntsville, AL",11278,DCA,"Washington, DC",0621,0613,0,0,0600-0659,0914,0850,0,0900-0959,0,,113,97,613,3,,,,,,
7,15,1,DL,N717TW,2686,12892,LAX,"Los Angeles, CA",12478,JFK,"New York, NY",1600,1601,1,0,1600-1659,0034,0013,0,0001-0559,0,,334,312,2475,10,,,,,,
7,24,3,AS,N293AK,524,10821,BWI,"Baltimore, MD",14747,SEA,"Seattle, WA",0700,0707,7,0,0700-0759,0945,1008,23,0900-0959,0,,345,361,2335,10,7,0,16,0,0,
7,4,4,WN,N8647A,1594,11278,DCA,"Washington, DC",13204,MCO,"Orlando, FL",1445,2046,361,1,1400-1459,1705,2250,345,1700-1759,0,,140,124,759,4,345,0,0,0,0,
7,3,3,DL,N951AT,1095,10397,ATL,"Atlanta, GA",10868,CAE,"Columbia, SC",1252,1309,17,1,1200-1259,1349,1407,18,1300-1359,0,,57,58,192,1,17,0,1,0,0,
7,14,7,B6,N348JB,392,15304,TPA,"Tampa, FL",10721,BOS,"Boston, MA",1925,1910,0,0,1900-1959,2230,2213,0,2200-2259,0,,185,183,1185,5,,,,,,
7,30,2,OO,N455SW,4485,11003,CID,"Cedar Rapids/Iowa City, IA",13487,MSP,"Minneapolis, MN",0929,0918,0,0,0900-0959,1045,1025,0,1000-1059,0,,76,67,220,1,,,,,,
7,9,2,DL,N398DA,2736,14747,SEA,"Seattle, WA",13930,ORD,"Chicago, IL",1025,1025,0,0,1000-1059,1637,1638,1,1600-1659,0,,252,253,1721,7,,,,,,
7,6,6,OO,N909SW,5669,14576,ROC,"Rochester, NY",12264,IAD,"Washington, DC",1500,1528,28,1,1500-1559,1616,1651,35,1600-1659,0,,76,83,288,2,0,0,7,0,28,
7,29,1,OH,N572NN,5404,11057,CLT,"Charlotte, NC",12323,ILM,"Wilmington, NC",1259,1252,0,0,1200-1259,1357,1348,0,1300-1359,0,,58,56,185,1,,,,,,
7,8,1,UA,N848UA,1407,11298,DFW,"Dallas/Fort Worth, TX",11292,DEN,"Denver, CO",1145,1138,0,0,1100-1159,1243,1236,0,1200-1259,0,,118,118,641,3,,,,,,
7,26,5,B6,N568JB,131,13204,MCO,"Orlando, FL",12892,LAX,"Los Angeles, CA",1251,1259,8,0,1200-1259,1507,1501,0,1500-1559,0,,316,302,2218,9,,,,,,
7,12,5,B6,N283JB,2101,10792,BUF,"Buffalo, NY",12478,JFK,"New York, NY",0825,0852,27,1,0800-0859,0954,1009,15,0900-0959,0,,89,77,301,2,0,0,0,0,15,
7,19,5,WN,N274WN,2269,10693,BNA,"Nashville, TN",10397,ATL,"Atlanta, GA",1910,1933,23,1,1900-1959,2110,2130,20,2100-2159,0,,60,57,214,1,20,0,0,0,0,
7,13,6,UA,N62849,1169,12266,IAH,"Houston, TX",12892,LAX,"Los Angeles, CA",0738,0731,0,0,0700-0759,0913,0848,0,0900-0959,0,,215,197,1379,6,,,,,,
7,23,2,OO,N440SW,3780,10397,ATL,"Atlanta, GA",15323,TRI,"Bristol/Johnson City/Kingsport, TN",1340,1337,0,0,1300-1359,1454,1429,0,1400-1459,0,,74,52,227,1,,,,,,
7,28,7,B6,N970JB,2883,12478,JFK,"New York, NY",13204,MCO,"Orlando, FL",0729,0727,0,0,0700-0759,1021,0951,0,1000-1059,0,,172,144,944,4,,,,,,
7,27,6,DL,N338NB,2499,14869,SLC,"Salt Lake City, UT",13487,MSP,"Minneapolis, MN",0848,0840,0,0,0800-0859,1213,1204,0,1200-1259,0,,145,144,991,4,,,,,,
7,4,4,DL,N688DL,1060,11433,DTW,"Detroit, MI",11697,FLL,"Fort Lauderdale, FL",1004,0957,0,0,1000-1059,1259,1245,0,1200-1259,0,,175,168,1127,5,,,,,,
7,23,2,OO,N284SY,4060,12953,LGA,"New York, NY",14524,RIC,"Richmond, VA",0830,0831,1,0,0800-0859,1013,1023,10,1000-1059,0,,103,112,292,2,,,,,,
7,14,7,DL,N823DN,559,10397,ATL,"Atlanta, GA",14843,SJU,"San Juan, PR",1001,1008,7,0,1000-1059,1335,1346,11,1300-1359,0,,214,218,1547,7,,,,,,
7,30,2,DL,N6712B,2685,12478,JFK,"New York, NY",14679,SAN,"San Diego, CA",1659,1744,45,1,1600-1659,2012,2041,29,2000-2059,0,,373,357,2446,10,11,0,0,0,18,
7,21,7,AS,N274AK,529,10800,BUR,"Burbank, CA",14747,SEA,"Seattle, WA",1405,1426,21,1,1400-1459,1645,1655,10,1600-1659,0,,160,149,937,4,,,,,,
7,3,3,NK,N603NK,452,13495,MSY,"New Orleans, LA",10397,ATL,"Atlanta, GA",0630,0627,0,0,0600-0659,0909,0852,0,0900-0959,0,,99,85,425,2,,,,,,
7,25,4,9E,N186PQ,5061,14122,PIT,"Pittsburgh, PA",14492,RDU,"Raleigh/Durham, NC",0839,0837,0,0,0800-0859,1011,0952,0,1000-1059,0,,92,75,328,2,,,,,,
7,3,3,DL,N194DN,1516,13204,MCO,"Orlando, FL",10397,ATL,"Atlanta, GA",1025,1030,5,0,1000-1059,1153,1147,0,1100-1159,0,,88,77,404,2,,,,,,
7,27,6,YX,N116HQ,4633,14100,PHL,"Philadelphia, PA",14576,ROC,"Rochester, NY",2135,2130,0,0,2100-2159,2257,2241,0,2200-2259,0,,82,71,257,2,,,,,,
7,11,4,OO,N173SY,3337,15023,STS,"Santa Rosa, CA",12892,LAX,"Los Angeles, CA",1720,1713,0,0,1700-1759,1900,1903,3,1900-1959,0,,100,110,400,2,,,,,,
7,6,6,HA,N490HA,378,12173,HNL,"Honolulu, HI",12758,KOA,"Kona, HI",1600,1613,13,0,1600-1659,1649,1656,7,1600-1659,0,,49,43,163,1,,,,,,
7,5,5,NK,N533NK,902,11298,DFW,"Dallas/Fort Worth, TX",13204,MCO,"Orlando, FL",1625,1623,0,0,1600-1659,2013,2021,8,2000-2059,0,,168,178,985,4,,,,,,
7,31,3,AS,N531AS,659,14107,PHX,"Phoenix, AZ",14057,PDX,"Portland, OR",1235,1225,0,0,1200-1259,1510,1454,0,1500-1559,0,,155,149,1009,5,,,,,,
7,29,1,OO,N268SY,4137,12892,LAX,"Los Angeles, CA",15376,TUS,"Tucson, AZ",1420,1420,0,0,1400-1459,1601,1606,5,1600-1659,0,,101,106,451,2,,,,,,
7,10,3,WN,N8553W,6004,11259,DAL,"Dallas, TX",10397,ATL,"Atlanta, GA",1450,1501,11,0,1400-1459,1755,1812,17,1700-1759,0,,125,131,721,3,11,0,6,0,0,
7,19,5,9E,N915XJ,5100,12478,JFK,"New York, NY",12451,JAX,"Jacksonville, FL",1943,2002,19,1,1900-1959,2243,2231,0,2200-2259,0,,180,149,828,4,,,,,,
7,2,2,UA,N39463,305,10529,BDL,"Hartford, CT",13930,ORD,"Chicago, IL",1000,0957,0,0,1000-1059,1129,1109,0,1100-1159,0,,149,132,783,4,,,,,,
7,13,6,9E,N8928A,5229,13541,MVY,"Martha's Vineyard, MA",12953,LGA,"New York, NY",1110,1112,2,0,1100-1159,1228,1228,0,1200-1259,0,,78,76,175,1,,,,,,
7,4,4,EV,N16987,4238,11618,EWR,"Newark, NJ",13931,ORF,"Norfolk, VA",1129,1126,0,0,1100-1159,1252,1244,0,1200-1259,0,,83,78,284,2,,,,,,
7,16,2,AA,N742PS,1320,11057,CLT,"Charlotte, NC",10721,BOS,"Boston, MA",1135,1154,19,1,1100-1159,1350,1356,6,1300-1359,0,,135,122,728,3,,,,,,
7,22,1,MQ,N279MQ,4204,15249,TLH,"Tallahassee, FL",11298,DFW,"Dallas/Fort Worth, TX",1807,1807,0,0,1800-1859,1926,1906,0,1900-1959,0,,139,119,767,4,,,,,,
7,4,4,B6,N274JB,1159,10721,BOS,"Boston, MA",14100,PHL,"Philadelphia, PA",1815,2010,115,1,1800-1859,1952,2128,96,1900-1959,0,,97,78,280,2,96,0,0,0,0,
7,7,7,UA,N62889,1961,14771,SFO,"San Francisco, CA",13930,ORD,"Chicago, IL",1250,1248,0,0,1200-1259,1916,1902,0,1900-1959,0,,266,254,1846,8,,,,,,
7,9,2,WN,N8698B,3053,13232,MDW,"Chicago, IL",10257,ALB,"Albany, NY",1350,1350,0,0,1300-1359,1640,1637,0,1600-1659,0,,110,107,717,3,,,,,,
7,16,2,DL,N922AT,3045,11433,DTW,"Detroit, MI",11057,CLT,"Charlotte, NC",1005,0959,0,0,1000-1059,1158,1137,0,1100-1159,0,,113,98,500,3,,,,,,
7,23,2,MQ,N653AE,3789,13930,ORD,"Chicago, IL",10821,BWI,"Baltimore, MD",0814,0811,0,0,0800-0859,1121,1116,0,1100-1159,0,,127,125,621,3,,,,,,
7,31,3,WN,N280WN,1087,11292,DEN,"Denver, CO",11433,DTW,"Detroit, MI",2000,2006,6,0,2000-2059,0040,0042,2,0001-0559,0,,160,156,1123,5,,,,,,
7,2,2,NK,N532NK,1652,12889,LAS,"Las Vegas, NV",10800,BUR,"Burbank, CA",1805,1755,0,0,1800-1859,1913,1906,0,1900-1959,0,,68,71,223,1,,,,,,
7,22,1,WN,N8639B,2319,13204,MCO,"Orlando, FL",10821,BWI,"Baltimore, MD",1215,1303,48,1,1200-1259,1430,1516,46,1400-1459,0,,135,133,787,4,0,0,46,0,0,
7,21,7,OH,N545PB,5253,11057,CLT,"Charlotte, NC",10599,BHM,"Birmingham, AL",1150,1142,0,0,1100-1159,1221,1158,0,1200-1259,0,,91,76,350,2,,,,,,
7,18,4,UA,N39726,104,12016,GUM,"Guam, TT",14955,SPN,"Saipan, TT",1650,1649,0,0,1600-1659,1731,1729,0,1700-1759,0,,41,40,129,1,,,,,,
7,25,4,AS,N528VA,1638,14057,PDX,"Portland, OR",12889,LAS,"Las Vegas, NV",0905,0852,0,0,0900-0959,1115,1101,0,1100-1159,0,,130,129,763,4,,,,,,
7,17,3,UA,N429UA,2183,13930,ORD,"Chicago, IL",11337,DLH,"Duluth, MN",2120,2116,0,0,2100-2159,2255,2237,0,2200-2259,0,,95,81,397,2,,,,,,
7,22,1,AS,N853VA,1219,10423,AUS,"Austin, TX",14771,SFO,"San Francisco, CA",0700,0651,0,0,0700-0759,0840,0900,20,0800-0859,0,,220,249,1504,7,0,0,20,0,0,
7,15,1,AA,N809AW,55,11298,DFW,"Dallas/Fort Worth, TX",13158,MAF,"Midland/Odessa, TX",2245,2238,0,0,2200-2259,2352,2347,0,2300-2359,0,,67,69,309,2,,,,,,
7,1,1,AA,N104UW,494,11057,CLT,"Charlotte, NC",14492,RDU,"Raleigh/Durham, NC",2235,2318,43,1,2200-2259,2330,0014,44,2300-2359,0,,55,56,130,1,0,0,1,0,43,
7,18,4,WN,N7752B,1305,13232,MDW,"Chicago, IL",10792,BUF,"Buffalo, NY",1830,1852,22,1,1800-1859,2100,2109,9,2100-2159,0,,90,77,468,2,,,,,,
7,26,5,DL,N980AT,2857,14747,SEA,"Seattle, WA",11292,DEN,"Denver, CO",1936,2029,53,1,1900-1959,2312,2351,39,2300-2359,0,,156,142,1024,5,39,0,0,0,0,
7,23,2,DL,N844DN,1894,14771,SFO,"San Francisco, CA",11193,CVG,"Cincinnati, OH",2132,2131,0,0,2100-2159,0500,0438,0,0001-0559,0,,268,247,2036,9,,,,,,
7,1,1,AA,N559UW,832,14107,PHX,"Phoenix, AZ",11057,CLT,"Charlotte, NC",0500,0457,0,0,0001-0559,1206,1202,0,1200-1259,0,,246,245,1773,8,,,,,,
7,24,3,UA,N62894,812,11292,DEN,"Denver, CO",11298,DFW,"Dallas/Fort Worth, TX",1050,1046,0,0,1000-1059,1346,1334,0,1300-1359,0,,116,108,641,3,,,,,,
7,29,1,WN,N227WN,2428,10792,BUF,"Buffalo, NY",10821,BWI,"Baltimore, MD",1105,1103,0,0,1100-1159,1220,1210,0,1200-1259,0,,75,67,281,2,,,,,,
7,23,2,OO,N276SY,3900,10994,CHS,"Charleston, SC",12953,LGA,"New York, NY",1825,2023,118,1,1800-1859,2034,2218,104,2000-2059,0,,129,115,641,3,0,0,0,0,104,
7,13,6,UA,N546UA,2239,14771,SFO,"San Francisco, CA",11618,EWR,"Newark, NJ",1315,1312,0,0,1300-1359,2204,2138,0,2200-2259,0,,349,326,2565,11,,,,,,
7,5,5,B6,N355JB,1552,10721,BOS,"Boston, MA",10154,ACK,"Nantucket, MA",1223,1219,0,0,1200-1259,1316,1306,0,1300-1359,0,,53,47,91,1,,,,,,
7,15,1,MQ,N535EA,3979,13930,ORD,"Chicago, IL",12945,LEX,"Lexington, KY",2200,2159,0,0,2200-2259,0016,0015,0,0001-0559,0,,76,76,323,2,,,,,,
7,29,1,9E,N929XJ,5171,10397,ATL,"Atlanta, GA",14783,SGF,"Springfield, MO",0959,1104,65,1,0900-0959,1052,1149,57,1000-1059,0,,113,105,563,3,57,0,0,0,0,
7,21,7,NK,N907NK,959,10529,BDL,"Hartford, CT",13204,MCO,"Orlando, FL",1907,,,,1900-1959,2157,,,2100-2159,1,A,170,,1050,5,,,,,,
7,23,2,EV,N11539,4104,13930,ORD,"Chicago, IL",14574,ROA,"Roanoke, VA",1800,1758,0,0,1800-1859,2102,2047,0,2100-2159,0,,122,109,530,3,,,,,,
7,23,2,AA,N205UW,685,11278,DCA,"Washington, DC",14107,PHX,"Phoenix, AZ",1707,1704,0,0,1700-1759,1906,1838,0,1900-1959,0,,299,274,1979,8,,,,,,
7,20,6,HA,N381HA,42,13830,OGG,"Kahului, HI",14771,SFO,"San Francisco, CA",1410,1409,0,0,1400-1459,2210,2307,57,2200-2259,0,,300,358,2338,10,57,0,0,0,0,
7,17,3,OO,N167SY,5889,14004,PAE,"Everett, WA",11292,DEN,"Denver, CO",0600,0555,0,0,0600-0659,0945,0924,0,0900-0959,0,,165,149,1036,5,,,,,,
7,3,3,OH,N245PS,5179,11057,CLT,"Charlotte, NC",11617,EWN,"New Bern/Morehead/Beaufort, NC",2044,2036,0,0,2000-2059,2150,2139,0,2100-2159,0,,66,63,221,1,,,,,,
7,15,1,WN,N929WN,2055,10423,AUS,"Austin, TX",10397,ATL,"Atlanta, GA",1820,1815,0,0,1800-1859,2140,2116,0,2100-2159,0,,140,121,813,4,,,,,,
7,6,6,YX,N728YX,3609,14122,PIT,"Pittsburgh, PA",11618,EWR,"Newark, NJ",0830,0822,0,0,0800-0859,0953,0938,0,0900-0959,0,,83,76,319,2,,,,,,
7,13,6,AA,N732US,2038,11057,CLT,"Charlotte, NC",14027,PBI,"West Palm Beach/Palm Beach, FL",2108,2116,8,0,2100-2159,2255,2255,0,2200-2259,0,,107,99,590,3,,,,,,
7,19,5,UA,N892UA,649,12953,LGA,"New York, NY",12266,IAH,"Houston, TX",1220,1219,0,0,1200-1259,1523,1456,0,1500-1559,0,,243,217,1416,6,,,,,,
7,6,6,DL,N353NW,2595,11278,DCA,"Washington, DC",10397,ATL,"Atlanta, GA",0700,0656,0,0,0700-0759,0849,0851,2,0800-0859,0,,109,115,547,3,,,,,,
7,13,6,OO,N144SY,5356,13487,MSP,"Minneapolis, MN",13930,ORD,"Chicago, IL",0850,0847,0,0,0800-0859,1027,1015,0,1000-1059,0,,97,88,334,2,,,,,,
7,7,7,DL,N902DN,887,10397,ATL,"Atlanta, GA",14057,PDX,"Portland, OR",1644,1652,8,0,1600-1659,1855,1848,0,1800-1859,0,,311,296,2172,9,,,,,,
7,30,2,DL,N3739P,2520,12892,LAX,"Los Angeles, CA",14492,RDU,"Raleigh/Durham, NC",2205,2243,38,1,2200-2259,0606,0629,23,0600-0659,0,,301,286,2239,9,5,0,0,0,18,
7,24,3,YX,N202JQ,6063,10721,BOS,"Boston, MA",12953,LGA,"New York, NY",1400,1358,0,0,1400-1459,1530,1513,0,1500-1559,0,,90,75,184,1,,,,,,
7,25,4,UA,N75410,2389,13204,MCO,"Orlando, FL",12264,IAD,"Washington, DC",1630,1623,0,0,1600-1659,1844,1813,0,1800-1859,0,,134,110,758,4,,,,,,
7,26,5,OH,N549NN,5058,11996,GSP,"Greer, SC",11057,CLT,"Charlotte, NC",0717,0716,0,0,0700-0759,0824,0820,0,0800-0859,0,,67,64,75,1,,,,,,
7,15,1,B6,N193JB,1159,10721,BOS,"Boston, MA",14100,PHL,"Philadelphia, PA",1815,1901,46,1,1800-1859,1952,2022,30,1900-1959,0,,97,81,280,2,30,0,0,0,0,
7,30,2,AA,N915US,1895,12889,LAS,"Las Vegas, NV",11057,CLT,"Charlotte, NC",1406,1443,37,1,1400-1459,2137,2158,21,2100-2159,0,,271,255,1916,8,21,0,0,0,0,
7,24,3,HA,N477HA,183,12173,HNL,"Honolulu, HI",12982,LIH,"Lihue, HI",0900,0857,0,0,0900-0959,0943,0938,0,0900-0959,0,,43,41,102,1,,,,,,
7,18,4,OO,N701SK,2954,15376,TUS,"Tucson, AZ",12892,LAX,"Los Angeles, CA",0600,0553,0,0,0600-0659,0740,0725,0,0700-0759,0,,100,92,451,2,,,,,,
7,5,5,WN,N8641B,3331,13232,MDW,"Chicago, IL",10693,BNA,"Nashville, TN",1205,1204,0,0,1200-1259,1325,1321,0,1300-1359,0,,80,77,395,2,,,,,,
7,1,1,YV,N511MJ,6189,11193,CVG,"Cincinnati, OH",12264,IAD,"Washington, DC",1455,1450,0,0,1400-1459,1625,1610,0,1600-1659,0,,90,80,388,2,,,,,,
7,26,5,YX,N647RW,3513,11278,DCA,"Washington, DC",12266,IAH,"Houston, TX",1100,1053,0,0,1100-1159,1313,1252,0,1300-1359,0,,193,179,1208,5,,,,,,
7,9,2,UA,N17752,795,10529,BDL,"Hartford, CT",13930,ORD,"Chicago, IL",0730,0723,0,0,0700-0759,0903,0858,0,0900-0959,0,,153,155,783,4,,,,,,
7,21,7,WN,N491WN,4915,10800,BUR,"Burbank, CA",14831,SJC,"San Jose, CA",1325,1322,0,0,1300-1359,1430,1424,0,1400-1459,0,,65,62,296,2,,,,,,
7,5,5,EV,N14542,4397,15412,TYS,"Knoxville, TN",13930,ORD,"Chicago, IL",0607,0559,0,0,0600-0659,0705,0638,0,0700-0759,0,,118,99,475,2,,,,,,
7,6,6,MQ,N253NN,3538,13930,ORD,"Chicago, IL",15096,SYR,"Syracuse, NY",1150,1301,71,1,1100-1159,1439,1619,100,1400-1459,0,,109,138,607,3,71,0,29,0,0,
7,5,5,DL,N318NB,1928,13487,MSP,"Minneapolis, MN",12003,GTF,"Great Falls, MT",1945,1942,0,0,1900-1959,2113,2056,0,2100-2159,0,,148,134,887,4,,,,,,
7,9,2,MQ,N230NN,3746,13930,ORD,"Chicago, IL",10994,CHS,"Charleston, SC",0856,0845,0,0,0800-0859,1219,1201,0,1200-1259,0,,143,136,760,4,,,,,,
7,28,7,MQ,N905JH,3721,11953,GNV,"Gainesville, FL",13303,MIA,"Miami, FL",1527,1609,42,1,1500-1559,1643,1743,60,1600-1659,0,,76,94,294,2,42,0,18,0,0,
7,21,7,DL,N949DL,2106,10397,ATL,"Atlanta, GA",13198,MCI,"Kansas City, MO",0810,0807,0,0,0800-0859,0916,0906,0,0900-0959,0,,126,119,692,3,,,,,,
7,2,2,AA,N680AW,2064,11057,CLT,"Charlotte, NC",11697,FLL,"Fort Lauderdale, FL",0730,0727,0,0,0700-0759,0928,0924,0,0900-0959,0,,118,117,632,3,,,,,,
7,9,2,YV,N86336,6027,12266,IAH,"Houston, TX",11423,DSM,"Des Moines, IA",1940,1940,0,0,1900-1959,2154,2152,0,2100-2159,0,,134,132,802,4,,,,,,
7,11,4,B6,N834JB,698,13204,MCO,"Orlando, FL",12953,LGA,"New York, NY",1911,,,,1900-1959,2157,,,2100-2159,1,B,166,,950,4,,,,,,
7,4,4,9E,N904XJ,3330,11953,GNV,"Gainesville, FL",10397,ATL,"Atlanta, GA",0600,0553,0,0,0600-0659,0715,0653,0,0700-0759,0,,75,60,300,2,,,,,,
7,9,2,WN,N8534Z,756,10693,BNA,"Nashville, TN",13204,MCO,"Orlando, FL",1520,1516,0,0,1500-1559,1805,1837,32,1800-1859,0,,105,141,616,3,0,0,32,0,0,
7,26,5,AA,N818AW,439,12323,ILM,"Wilmington, NC",11057,CLT,"Charlotte, NC",2009,2001,0,0,2000-2059,2119,2054,0,2100-2159,0,,70,53,185,1,,,,,,
7,3,3,WN,N7822A,4637,11292,DEN,"Denver, CO",12451,JAX,"Jacksonville, FL",1410,1432,22,1,1400-1459,1930,1953,23,1900-1959,0,,200,201,1447,6,13,0,1,0,9,
7,9,2,B6,N662JB,1990,14843,SJU,"San Juan, PR",11618,EWR,"Newark, NJ",0418,0438,20,1,0001-0559,0822,0846,24,0800-0859,0,,244,248,1608,7,0,0,4,0,20,
7,16,2,UA,N78509,691,14908,SNA,"Santa Ana, CA",11292,DEN,"Denver, CO",1130,1123,0,0,1100-1159,1445,1426,0,1400-1459,0,,135,123,846,4,,,,,,
7,7,7,WN,N7704B,2969,11066,CMH,"Columbus, OH",13232,MDW,"Chicago, IL",1700,1658,0,0,1700-1759,1710,1657,0,1700-1759,0,,70,59,283,2,,,,,,
7,14,7,UA,N24202,1106,14908,SNA,"Santa Ana, CA",12266,IAH,"Houston, TX",1014,1009,0,0,1000-1059,1533,1519,0,1500-1559,0,,199,190,1346,6,,,,,,
7,26,5,OO,N768SK,3223,13930,ORD,"Chicago, IL",13296,MHT,"Manchester, NH",1201,1206,5,0,1200-1259,1526,1528,2,1500-1559,0,,145,142,843,4,,,,,,
7,22,1,UA,N478UA,1950,11066,CMH,"Columbus, OH",11292,DEN,"Denver, CO",0720,0717,0,0,0700-0759,0825,0816,0,0800-0859,0,,185,179,1154,5,,,,,,
7,23,2,OO,N870AS,5252,11292,DEN,"Denver, CO",13486,MSO,"Missoula, MT",0756,0754,0,0,0700-0759,1003,1014,11,1000-1059,0,,127,140,679,3,,,,,,
7,19,5,AA,N655AW,486,14908,SNA,"Santa Ana, CA",14107,PHX,"Phoenix, AZ",0959,0957,0,0,0900-0959,1118,1107,0,1100-1159,0,,79,70,338,2,,,,,,
7,23,2,YV,N87360,6245,12266,IAH,"Houston, TX",11066,CMH,"Columbus, OH",0730,0724,0,0,0700-0759,1109,1050,0,1100-1159,0,,159,146,986,4,,,,,,
7,20,6,OH,N709PS,5332,10599,BHM,"Birmingham, AL",11057,CLT,"Charlotte, NC",1844,1836,0,0,1800-1859,2123,2058,0,2100-2159,0,,99,82,350,2,,,,,,
7,25,4,AA,N925NN,1974,11298,DFW,"Dallas/Fort Worth, TX",10792,BUF,"Buffalo, NY",1650,1648,0,0,1600-1659,2052,2050,0,2000-2059,0,,182,182,1212,5,,,,,,
7,28,7,YX,N635RW,3505,12266,IAH,"Houston, TX",14730,SDF,"Louisville, KY",1200,1159,0,0,1200-1259,1523,1549,26,1500-1559,0,,143,170,788,4,0,0,26,0,0,
7,17,3,AA,N349AN,2570,13303,MIA,"Miami, FL",14100,PHL,"Philadelphia, PA",1335,1343,8,0,1300-1359,1636,1622,0,1600-1659,0,,181,159,1013,5,,,,,,
7,27,6,AA,N651AW,443,11057,CLT,"Charlotte, NC",11278,DCA,"Washington, DC",1448,1457,9,0,1400-1459,1623,1624,1,1600-1659,0,,95,87,331,2,,,,,,
7,18,4,WN,N740SW,378,15016,STL,"St. Louis, MO",13871,OMA,"Omaha, NE",1025,1025,0,0,1000-1059,1135,1131,0,1100-1159,0,,70,66,342,2,,,,,,
7,20,6,WN,N551WN,3416,10693,BNA,"Nashville, TN",11278,DCA,"Washington, DC",1445,1445,0,0,1400-1459,1730,1717,0,1700-1759,0,,105,92,562,3,,,,,,
7,9,2,AA,N177AN,402,14100,PHL,"Philadelphia, PA",11298,DFW,"Dallas/Fort Worth, TX",1245,1338,53,1,1200-1259,1515,1541,26,1500-1559,0,,210,183,1303,6,26,0,0,0,0,
7,31,3,B6,N585JB,1141,10529,BDL,"Hartford, CT",14027,PBI,"West Palm Beach/Palm Beach, FL",1500,1636,96,1,1500-1559,1759,1929,90,1700-1759,0,,179,173,1133,5,0,23,0,0,67,
7,28,7,DL,N541US,1735,10397,ATL,"Atlanta, GA",12892,LAX,"Los Angeles, CA",1340,1353,13,0,1300-1359,1520,1504,0,1500-1559,0,,280,251,1947,8,,,,,,
7,19,5,MQ,N619AE,3547,10268,ALO,"Waterloo, IA",13930,ORD,"Chicago, IL",1327,1329,2,0,1300-1359,1443,1442,0,1400-1459,0,,76,73,234,1,,,,,,
7,31,3,9E,N907XJ,3315,11995,GSO,"Greensboro/High Point, NC",12953,LGA,"New York, NY",0735,0730,0,0,0700-0759,0919,0917,0,0900-0959,0,,104,107,461,2,,,,,,
7,10,3,DL,N955DL,2399,14524,RIC,"Richmond, VA",10397,ATL,"Atlanta, GA",1359,1354,0,0,1300-1359,1544,1522,0,1500-1559,0,,105,88,481,2,,,,,,
7,12,5,DL,N325DN,2103,12953,LGA,"New York, NY",11433,DTW,"Detroit, MI",1855,1856,1,0,1800-1859,2056,2055,0,2000-2059,0,,121,119,502,3,,,,,,
7,19,5,9E,N305PQ,5098,12478,JFK,"New York, NY",13930,ORD,"Chicago, IL",0629,0624,0,0,0600-0659,0815,0735,0,0800-0859,0,,166,131,740,3,,,,,,
7,30,2,YV,N86344,6130,12264,IAD,"Washington, DC",11433,DTW,"Detroit, MI",0820,0849,29,1,0800-0859,0947,1016,29,0900-0959,0,,87,87,383,2,29,0,0,0,0,
7,18,4,WN,N8311Q,419,12889,LAS,"Las Vegas, NV",10821,BWI,"Baltimore, MD",1820,1819,0,0,1800-1859,0155,0149,0,0001-0559,0,,275,270,2106,9,,,,,,
7,18,4,OO,N719SK,2963,12892,LAX,"Los Angeles, CA",14869,SLC,"Salt Lake City, UT",1214,1210,0,0,1200-1259,1502,1453,0,1500-1559,0,,108,103,590,3,,,,,,
7,8,1,OO,N433SW,3612,10397,ATL,"Atlanta, GA",11778,FSM,"Fort Smith, AR",1449,1448,0,0,1400-1459,1541,1533,0,1500-1559,0,,112,105,579,3,,,,,,
7,21,7,MQ,N275NN,3794,12992,LIT,"Little Rock, AR",11298,DFW,"Dallas/Fort Worth, TX",0815,0811,0,0,0800-0859,0940,1000,20,0900-0959,0,,85,109,304,2,0,0,20,0,0,
7,23,2,AA,N796AN,2206,11298,DFW,"Dallas/Fort Worth, TX",13303,MIA,"Miami, FL",1820,1842,22,1,1800-1859,2215,2229,14,2200-2259,0,,175,167,1121,5,,,,,,
7,22,1,G4,216NV,601,14696,SBN,"South Bend, IN",10466,AZA,"Phoenix, AZ",2105,2105,0,0,2100-2159,2138,2140,2,2100-2159,0,,213,215,1501,7,,,,,,
7,18,4,NK,N665NK,715,13204,MCO,"Orlando, FL",12266,IAH,"Houston, TX",2028,2136,68,1,2000-2059,2154,2259,65,2100-2159,0,,146,143,854,4,65,0,0,0,0,
7,4,4,UA,N78506,550,15304,TPA,"Tampa, FL",11618,EWR,"Newark, NJ",1540,1624,44,1,1500-1559,1829,1922,53,1800-1859,0,,169,178,997,4,0,33,9,0,11,
7,9,2,OO,N803SK,3868,11433,DTW,"Detroit, MI",15016,STL,"St. Louis, MO",1745,1743,0,0,1700-1759,1823,1814,0,1800-1859,0,,98,91,440,2,,,,,,
7,2,2,DL,N971AT,1512,11433,DTW,"Detroit, MI",13487,MSP,"Minneapolis, MN",1349,1348,0,0,1300-1359,1438,1425,0,1400-1459,0,,109,97,528,3,,,,,,
7,18,4,AA,N949AN,2798,13930,ORD,"Chicago, IL",14771,SFO,"San Francisco, CA",1757,1902,65,1,1700-1759,2035,2117,42,2000-2059,0,,278,255,1846,8,8,0,0,0,34,
7,10,3,WN,N404WN,642,11042,CLE,"Cleveland, OH",10693,BNA,"Nashville, TN",1855,1849,0,0,1800-1859,1920,1902,0,1900-1959,0,,85,73,448,2,,,,,,
7,12,5,NK,N665NK,792,13577,MYR,"Myrtle Beach, SC",11618,EWR,"Newark, NJ",1735,1839,64,1,1700-1759,1938,2031,53,1900-1959,0,,123,112,550,3,0,0,53,0,0,
7,8,1,WN,N8543Z,664,12339,IND,"Indianapolis, IN",12889,LAS,"Las Vegas, NV",0815,0810,0,0,0800-0859,0905,0849,0,0900-0959,0,,230,219,1590,7,,,,,,
7,5,5,OO,N659BR,4079,13487,MSP,"Minneapolis, MN",12884,LAN,"Lansing, MI",2040,2040,0,0,2000-2059,2322,2255,0,2300-2359,0,,102,75,455,2,,,,,,
7,2,2,WN,N7815L,3178,12889,LAS,"Las Vegas, NV",13796,OAK,"Oakland, CA",2145,2137,0,0,2100-2159,2310,2256,0,2300-2359,0,,85,79,407,2,,,,,,
7,31,3,DL,N375DA,572,14893,SMF,"Sacramento, CA",13487,MSP,"Minneapolis, MN",1314,1315,1,0,1300-1359,1836,1822,0,1800-1859,0,,202,187,1517,7,,,,,,
7,12,5,AS,N641VA,1913,12889,LAS,"Las Vegas, NV",14771,SFO,"San Francisco, CA",1525,1544,19,1,1500-1559,1705,1715,10,1700-1759,0,,100,91,414,2,,,,,,
7,4,4,WN,N200WN,2244,11042,CLE,"Cleveland, OH",13232,MDW,"Chicago, IL",0650,0647,0,0,0600-0659,0705,0659,0,0700-0759,0,,75,72,307,2,,,,,,
7,1,1,WN,N497WN,882,13232,MDW,"Chicago, IL",11193,CVG,"Cincinnati, OH",0700,0655,0,0,0700-0759,0905,0849,0,0900-0959,0,,65,54,249,1,,,,,,
7,25,4,WN,N8697C,2049,13342,MKE,"Milwaukee, WI",14771,SFO,"San Francisco, CA",1235,1234,0,0,1200-1259,1455,1449,0,1400-1459,0,,260,255,1845,8,,,,,,
7,31,3,DL,N372DA,691,13930,ORD,"Chicago, IL",14747,SEA,"Seattle, WA",1835,1828,0,0,1800-1859,2116,2104,0,2100-2159,0,,281,276,1721,7,,,,,,
7,2,2,WN,N230WN,1758,12953,LGA,"New York, NY",11259,DAL,"Dallas, TX",1740,1740,0,0,1700-1759,2030,2035,5,2000-2059,0,,230,235,1381,6,,,,,,
7,30,2,WN,N8664J,2541,13204,MCO,"Orlando, FL",10423,AUS,"Austin, TX",1805,1832,27,1,1800-1859,1945,2003,18,1900-1959,0,,160,151,994,4,9,0,0,0,9,
7,3,3,YV,N88346,6188,13495,MSY,"New Orleans, LA",12266,IAH,"Houston, TX",1724,1734,10,0,1700-1759,1843,1859,16,1800-1859,0,,79,85,305,2,0,0,16,0,0,
7,1,1,AA,N880NN,1388,14107,PHX,"Phoenix, AZ",12478,JFK,"New York, NY",2157,2151,0,0,2100-2159,0555,0602,7,0001-0559,0,,298,311,2153,9,,,,,,
7,16,2,DL,N6703D,692,14679,SAN,"San Diego, CA",12478,JFK,"New York, NY",2155,2144,0,0,2100-2159,0627,0634,7,0600-0659,0,,332,350,2446,10,,,,,,
7,4,4,WN,N267WN,1647,10397,ATL,"Atlanta, GA",13232,MDW,"Chicago, IL",1205,1205,0,0,1200-1259,1300,1258,0,1300-1359,0,,115,113,591,3,,,,,,
7,22,1,AA,N154UW,2045,11298,DFW,"Dallas/Fort Worth, TX",14107,PHX,"Phoenix, AZ",2222,2334,72,1,2200-2259,2247,2349,62,2200-2259,0,,145,135,868,4,22,0,0,0,40,
7,8,1,WN,N907WN,591,11292,DEN,"Denver, CO",10140,ABQ,"Albuquerque, NM",2215,2302,47,1,2200-2259,2330,0009,39,2300-2359,0,,75,67,349,2,8,0,0,0,31,
7,5,5,OO,N706SK,2958,11695,FLG,"Flagstaff, AZ",14107,PHX,"Phoenix, AZ",2015,2009,0,0,2000-2059,2115,2107,0,2100-2159,0,,60,58,119,1,,,,,,
7,22,1,AS,N419AS,173,14057,PDX,"Portland, OR",10299,ANC,"Anchorage, AK",1855,1849,0,0,1800-1859,2135,2059,0,2100-2159,0,,220,190,1542,7,,,,,,
7,13,6,NK,N642NK,234,13577,MYR,"Myrtle Beach, SC",11042,CLE,"Cleveland, OH",1755,0830,875,1,1700-1759,1941,0958,857,1900-1959,0,,106,88,557,3,29,827,1,0,0,
7,3,3,F9,N238FR,2043,14100,PHL,"Philadelphia, PA",12451,JAX,"Jacksonville, FL",0600,0551,0,0,0600-0659,0815,0748,0,0800-0859,0,,135,117,742,3,,,,,,
7,19,5,9E,N924EV,5241,12953,LGA,"New York, NY",15096,SYR,"Syracuse, NY",0759,0757,0,0,0700-0759,0915,0921,6,0900-0959,0,,76,84,198,1,,,,,,
7,17,3,WN,N8637A,1579,12191,HOU,"Houston, TX",13204,MCO,"Orlando, FL",0620,0619,0,0,0600-0659,0940,0938,0,0900-0959,0,,140,139,849,4,,,,,,
7,18,4,F9,N220FR,2038,12889,LAS,"Las Vegas, NV",12339,IND,"Indianapolis, IN",1520,1518,0,0,1500-1559,2159,2207,8,2100-2159,0,,219,229,1590,7,,,,,,
7,28,7,OO,N753SK,3041,12441,JAC,"Jackson, WY",14107,PHX,"Phoenix, AZ",1222,1217,0,0,1200-1259,1330,1312,0,1300-1359,0,,128,115,705,3,,,,,,
7,29,1,MQ,N616AE,4013,14783,SGF,"Springfield, MO",13930,ORD,"Chicago, IL",1629,1909,160,1,1600-1659,1823,2050,147,1800-1859,0,,114,101,438,2,0,0,129,0,18,
7,10,3,OO,N730EV,3241,10821,BWI,"Baltimore, MD",13930,ORD,"Chicago, IL",1049,1053,4,0,1000-1059,1205,1203,0,1200-1259,0,,136,130,621,3,,,,,,
7,29,1,EV,N19554,4417,11267,DAY,"Dayton, OH",13930,ORD,"Chicago, IL",1142,1901,439,1,1100-1159,1205,1917,432,1200-1259,0,,83,76,240,1,0,0,265,0,167,
7,20,6,AA,N664AW,1907,10397,ATL,"Atlanta, GA",14100,PHL,"Philadelphia, PA",0734,0729,0,0,0700-0759,0939,0929,0,0900-0959,0,,125,120,666,3,,,,,,
7,20,6,DL,N608AT,1845,14492,RDU,"Raleigh/Durham, NC",11433,DTW,"Detroit, MI",1321,1453,92,1,1300-1359,1510,1634,84,1500-1559,0,,109,101,501,3,0,84,0,0,0,
7,21,7,AS,N524VA,1221,10423,AUS,"Austin, TX",14771,SFO,"San Francisco, CA",1555,1613,18,1,1500-1559,1740,1748,8,1700-1759,0,,225,215,1504,7,,,,,,
7,17,3,NK,N901NK,113,10821,BWI,"Baltimore, MD",12266,IAH,"Houston, TX",1158,1433,155,1,1100-1159,1410,1644,154,1400-1459,0,,192,191,1235,5,13,0,1,0,140,
7,19,5,MQ,N842AE,3805,11995,GSO,"Greensboro/High Point, NC",11057,CLT,"Charlotte, NC",1120,1140,20,1,1100-1159,1230,1229,0,1200-1259,0,,70,49,83,1,,,,,,
7,28,7,YX,N647RW,3453,14122,PIT,"Pittsburgh, PA",11618,EWR,"Newark, NJ",1155,1147,0,0,1100-1159,1328,1301,0,1300-1359,0,,93,74,319,2,,,,,,
7,31,3,9E,N928XJ,5036,12478,JFK,"New York, NY",14122,PIT,"Pittsburgh, PA",2135,,,,2100-2159,2335,,,2300-2359,1,C,120,,340,2,,,,,,
7,17,3,OH,N571NN,5677,11423,DSM,"Des Moines, IA",11057,CLT,"Charlotte, NC",0700,0654,0,0,0700-0759,1034,1034,0,1000-1059,0,,154,160,815,4,,,,,,
7,26,5,UA,N18119,824,12892,LAX,"Los Angeles, CA",10721,BOS,"Boston, MA",0810,0802,0,0,0800-0859,1658,1640,0,1600-1659,0,,348,338,2611,11,,,,,,
7,28,7,WN,N216WR,3314,13204,MCO,"Orlando, FL",10423,AUS,"Austin, TX",0630,0627,0,0,0600-0659,0800,0756,0,0800-0859,0,,150,149,994,4,,,,,,
7,9,2,AA,N199AN,2730,10721,BOS,"Boston, MA",11298,DFW,"Dallas/Fort Worth, TX",1005,1001,0,0,1000-1059,1314,1302,0,1300-1359,0,,249,241,1562,7,,,,,,
7,30,2,OO,N465SW,5122,13930,ORD,"Chicago, IL",13184,MBS,"Saginaw/Bay City/Midland, MI",1935,1933,0,0,1900-1959,2148,2142,0,2100-2159,0,,73,69,222,1,,,,,,
7,6,6,WN,N456WN,4554,13204,MCO,"Orlando, FL",13198,MCI,"Kansas City, MO",2000,2340,220,1,2000-2059,2150,0139,229,2100-2159,0,,170,179,1072,5,12,0,9,0,208,
7,26,5,DL,N906DA,2131,10397,ATL,"Atlanta, GA",11042,CLE,"Cleveland, OH",2121,2119,0,0,2100-2159,2311,2318,7,2300-2359,0,,110,119,554,3,,,,,,
7,8,1,UA,N896UA,740,13495,MSY,"New Orleans, LA",12266,IAH,"Houston, TX",1605,1602,0,0,1600-1659,1725,1714,0,1700-1759,0,,80,72,305,2,,,,,,
7,12,5,AA,N583UW,2526,12889,LAS,"Las Vegas, NV",11298,DFW,"Dallas/Fort Worth, TX",0109,0128,19,1,0001-0559,0548,0559,11,0001-0559,0,,159,151,1055,5,,,,,,
7,29,1,AS,N464AS,788,14747,SEA,"Seattle, WA",13495,MSY,"New Orleans, LA",0910,0948,38,1,0900-0959,1555,1615,20,1500-1559,0,,285,267,2086,9,0,0,0,0,20,
7,3,3,F9,N202FR,103,14843,SJU,"San Juan, PR",14492,RDU,"Raleigh/Durham, NC",1634,1624,0,0,1600-1659,2025,2022,0,2000-2059,0,,231,238,1433,6,,,,,,
7,12,5,UA,N465UA,2371,13495,MSY,"New Orleans, LA",12264,IAD,"Washington, DC",1750,1752,2,0,1700-1759,2120,2126,6,2100-2159,0,,150,154,955,4,,,,,,
7,9,2,OO,N936SW,3776,14457,RAP,"Rapid City, SD",13487,MSP,"Minneapolis, MN",1421,1416,0,0,1400-1459,1704,1656,0,1700-1759,0,,103,100,489,2,,,,,,
7,14,7,MQ,N852AE,3545,11049,CLL,"College Station/Bryan, TX",11298,DFW,"Dallas/Fort Worth, TX",1814,1806,0,0,1800-1859,1924,1900,0,1900-1959,0,,70,54,164,1,,,,,,
7,15,1,OO,N405SY,3407,14831,SJC,"San Jose, CA",14679,SAN,"San Diego, CA",1455,1450,0,0,1400-1459,1625,1639,14,1600-1659,0,,90,109,417,2,,,,,,
7,24,3,AS,N309AS,600,14747,SEA,"Seattle, WA",14683,SAT,"San Antonio, TX",1745,1748,3,0,1700-1759,2355,2334,0,2300-2359,0,,250,226,1774,8,,,,,,
7,26,5,WN,N757LV,246,13495,MSY,"New Orleans, LA",11259,DAL,"Dallas, TX",1835,1906,31,1,1800-1859,2005,2022,17,2000-2059,0,,90,76,436,2,17,0,0,0,0,
7,26,5,WN,N766SW,1496,14679,SAN,"San Diego, CA",10423,AUS,"Austin, TX",1900,1853,0,0,1900-1959,2345,2335,0,2300-2359,0,,165,162,1164,5,,,,,,
7,10,3,AA,N948UW,1776,10721,BOS,"Boston, MA",14100,PHL,"Philadelphia, PA",1947,1940,0,0,1900-1959,2124,2045,0,2100-2159,0,,97,65,280,2,,,,,,
7,16,2,DL,N942AT,1455,12892,LAX,"Los Angeles, CA",14057,PDX,"Portland, OR",1759,1810,11,0,1700-1759,2017,2023,6,2000-2059,0,,138,133,834,4,,,,,,
7,11,4,UA,N63890,1938,11292,DEN,"Denver, CO",13930,ORD,"Chicago, IL",2050,2045,0,0,2000-2059,0014,2355,0,0001-0559,0,,144,130,888,4,,,,,,
7,2,2,AA,N838NN,1577,13303,MIA,"Miami, FL",11057,CLT,"Charlotte, NC",1935,1932,0,0,1900-1959,2147,2132,0,2100-2159,0,,132,120,650,3,,,,,,
7,24,3,MQ,N908AE,3769,10155,ACT,"Waco, TX",11298,DFW,"Dallas/Fort Worth, TX",1344,1352,8,0,1300-1359,1435,1434,0,1400-1459,0,,51,42,89,1,,,,,,
7,21,7,AA,N930AN,1457,13303,MIA,"Miami, FL",12953,LGA,"New York, NY",1322,1328,6,0,1300-1359,1628,1616,0,1600-1659,0,,186,168,1096,5,,,,,,
7,20,6,F9,N939FR,622,11292,DEN,"Denver, CO",11433,DTW,"Detroit, MI",1621,1632,11,0,1600-1659,2118,2131,13,2100-2159,0,,177,179,1123,5,,,,,,
7,2,2,OO,N880AS,5244,14783,SGF,"Springfield, MO",12266,IAH,"Houston, TX",1650,1724,34,1,1600-1659,1841,1917,36,1800-1859,0,,111,113,513,3,0,0,36,0,0,
7,16,2,WN,N7830A,2129,14107,PHX,"Phoenix, AZ",14893,SMF,"Sacramento, CA",2020,2046,26,1,2000-2059,2205,2237,32,2200-2259,0,,105,111,647,3,0,0,6,0,26,
7,23,2,OH,N515AE,5299,11057,CLT,"Charlotte, NC",12448,JAN,"Jackson/Vicksburg, MS",1310,1308,0,0,1300-1359,1356,1354,0,1300-1359,0,,106,106,562,3,,,,,,
7,25,4,MQ,N697AB,4163,13930,ORD,"Chicago, IL",12945,LEX,"Lexington, KY",1555,1549,0,0,1500-1559,1813,1759,0,1800-1859,0,,78,70,323,2,,,,,,
7,1,1,OO,N8884E,4797,14457,RAP,"Rapid City, SD",13487,MSP,"Minneapolis, MN",1233,1233,0,0,1200-1259,1513,1457,0,1500-1559,0,,100,84,489,2,,,,,,
7,2,2,UA,N4901U,817,10423,AUS,"Austin, TX",11618,EWR,"Newark, NJ",0700,0658,0,0,0700-0759,1138,1125,0,1100-1159,0,,218,207,1504,7,,,,,,
7,24,3,DL,N584NW,1323,10397,ATL,"Atlanta, GA",12892,LAX,"Los Angeles, CA",0940,0954,14,0,0900-0959,1125,1202,37,1100-1159,0,,285,308,1947,8,14,0,23,0,0,
7,28,7,WN,N8573Z,3024,13232,MDW,"Chicago, IL",10721,BOS,"Boston, MA",2225,2236,11,0,2200-2259,0140,0139,0,0001-0559,0,,135,123,861,4,,,,,,
7,10,3,DL,N912DN,1641,14683,SAT,"San Antonio, TX",10397,ATL,"Atlanta, GA",1039,1043,4,0,1000-1059,1405,1401,0,1400-1459,0,,146,138,874,4,,,,,,
7,18,4,MQ,N935AE,3676,13303,MIA,"Miami, FL",11193,CVG,"Cincinnati, OH",2025,2020,0,0,2000-2059,2307,2303,0,2300-2359,0,,162,163,948,4,,,,,,
7,25,4,WN,N8508W,204,13232,MDW,"Chicago, IL",14683,SAT,"San Antonio, TX",0825,0824,0,0,0800-0859,1110,1036,0,1100-1159,0,,165,132,1036,5,,,,,,
7,2,2,WN,N7702A,6548,11292,DEN,"Denver, CO",13204,MCO,"Orlando, FL",1955,2023,28,1,1900-1959,0125,0141,16,0001-0559,0,,210,198,1546,7,0,0,0,0,16,
7,17,3,WN,N8501V,2434,14831,SJC,"San Jose, CA",14679,SAN,"San Diego, CA",1820,1823,3,0,1800-1859,1940,1940,0,1900-1959,0,,80,77,417,2,,,,,,
7,25,4,UA,N773UA,404,12266,IAH,"Houston, TX",14771,SFO,"San Francisco, CA",0731,0751,20,1,0700-0759,0935,0927,0,0900-0959,0,,244,216,1635,7,,,,,,
7,13,6,YV,N514MJ,6017,12264,IAD,"Washington, DC",10785,BTV,"Burlington, VT",1715,1709,0,0,1700-1759,1848,1851,3,1800-1859,0,,93,102,441,2,,,,,,
7,4,4,OO,N905EV,5667,14698,SBP,"San Luis Obispo, CA",14771,SFO,"San Francisco, CA",0600,0549,0,0,0600-0659,0704,0645,0,0700-0759,0,,64,56,190,1,,,,,,
7,1,1,WN,N946WN,45,12892,LAX,"Los Angeles, CA",11259,DAL,"Dallas, TX",1145,1151,6,0,1100-1159,1650,1655,5,1600-1659,0,,185,184,1246,5,,,,,,
7,25,4,EV,N13988,4372,12266,IAH,"Houston, TX",15412,TYS,"Knoxville, TN",0805,0759,0,0,0800-0859,1117,1103,0,1100-1159,0,,132,124,771,4,,,,,,
7,17,3,WN,N8689C,2385,14771,SFO,"San Francisco, CA",13232,MDW,"Chicago, IL",1425,1603,98,1,1400-1459,2040,2208,88,2000-2059,0,,255,245,1855,8,88,0,0,0,0,
7,2,2,UA,N12218,1638,14107,PHX,"Phoenix, AZ",12266,IAH,"Houston, TX",0830,0826,0,0,0800-0859,1310,1303,0,1300-1359,0,,160,157,1009,5,,,,,,
7,18,4,WN,N495WN,5888,15016,STL,"St. Louis, MO",13232,MDW,"Chicago, IL",1845,1905,20,1,1800-1859,1950,2000,10,1900-1959,0,,65,55,251,2,,,,,,
7,2,2,OO,N608SK,4122,13487,MSP,"Minneapolis, MN",13232,MDW,"Chicago, IL",1313,1321,8,0,1300-1359,1457,1446,0,1400-1459,0,,104,85,349,2,,,,,,
7,31,3,OO,N941SW,5041,13930,ORD,"Chicago, IL",13344,MKG,"Muskegon, MI",2120,2129,9,0,2100-2159,2322,2328,6,2300-2359,0,,62,59,119,1,,,,,,
7,27,6,MQ,N677AE,4123,13930,ORD,"Chicago, IL",11612,EVV,"Evansville, IN",1215,1220,5,0,1200-1259,1325,1316,0,1300-1359,0,,70,56,272,2,,,,,,
7,10,3,YX,N731YX,3480,13930,ORD,"Chicago, IL",12339,IND,"Indianapolis, IN",1945,1942,0,0,1900-1959,2159,2208,9,2100-2159,0,,74,86,177,1,,,,,,
7,4,4,DL,N993AT,877,13198,MCI,"Kansas City, MO",11433,DTW,"Detroit, MI",0815,0826,11,0,0800-0859,1107,1109,2,1100-1159,0,,112,103,629,3,,,,,,
7,3,3,AA,N170US,2719,10821,BWI,"Baltimore, MD",11057,CLT,"Charlotte, NC",1709,1730,21,1,1700-1759,1854,1917,23,1800-1859,0,,105,107,361,2,6,0,2,0,15,
7,16,2,NK,N613NK,293,14057,PDX,"Portland, OR",12889,LAS,"Las Vegas, NV",1920,2101,101,1,1900-1959,2134,2254,80,2100-2159,0,,134,113,763,4,0,0,0,0,80,
7,18,4,UA,N68817,1600,12892,LAX,"Los Angeles, CA",12264,IAD,"Washington, DC",2110,2251,101,1,2100-2159,0459,0636,97,0001-0559,0,,289,285,2288,10,97,0,0,0,0,
7,11,4,DL,N676DL,2128,11433,DTW,"Detroit, MI",13204,MCO,"Orlando, FL",1215,1210,0,0,1200-1259,1450,1449,0,1400-1459,0,,155,159,957,4,,,,,,
7,13,6,B6,N638JB,1563,12478,JFK,"New York, NY",14986,SRQ,"Sarasota/Bradenton, FL",0929,0927,0,0,0900-0959,1227,1206,0,1200-1259,0,,178,159,1041,5,,,,,,
7,21,7,AS,N528VA,1465,12892,LAX,"Los Angeles, CA",14831,SJC,"San Jose, CA",1915,1910,0,0,1900-1959,2040,2018,0,2000-2059,0,,85,68,308,2,,,,,,
7,13,6,UA,N68807,2075,11618,EWR,"Newark, NJ",13930,ORD,"Chicago, IL",1020,1017,0,0,1000-1059,1148,1127,0,1100-1159,0,,148,130,719,3,,,,,,
7,29,1,OO,N831SK,3564,13487,MSP,"Minneapolis, MN",12264,IAD,"Washington, DC",0910,0910,0,0,0900-0959,1245,1221,0,1200-1259,0,,155,131,908,4,,,,,,
7,28,7,WN,N937WN,2655,12191,HOU,"Houston, TX",11259,DAL,"Dallas, TX",1530,1602,32,1,1500-1559,1635,1739,64,1600-1659,0,,65,97,239,1,10,0,32,0,22,
7,10,3,OO,N157SY,5998,11292,DEN,"Denver, CO",11298,DFW,"Dallas/Fort Worth, TX",1550,1546,0,0,1500-1559,1859,,,1800-1859,1,B,129,,641,3,,,,,,
7,28,7,DL,N376NW,1341,11996,GSP,"Greer, SC",10397,ATL,"Atlanta, GA",1656,1650,0,0,1600-1659,1757,1803,6,1700-1759,0,,61,73,153,1,,,,,,
7,30,2,B6,N715JB,213,12478,JFK,"New York, NY",12954,LGB,"Long Beach, CA",0559,0553,0,0,0001-0559,0845,0824,0,0800-0859,0,,346,331,2465,10,,,,,,
7,8,1,AA,N9681B,681,13244,MEM,"Memphis, TN",11298,DFW,"Dallas/Fort Worth, TX",1227,1228,1,0,1200-1259,1400,1353,0,1400-1459,0,,93,85,431,2,,,,,,
7,7,7,AA,N918US,677,11057,CLT,"Charlotte, NC",13204,MCO,"Orlando, FL",1450,1638,108,1,1400-1459,1636,1806,90,1600-1659,0,,106,88,468,2,0,0,34,0,56,
7,22,1,DL,N993DL,2608,10821,BWI,"Baltimore, MD",10397,ATL,"Atlanta, GA",1000,0955,0,0,1000-1059,1145,1130,0,1100-1159,0,,105,95,577,3,,,,,,
7,8,1,OO,N935SW,4213,14113,PIH,"Pocatello, ID",14869,SLC,"Salt Lake City, UT",1835,1848,13,0,1800-1859,1940,1946,6,1900-1959,0,,65,58,150,1,,,,,,
7,24,3,DL,N541US,2860,11433,DTW,"Detroit, MI",14747,SEA,"Seattle, WA",1429,1424,0,0,1400-1459,1620,1618,0,1600-1659,0,,291,294,1927,8,,,,,,
7,29,1,DL,N301DV,2958,10423,AUS,"Austin, TX",10397,ATL,"Atlanta, GA",1152,1149,0,0,1100-1159,1506,1457,0,1500-1559,0,,134,128,813,4,,,,,,
7,25,4,WN,N228WN,2246,14679,SAN,"San Diego, CA",14893,SMF,"Sacramento, CA",1430,1427,0,0,1400-1459,1605,1605,0,1600-1659,0,,95,98,480,2,,,,,,
7,26,5,YX,N823MD,5933,12953,LGA,"New York, NY",11278,DCA,"Washington, DC",1900,1927,27,1,1900-1959,2032,2031,0,2000-2059,0,,92,64,214,1,,,,,,
7,15,1,AA,N896NN,2769,14100,PHL,"Philadelphia, PA",10721,BOS,"Boston, MA",1240,1239,0,0,1200-1259,1404,1354,0,1400-1459,0,,84,75,280,2,,,,,,
7,11,4,AA,N9619V,2192,14683,SAT,"San Antonio, TX",11298,DFW,"Dallas/Fort Worth, TX",0700,0656,0,0,0700-0759,0815,0759,0,0800-0859,0,,75,63,247,1,,,,,,
7,4,4,MQ,N823AE,3373,11298,DFW,"Dallas/Fort Worth, TX",15411,TYR,"Tyler, TX",1712,1712,0,0,1700-1759,1758,1755,0,1700-1759,0,,46,43,102,1,,,,,,
7,11,4,DL,N970AT,2982,11433,DTW,"Detroit, MI",13198,MCI,"Kansas City, MO",0828,0827,0,0,0800-0859,0934,0925,0,0900-0959,0,,126,118,629,3,,,,,,
7,10,3,YX,N216JQ,5943,12953,LGA,"New York, NY",10721,BOS,"Boston, MA",1459,1457,0,0,1400-1459,1628,1614,0,1600-1659,0,,89,77,184,1,,,,,,
7,8,1,DL,N899AT,303,12953,LGA,"New York, NY",13930,ORD,"Chicago, IL",1810,1810,0,0,1800-1859,1944,2022,38,1900-1959,0,,154,192,733,3,0,0,38,0,0,
7,6,6,WN,N7840A,5155,14831,SJC,"San Jose, CA",13891,ONT,"Ontario, CA",1835,1830,0,0,1800-1859,1950,1936,0,1900-1959,0,,75,66,333,2,,,,,,
7,28,7,WN,N560WN,5765,13931,ORF,"Norfolk, VA",13232,MDW,"Chicago, IL",0650,0650,0,0,0600-0659,0750,0741,0,0700-0759,0,,120,111,704,3,,,,,,
7,21,7,DL,N3746H,1174,12889,LAS,"Las Vegas, NV",12892,LAX,"Los Angeles, CA",1110,1110,0,0,1100-1159,1230,1222,0,1200-1259,0,,80,72,236,1,,,,,,
7,24,3,WN,N7752B,2599,15376,TUS,"Tucson, AZ",11292,DEN,"Denver, CO",0645,0641,0,0,0600-0659,0935,0921,0,0900-0959,0,,110,100,639,3,,,,,,
7,12,5,YV,N926LR,5791,13198,MCI,"Kansas City, MO",11298,DFW,"Dallas/Fort Worth, TX",0925,0918,0,0,0900-0959,1105,1049,0,1100-1159,0,,100,91,460,2,,,,,,
7,27,6,AS,N622VA,1003,10423,AUS,"Austin, TX",14747,SEA,"Seattle, WA",0630,0624,0,0,0600-0659,0850,0843,0,0800-0859,0,,260,259,1770,8,,,,,,
7,5,5,OO,N127SY,5659,14004,PAE,"Everett, WA",11292,DEN,"Denver, CO",1555,1617,22,1,1500-1559,1940,2022,42,1900-1959,0,,165,185,1036,5,0,22,20,0,0,
7,8,1,AA,N769US,1932,11057,CLT,"Charlotte, NC",15016,STL,"St. Louis, MO",1250,1246,0,0,1200-1259,1341,1334,0,1300-1359,0,,111,108,575,3,,,,,,
7,14,7,HA,N490HA,551,12402,ITO,"Hilo, HI",12173,HNL,"Honolulu, HI",2059,2135,36,1,2000-2059,2151,2233,42,2100-2159,0,,52,58,216,1,11,0,0,0,31,
7,21,7,UA,N510UA,1483,11618,EWR,"Newark, NJ",14771,SFO,"San Francisco, CA",0600,0559,0,0,0600-0659,0910,0854,0,0900-0959,0,,370,355,2565,11,,,,,,
7,7,7,YV,N246LR,5851,11778,FSM,"Fort Smith, AR",11298,DFW,"Dallas/Fort Worth, TX",1425,1415,0,0,1400-1459,1537,1515,0,1500-1559,0,,72,60,227,1,,,,,,
7,15,1,DL,N954AT,1497,10693,BNA,"Nashville, TN",13487,MSP,"Minneapolis, MN",0820,0814,0,0,0800-0859,1032,1002,0,1000-1059,0,,132,108,695,3,,,,,,
7,17,3,DL,N976DL,517,10397,ATL,"Atlanta, GA",11995,GSO,"Greensboro/High Point, NC",1635,1746,71,1,1600-1659,1800,1854,54,1800-1859,0,,85,68,306,2,11,0,2,0,41,
7,3,3,UA,N459UA,261,12892,LAX,"Los Angeles, CA",13204,MCO,"Orlando, FL",1040,1035,0,0,1000-1059,1843,1945,62,1800-1859,0,,303,370,2218,9,0,0,62,0,0,
7,23,2,AS,N442AS,426,14747,SEA,"Seattle, WA",12478,JFK,"New York, NY",1405,1416,11,0,1400-1459,2235,2250,15,2200-2259,0,,330,334,2422,10,0,0,15,0,0,
7,26,5,MQ,N257NN,3797,13930,ORD,"Chicago, IL",11540,ELP,"El Paso, TX",2020,2016,0,0,2000-2059,2234,2225,0,2200-2259,0,,194,189,1236,5,,,,,,
7,24,3,OO,N870AS,5833,11413,DRO,"Durango, CO",11292,DEN,"Denver, CO",1955,2008,13,0,1900-1959,2109,2206,57,2100-2159,0,,74,118,250,2,0,0,54,0,3,
7,17,3,WN,N8555Z,2032,12892,LAX,"Los Angeles, CA",11292,DEN,"Denver, CO",2110,2120,10,0,2100-2159,0025,0034,9,0001-0559,0,,135,134,862,4,,,,,,
7,15,1,OO,N767SK,3253,10785,BTV,"Burlington, VT",13930,ORD,"Chicago, IL",1559,1556,0,0,1500-1559,1733,1733,0,1700-1759,0,,154,157,763,4,,,,,,
7,30,2,UA,N449UA,2353,12892,LAX,"Los Angeles, CA",12266,IAH,"Houston, TX",0545,0540,0,0,0001-0559,1106,1103,0,1100-1159,0,,201,203,1379,6,,,,,,
7,16,2,MQ,N900AE,3789,13930,ORD,"Chicago, IL",10821,BWI,"Baltimore, MD",0814,0814,0,0,0800-0859,1121,1113,0,1100-1159,0,,127,119,621,3,,,,,,
7,7,7,UA,N589UA,535,14771,SFO,"San Francisco, CA",11618,EWR,"Newark, NJ",1115,1115,0,0,1100-1159,2007,1948,0,2000-2059,0,,352,333,2565,11,,,,,,
7,9,2,WN,N8613K,854,15016,STL,"St. Louis, MO",14107,PHX,"Phoenix, AZ",0630,0635,5,0,0600-0659,0735,0738,3,0700-0759,0,,185,183,1262,6,,,,,,
7,14,7,WN,N496WN,5189,10821,BWI,"Baltimore, MD",13495,MSY,"New Orleans, LA",1705,1737,32,1,1700-1759,1845,1910,25,1800-1859,0,,160,153,998,4,0,0,0,0,25,
7,31,3,YX,N643RW,3509,13198,MCI,"Kansas City, MO",11618,EWR,"Newark, NJ",1700,,,,1700-1759,2059,,,2000-2059,1,B,179,,1092,5,,,,,,
7,21,7,AA,N939UW,1945,13830,OGG,"Kahului, HI",14107,PHX,"Phoenix, AZ",2120,2117,0,0,2100-2159,0606,0604,0,0600-0659,0,,346,347,2845,11,,,,,,
7,6,6,NK,N638NK,657,11697,FLL,"Fort Lauderdale, FL",13495,MSY,"New Orleans, LA",0715,0713,0,0,0700-0759,0816,0810,0,0800-0859,0,,121,117,674,3,,,,,,
7,5,5,YV,N515MJ,6045,12264,IAD,"Washington, DC",14307,PVD,"Providence, RI",0825,0824,0,0,0800-0859,0948,0956,8,0900-0959,0,,83,92,371,2,,,,,,
7,23,2,DL,N902DN,2868,11433,DTW,"Detroit, MI",14635,RSW,"Fort Myers, FL",0829,0827,0,0,0800-0859,1121,1105,0,1100-1159,0,,172,158,1084,5,,,,,,
7,5,5,WN,N8325D,990,13796,OAK,"Oakland, CA",14057,PDX,"Portland, OR",1830,1832,2,0,1800-1859,2005,2004,0,2000-2059,0,,95,92,543,3,,,,,,
7,30,2,OO,N947SW,5940,13930,ORD,"Chicago, IL",12884,LAN,"Lansing, MI",0900,0948,48,1,0900-0959,1105,1145,40,1100-1159,0,,65,57,179,1,40,0,0,0,0,
7,13,6,DL,N722TW,1631,12892,LAX,"Los Angeles, CA",11278,DCA,"Washington, DC",0815,0811,0,0,0800-0859,1630,1614,0,1600-1659,0,,315,303,2311,10,,,,,,
7,26,5,EV,N11539,4348,13930,ORD,"Chicago, IL",12884,LAN,"Lansing, MI",0900,0920,20,1,0900-0959,1105,1114,9,1100-1159,0,,65,54,179,1,,,,,,
7,3,3,UA,N476UA,1890,11618,EWR,"Newark, NJ",15304,TPA,"Tampa, FL",1230,1228,0,0,1200-1259,1520,1525,5,1500-1559,0,,170,177,997,4,,,,,,
7,12,5,OH,N505AE,5268,14100,PHL,"Philadelphia, PA",13931,ORF,"Norfolk, VA",1805,1812,7,0,1800-1859,1922,1921,0,1900-1959,0,,77,69,212,1,,,,,,
7,27,6,AA,N922AN,1442,14057,PDX,"Portland, OR",13930,ORD,"Chicago, IL",1334,1333,0,0,1300-1359,1944,1916,0,1900-1959,0,,250,223,1739,7,,,,,,
7,18,4,G4,250NV,1539,14082,PGD,"Punta Gorda, FL",14307,PVD,"Providence, RI",0651,0657,6,0,0600-0659,0934,0950,16,0900-0959,0,,163,173,1184,5,0,0,16,0,0,
7,25,4,UA,N73256,355,11618,EWR,"Newark, NJ",12266,IAH,"Houston, TX",1105,1101,0,0,1100-1159,1340,1339,0,1300-1359,0,,215,218,1400,6,,,,,,
7,6,6,AA,N700UW,2397,13303,MIA,"Miami, FL",14492,RDU,"Raleigh/Durham, NC",0855,0849,0,0,0800-0859,1101,1057,0,1100-1159,0,,126,128,700,3,,,,,,
7,17,3,DL,N330NB,2716,11433,DTW,"Detroit, MI",11278,DCA,"Washington, DC",2220,0053,153,1,2200-2259,2345,0205,140,2300-2359,0,,85,72,405,2,33,0,0,0,107,
7,29,1,WN,N798SW,2380,13796,OAK,"Oakland, CA",13891,ONT,"Ontario, CA",0815,0813,0,0,0800-0859,0935,0930,0,0900-0959,0,,80,77,362,2,,,,,,
7,21,7,MQ,N280NN,3388,13930,ORD,"Chicago, IL",12992,LIT,"Little Rock, AR",1329,1357,28,1,1300-1359,1525,1645,80,1500-1559,0,,116,168,552,3,2,0,52,0,26,
7,18,4,OO,N896SK,4148,13487,MSP,"Minneapolis, MN",10627,BIS,"Bismarck/Mandan, ND",1940,1956,16,1,1900-1959,2119,2118,0,2100-2159,0,,99,82,386,2,,,,,,
7,8,1,AA,N955UW,2146,10721,BOS,"Boston, MA",12953,LGA,"New York, NY",1600,1818,138,1,1600-1659,1724,1945,141,1700-1759,0,,84,87,184,1,0,0,22,0,119,
7,29,1,OO,N471CA,5139,14120,PIR,"Pierre, SD",11292,DEN,"Denver, CO",0749,0810,21,1,0700-0759,0823,0930,67,0800-0859,0,,94,140,385,2,0,0,46,0,21,
8,14,3,AA,N562UW,627,11057,CLT,"Charlotte, NC",12889,LAS,"Las Vegas, NV",1610,1608,0,0,1600-1659,1749,1744,0,1700-1759,0,,279,276,1916,8,,,,,,
8,24,6,YX,N413YX,4444,10693,BNA,"Nashville, TN",12953,LGA,"New York, NY",0746,0742,0,0,0700-0759,1104,1047,0,1100-1159,0,,138,125,764,4,,,,,,
8,10,6,B6,N645JB,42,12954,LGB,"Long Beach, CA",14570,RNO,"Reno, NV",1113,1111,0,0,1100-1159,1234,1224,0,1200-1259,0,,81,73,402,2,,,,,,
8,7,3,OH,N702PS,5668,11057,CLT,"Charlotte, NC",11146,CRW,"Charleston/Dunbar, WV",1300,1251,0,0,1300-1359,1404,1400,0,1400-1459,0,,64,69,221,1,,,,,,
8,22,4,AS,N275AK,563,10800,BUR,"Burbank, CA",14057,PDX,"Portland, OR",1710,1737,27,1,1700-1759,1920,1951,31,1900-1959,0,,130,134,817,4,8,0,4,0,19,
8,19,1,DL,N927AT,548,11042,CLE,"Cleveland, OH",13487,MSP,"Minneapolis, MN",1732,1741,9,0,1700-1759,1839,1846,7,1800-1859,0,,127,125,622,3,,,,,,
8,19,1,AA,N125UW,2071,10693,BNA,"Nashville, TN",11057,CLT,"Charlotte, NC",0528,0525,0,0,0001-0559,0753,0800,7,0700-0759,0,,85,95,328,2,,,,,,
8,9,5,OO,N549CA,3802,13485,MSN,"Madison, WI",11433,DTW,"Detroit, MI",1311,1308,0,0,1300-1359,1532,1513,0,1500-1559,0,,81,65,311,2,,,,,,
8,16,5,OH,N253PS,5170,13931,ORF,"Norfolk, VA",11278,DCA,"Washington, DC",1055,1056,1,0,1000-1059,1153,1200,7,1100-1159,0,,58,64,142,1,,,,,,
8,6,2,OO,N433SW,4827,11308,DHN,"Dothan, AL",10397,ATL,"Atlanta, GA",1056,1052,0,0,1000-1059,1305,1251,0,1300-1359,0,,69,59,170,1,,,,,,
8,13,2,9E,N299PQ,5266,12478,JFK,"New York, NY",14492,RDU,"Raleigh/Durham, NC",0830,0826,0,0,0800-0859,1033,1012,0,1000-1059,0,,123,106,427,2,,,,,,
8,7,3,WN,N413WN,488,13342,MKE,"Milwaukee, WI",10397,ATL,"Atlanta, GA",1220,1253,33,1,1200-1259,1520,1543,23,1500-1559,0,,120,110,669,3,0,0,0,0,23,
8,14,3,DL,N369NB,2544,11648,FCA,"Kalispell, MT",14869,SLC,"Salt Lake City, UT",0600,0557,0,0,0600-0659,0736,0730,0,0700-0759,0,,96,93,531,3,,,,,,
8,10,6,DL,N680DA,1486,13204,MCO,"Orlando, FL",13487,MSP,"Minneapolis, MN",0800,0759,0,0,0800-0859,1023,1014,0,1000-1059,0,,203,195,1310,6,,,,,,
8,13,2,MQ,N842AE,3749,12478,JFK,"New York, NY",13931,ORF,"Norfolk, VA",1940,2011,31,1,1900-1959,2117,2143,26,2100-2159,0,,97,92,290,2,0,0,0,0,26,
8,28,3,DL,N6703D,1236,14679,SAN,"San Diego, CA",12478,JFK,"New York, NY",0727,0725,0,0,0700-0759,1600,1558,0,1600-1659,0,,333,333,2446,10,,,,,,
8,28,3,9E,N917XJ,5194,12197,HPN,"White Plains, NY",10397,ATL,"Atlanta, GA",1236,1235,0,0,1200-1259,1459,1457,0,1400-1459,0,,143,142,780,4,,,,,,
8,20,2,DL,N374DA,2457,10397,ATL,"Atlanta, GA",10529,BDL,"Hartford, CT",0739,0733,0,0,0700-0759,0957,0951,0,0900-0959,0,,138,138,859,4,,,,,,
8,17,6,AA,N996AN,1269,11298,DFW,"Dallas/Fort Worth, TX",14771,SFO,"San Francisco, CA",1754,1754,0,0,1700-1759,1934,1928,0,1900-1959,0,,220,214,1464,6,,,,,,
8,10,6,AS,N323AS,646,14747,SEA,"Seattle, WA",14107,PHX,"Phoenix, AZ",1535,1601,26,1,1500-1559,1835,1851,16,1800-1859,0,,180,170,1107,5,0,0,0,0,16,
8,29,4,OO,N479CA,5991,14252,PSC,"Pasco/Kennewick/Richland, WA",11292,DEN,"Denver, CO",1135,1132,0,0,1100-1159,1457,1456,0,1400-1459,0,,142,144,852,4,,,,,,
8,15,4,NK,N521NK,578,13495,MSY,"New Orleans, LA",11042,CLE,"Cleveland, OH",0914,0918,4,0,0900-0959,1238,1228,0,1200-1259,0,,144,130,917,4,,,,,,
8,13,2,9E,N836AY,5016,10185,AEX,"Alexandria, LA",10397,ATL,"Atlanta, GA",0600,0550,0,0,0600-0659,0850,0833,0,0800-0859,0,,110,103,500,3,,,,,,
8,8,4,F9,N713FR,773,11292,DEN,"Denver, CO",12889,LAS,"Las Vegas, NV",2215,0219,244,1,2200-2259,2311,0305,234,2300-2359,0,,116,106,628,3,115,0,79,0,40,
8,18,7,9E,N931XJ,5393,11193,CVG,"Cincinnati, OH",13487,MSP,"Minneapolis, MN",0700,0654,0,0,0700-0759,0808,0800,0,0800-0859,0,,128,126,596,3,,,,,,
8,3,6,WN,N7820L,5427,15016,STL,"St. Louis, MO",10397,ATL,"Atlanta, GA",0545,0543,0,0,0001-0559,0820,0800,0,0800-0859,0,,95,77,484,2,,,,,,
8,20,2,B6,N648JB,232,12954,LGB,"Long Beach, CA",14869,SLC,"Salt Lake City, UT",0652,0648,0,0,0600-0659,0934,0937,3,0900-0959,0,,102,109,588,3,,,,,,
8,7,3,DL,N893AT,2942,12892,LAX,"Los Angeles, CA",11292,DEN,"Denver, CO",1023,1033,10,0,1000-1059,1350,1350,0,1300-1359,0,,147,137,862,4,,,,,,
8,15,4,UA,N77539,1248,14771,SFO,"San Francisco, CA",12892,LAX,"Los Angeles, CA",1400,1357,0,0,1400-1459,1538,1519,0,1500-1559,0,,98,82,337,2,,,,,,
8,8,4,AA,N401AN,760,12892,LAX,"Los Angeles, CA",14107,PHX,"Phoenix, AZ",1255,1254,0,0,1200-1259,1430,1426,0,1400-1459,0,,95,92,370,2,,,,,,
8,31,6,DL,N894DN,1096,14747,SEA,"Seattle, WA",12758,KOA,"Kona, HI",1555,1553,0,0,1500-1559,1857,1913,16,1800-1859,0,,362,380,2688,11,0,0,16,0,0,
8,22,4,AS,N639VA,1120,14771,SFO,"San Francisco, CA",14908,SNA,"Santa Ana, CA",1345,1400,15,1,1300-1359,1525,1528,3,1500-1559,0,,100,88,372,2,,,,,,
8,11,7,YX,N860RW,5978,14122,PIT,"Pittsburgh, PA",10721,BOS,"Boston, MA",1642,1644,2,0,1600-1659,1830,1833,3,1800-1859,0,,108,109,496,2,,,,,,
8,27,2,DL,N67171,2227,11697,FLL,"Fort Lauderdale, FL",10397,ATL,"Atlanta, GA",0945,0942,0,0,0900-0959,1137,1142,5,1100-1159,0,,112,120,581,3,,,,,,
8,2,5,OO,N707SK,3104,13198,MCI,"Kansas City, MO",13930,ORD,"Chicago, IL",1925,1922,0,0,1900-1959,2102,2119,17,2100-2159,0,,97,117,403,2,0,0,17,0,0,
8,11,7,G4,328NV,2118,14761,SFB,"Sanford, FL",14259,PSM,"Portsmouth, NH",0714,0658,0,0,0700-0759,1000,0947,0,1000-1059,0,,166,169,1144,5,,,,,,
8,29,4,DL,N303DQ,693,10397,ATL,"Atlanta, GA",11624,EYW,"Key West, FL",1505,1609,64,1,1500-1559,1704,1756,52,1700-1759,0,,119,107,646,3,0,0,0,0,52,
8,27,2,WN,N286WN,1994,14869,SLC,"Salt Lake City, UT",12892,LAX,"Los Angeles, CA",0620,0616,0,0,0600-0659,0715,0653,0,0700-0759,0,,115,97,590,3,,,,,,
8,2,5,WN,N928WN,2174,13198,MCI,"Kansas City, MO",14107,PHX,"Phoenix, AZ",1640,1707,27,1,1600-1659,1725,1749,24,1700-1759,0,,165,162,1044,5,0,0,0,0,24,
8,1,4,AA,N984NN,294,13930,ORD,"Chicago, IL",12953,LGA,"New York, NY",1730,1728,0,0,1700-1759,2040,2035,0,2000-2059,0,,130,127,733,3,,,,,,
8,6,2,AA,N915NN,316,11057,CLT,"Charlotte, NC",14107,PHX,"Phoenix, AZ",2001,2011,10,0,2000-2059,2122,2116,0,2100-2159,0,,261,245,1773,8,,,,,,
8,21,3,OO,N970SW,5040,13344,MKG,"Muskegon, MI",13930,ORD,"Chicago, IL",1311,1309,0,0,1300-1359,1320,1308,0,1300-1359,0,,69,59,119,1,,,,,,
8,19,1,AA,N907AA,2792,14683,SAT,"San Antonio, TX",11298,DFW,"Dallas/Fort Worth, TX",0807,0801,0,0,0800-0859,0925,0916,0,0900-0959,0,,78,75,247,1,,,,,,
8,1,4,UA,N839UA,1114,13487,MSP,"Minneapolis, MN",11292,DEN,"Denver, CO",1701,1944,163,1,1700-1759,1810,2110,180,1800-1859,0,,129,146,680,3,0,0,36,0,144,
8,18,7,UA,N824UA,616,13930,ORD,"Chicago, IL",11278,DCA,"Washington, DC",1405,1736,211,1,1400-1459,1713,2043,210,1700-1759,0,,128,127,612,3,210,0,0,0,0,
8,26,1,UA,N23708,436,10423,AUS,"Austin, TX",13930,ORD,"Chicago, IL",1000,1058,58,1,1000-1059,1245,1359,74,1200-1259,0,,165,181,977,4,0,0,74,0,0,
8,23,5,WN,N8320J,1646,11259,DAL,"Dallas, TX",13796,OAK,"Oakland, CA",1910,1914,4,0,1900-1959,2045,2103,18,2000-2059,0,,215,229,1468,6,0,0,18,0,0,
8,17,6,OO,N440SW,3609,10397,ATL,"Atlanta, GA",13422,MOB,"Mobile, AL",1225,1221,0,0,1200-1259,1244,1231,0,1200-1259,0,,79,70,302,2,,,,,,
8,28,3,WN,N8670A,1107,13198,MCI,"Kansas City, MO",15304,TPA,"Tampa, FL",1815,1833,18,1,1800-1859,2150,2159,9,2100-2159,0,,155,146,1048,5,,,,,,
8,27,2,B6,N580JB,1036,14843,SJU,"San Juan, PR",15024,STT,"Charlotte Amalie, VI",1529,1527,0,0,1500-1559,1604,1602,0,1600-1659,0,,35,35,68,1,,,,,,
8,22,4,DL,N338NB,2384,12441,JAC,"Jackson, WY",13487,MSP,"Minneapolis, MN",0830,0824,0,0,0800-0859,1140,1138,0,1100-1159,0,,130,134,872,4,,,,,,
8,12,1,F9,N322FR,572,14869,SLC,"Salt Lake City, UT",11292,DEN,"Denver, CO",2211,2306,55,1,2200-2259,2343,0015,32,2300-2359,0,,92,69,391,2,0,0,0,0,32,
8,17,6,HA,N485HA,345,13830,OGG,"Kahului, HI",12173,HNL,"Honolulu, HI",1653,1647,0,0,1600-1659,1732,1723,0,1700-1759,0,,39,36,100,1,,,,,,
8,2,5,EV,N12564,4239,12278,ICT,"Wichita, KS",12266,IAH,"Houston, TX",1855,1913,18,1,1800-1859,2038,2054,16,2000-2059,0,,103,101,542,3,16,0,0,0,0,
8,9,5,UA,N76533,676,14908,SNA,"Santa Ana, CA",12266,IAH,"Houston, TX",0804,0754,0,0,0800-0859,1323,1312,0,1300-1359,0,,199,198,1346,6,,,,,,
8,9,5,MQ,N224NN,3801,11540,ELP,"El Paso, TX",13930,ORD,"Chicago, IL",0600,0556,0,0,0600-0659,1014,1032,18,1000-1059,0,,194,216,1236,5,0,0,18,0,0,
8,14,3,MQ,N932AE,3459,11193,CVG,"Cincinnati, OH",13303,MIA,"Miami, FL",1149,1227,38,1,1100-1159,1429,1519,50,1400-1459,0,,160,172,948,4,5,0,12,0,33,
8,22,4,HA,N492HA,365,13830,OGG,"Kahului, HI",12173,HNL,"Honolulu, HI",1722,1713,0,0,1700-1759,1800,1755,0,1800-1859,0,,38,42,100,1,,,,,,
8,1,4,WN,N950WN,1368,14771,SFO,"San Francisco, CA",12889,LAS,"Las Vegas, NV",1020,1030,10,0,1000-1059,1200,1156,0,1200-1259,0,,100,86,414,2,,,,,,
8,14,3,AA,N900UW,1595,10423,AUS,"Austin, TX",11298,DFW,"Dallas/Fort Worth, TX",0649,0836,107,1,0600-0659,0759,0950,111,0700-0759,0,,70,74,190,1,0,0,111,0,0,
8,17,6,DL,N707TW,460,12478,JFK,"New York, NY",14869,SLC,"Salt Lake City, UT",1552,1557,5,0,1500-1559,1934,2003,29,1900-1959,0,,342,366,1990,8,0,0,29,0,0,
8,2,5,B6,N197JB,1895,12197,HPN,"White Plains, NY",13204,MCO,"Orlando, FL",0630,0823,113,1,0600-0659,0904,1133,149,0900-0959,0,,154,190,972,4,113,0,36,0,0,
8,4,7,AA,N954UW,2644,14100,PHL,"Philadelphia, PA",14492,RDU,"Raleigh/Durham, NC",2109,2121,12,0,2100-2159,2239,2252,13,2200-2259,0,,90,91,337,2,,,,,,
8,27,2,WN,N8549Z,1090,15016,STL,"St. Louis, MO",14679,SAN,"San Diego, CA",1340,1402,22,1,1300-1359,1520,1533,13,1500-1559,0,,220,211,1557,7,,,,,,
8,1,4,AA,N139AN,1268,12892,LAX,"Los Angeles, CA",13303,MIA,"Miami, FL",1208,1204,0,0,1200-1259,2029,2017,0,2000-2059,0,,321,313,2342,10,,,,,,
8,8,4,AA,N116AN,4,12892,LAX,"Los Angeles, CA",12478,JFK,"New York, NY",1100,1208,68,1,1100-1159,1950,2203,133,1900-1959,0,,350,415,2475,10,68,0,65,0,0,
8,11,7,AA,N773XF,980,11057,CLT,"Charlotte, NC",10423,AUS,"Austin, TX",1441,1438,0,0,1400-1459,1627,1611,0,1600-1659,0,,166,153,1032,5,,,,,,
8,1,4,OO,N171SY,3325,11259,DAL,"Dallas, TX",12892,LAX,"Los Angeles, CA",1825,1824,0,0,1800-1859,1940,1928,0,1900-1959,0,,195,184,1246,5,,,,,,
8,26,1,MQ,N830AE,3674,11298,DFW,"Dallas/Fort Worth, TX",15411,TYR,"Tyler, TX",1220,1215,0,0,1200-1259,1309,1253,0,1300-1359,0,,49,38,102,1,,,,,,
8,29,4,OO,N446SW,4232,12397,ITH,"Ithaca/Cortland, NY",11433,DTW,"Detroit, MI",1746,1735,0,0,1700-1759,1921,1856,0,1900-1959,0,,95,81,353,2,,,,,,
8,28,3,AA,N119US,2016,13204,MCO,"Orlando, FL",11278,DCA,"Washington, DC",1446,1439,0,0,1400-1459,1709,1649,0,1700-1759,0,,143,130,759,4,,,,,,
8,3,6,AA,N101NN,274,12892,LAX,"Los Angeles, CA",12478,JFK,"New York, NY",1200,1154,0,0,1200-1259,2051,2025,0,2000-2059,0,,351,331,2475,10,,,,,,
8,13,2,OO,N679CA,3868,11433,DTW,"Detroit, MI",15016,STL,"St. Louis, MO",1750,1829,39,1,1700-1759,1828,1903,35,1800-1859,0,,98,94,440,2,35,0,0,0,0,
8,11,7,AA,N831AW,613,13871,OMA,"Omaha, NE",14107,PHX,"Phoenix, AZ",1418,1409,0,0,1400-1459,1503,1440,0,1500-1559,0,,165,151,1037,5,,,,,,
8,28,3,YX,N640RW,3516,11618,EWR,"Newark, NJ",11624,EYW,"Key West, FL",0830,0821,0,0,0800-0859,1159,1210,11,1100-1159,0,,209,229,1196,5,,,,,,
8,23,5,NK,N618NK,719,11292,DEN,"Denver, CO",12889,LAS,"Las Vegas, NV",1856,1940,44,1,1800-1859,1949,2034,45,1900-1959,0,,113,114,628,3,0,0,1,0,44,
8,1,4,YX,N447YX,4462,12451,JAX,"Jacksonville, FL",11278,DCA,"Washington, DC",1915,1953,38,1,1900-1959,2112,2141,29,2100-2159,0,,117,108,634,3,0,0,0,0,29,
8,12,1,F9,N705FR,1038,13204,MCO,"Orlando, FL",10792,BUF,"Buffalo, NY",1538,1534,0,0,1500-1559,1821,1833,12,1800-1859,0,,163,179,1011,5,,,,,,
8,16,5,NK,N525NK,414,11697,FLL,"Fort Lauderdale, FL",10821,BWI,"Baltimore, MD",1645,,,,1600-1659,1923,,,1900-1959,1,A,158,,925,4,,,,,,
8,29,4,OO,N271SY,3541,12478,JFK,"New York, NY",11042,CLE,"Cleveland, OH",0940,1057,77,1,0900-0959,1133,1228,55,1100-1159,0,,113,91,425,2,55,0,0,0,0,
8,19,1,WN,N416WN,396,11697,FLL,"Fort Lauderdale, FL",12191,HOU,"Houston, TX",0820,0820,0,0,0800-0859,1005,1004,0,1000-1059,0,,165,164,957,4,,,,,,
8,4,7,WN,N7727A,3320,14893,SMF,"Sacramento, CA",12889,LAS,"Las Vegas, NV",0605,0602,0,0,0600-0659,0725,0718,0,0700-0759,0,,80,76,397,2,,,,,,
8,25,7,MQ,N543EA,3999,13930,ORD,"Chicago, IL",11193,CVG,"Cincinnati, OH",1331,1326,0,0,1300-1359,1549,1541,0,1500-1559,0,,78,75,264,2,,,,,,
8,20,2,WN,N769SW,2338,10821,BWI,"Baltimore, MD",14027,PBI,"West Palm Beach/Palm Beach, FL",2125,2334,129,1,2100-2159,2350,0220,150,2300-2359,0,,145,166,883,4,11,0,21,0,118,
8,1,4,F9,N307FR,268,14908,SNA,"Santa Ana, CA",11292,DEN,"Denver, CO",0827,0819,0,0,0800-0859,1145,1132,0,1100-1159,0,,138,133,846,4,,,,,,
8,15,4,DL,N398DA,1356,10140,ABQ,"Albuquerque, NM",13487,MSP,"Minneapolis, MN",1445,1440,0,0,1400-1459,1819,1752,0,1800-1859,0,,154,132,981,4,,,,,,
8,7,3,9E,N8869B,5085,10397,ATL,"Atlanta, GA",13422,MOB,"Mobile, AL",0815,0809,0,0,0800-0859,0839,0829,0,0800-0859,0,,84,80,302,2,,,,,,
8,19,1,YV,N927LR,5903,11298,DFW,"Dallas/Fort Worth, TX",12217,HSV,"Huntsville, AL",1333,1359,26,1,1300-1359,1519,1537,18,1500-1559,0,,106,98,603,3,0,0,0,0,18,
8,21,3,EV,N48901,4243,13930,ORD,"Chicago, IL",11986,GRR,"Grand Rapids, MI",1750,1950,120,1,1700-1759,1953,2208,135,1900-1959,0,,63,78,137,1,0,0,15,0,120,
8,14,3,OH,N244PS,5511,10257,ALB,"Albany, NY",11278,DCA,"Washington, DC",1144,1147,3,0,1100-1159,1314,1309,0,1300-1359,0,,90,82,318,2,,,,,,
8,5,1,DL,N6714Q,1420,11697,FLL,"Fort Lauderdale, FL",10397,ATL,"Atlanta, GA",1145,1157,12,0,1100-1159,1337,1344,7,1300-1359,0,,112,107,581,3,,,,,,
8,17,6,OO,N173SY,3392,14771,SFO,"San Francisco, CA",12889,LAS,"Las Vegas, NV",1005,0957,0,0,1000-1059,1150,1153,3,1100-1159,0,,105,116,414,2,,,,,,
8,6,2,AA,N965TW,385,11298,DFW,"Dallas/Fort Worth, TX",15016,STL,"St. Louis, MO",0910,0904,0,0,0900-0959,1103,1052,0,1100-1159,0,,113,108,550,3,,,,,,
8,24,6,MQ,N271NN,3457,11298,DFW,"Dallas/Fort Worth, TX",11193,CVG,"Cincinnati, OH",0751,0744,0,0,0700-0759,1109,1056,0,1100-1159,0,,138,132,812,4,,,,,,
8,10,6,WN,N7885A,2232,10693,BNA,"Nashville, TN",11278,DCA,"Washington, DC",1020,1019,0,0,1000-1059,1305,1300,0,1300-1359,0,,105,101,562,3,,,,,,
8,22,4,YX,N207JQ,5996,12953,LGA,"New York, NY",10721,BOS,"Boston, MA",0900,0900,0,0,0900-0959,1025,1031,6,1000-1059,0,,85,91,184,1,,,,,,
8,27,2,AA,N770AN,119,11298,DFW,"Dallas/Fort Worth, TX",13830,OGG,"Kahului, HI",1100,1146,46,1,1100-1159,1406,1432,26,1400-1459,0,,486,466,3711,11,26,0,0,0,0,
8,21,3,OO,N8903A,3742,10397,ATL,"Atlanta, GA",14108,PIA,"Peoria, IL",0950,0949,0,0,0900-0959,1046,1026,0,1000-1059,0,,116,97,565,3,,,,,,
8,11,7,WN,N902WN,5046,12191,HOU,"Houston, TX",15370,TUL,"Tulsa, OK",0820,0818,0,0,0800-0859,0945,0932,0,0900-0959,0,,85,74,453,2,,,,,,
8,18,7,AA,N778XF,955,10721,BOS,"Boston, MA",14100,PHL,"Philadelphia, PA",1755,1750,0,0,1700-1759,1945,1908,0,1900-1959,0,,110,78,280,2,,,,,,
8,10,6,DL,N844DN,1127,10397,ATL,"Atlanta, GA",12889,LAS,"Las Vegas, NV",1321,1321,0,0,1300-1359,1431,1406,0,1400-1459,0,,250,225,1747,7,,,,,,
8,4,7,F9,N339FR,187,12278,ICT,"Wichita, KS",11292,DEN,"Denver, CO",2034,2014,0,0,2000-2059,2110,2109,0,2100-2159,0,,96,115,420,2,,,,,,
8,9,5,AA,N763US,750,12892,LAX,"Los Angeles, CA",12266,IAH,"Houston, TX",1837,1833,0,0,1800-1859,2359,0006,7,2300-2359,0,,202,213,1379,6,,,,,,
8,8,4,OH,N526EA,5580,11057,CLT,"Charlotte, NC",11953,GNV,"Gainesville, FL",2209,2207,0,0,2200-2259,2330,2332,2,2300-2359,0,,81,85,388,2,,,,,,
8,2,5,AA,N838NN,2303,13303,MIA,"Miami, FL",13930,ORD,"Chicago, IL",1540,1722,102,1,1500-1559,1816,2006,110,1800-1859,0,,216,224,1197,5,5,0,8,0,97,
8,3,6,OO,N426SW,3642,10397,ATL,"Atlanta, GA",14696,SBN,"South Bend, IN",1710,1707,0,0,1700-1759,1910,1852,0,1900-1959,0,,120,105,566,3,,,,,,
8,4,7,MQ,N813AE,3983,11905,GGG,"Longview, TX",11298,DFW,"Dallas/Fort Worth, TX",0634,0625,0,0,0600-0659,0739,0718,0,0700-0759,0,,65,53,140,1,,,,,,
8,12,1,YV,N82333,6207,13342,MKE,"Milwaukee, WI",12266,IAH,"Houston, TX",1600,1553,0,0,1600-1659,1850,1834,0,1800-1859,0,,170,161,984,4,,,,,,
8,29,4,DL,N6710E,1927,11697,FLL,"Fort Lauderdale, FL",10397,ATL,"Atlanta, GA",0730,0729,0,0,0700-0759,0923,0916,0,0900-0959,0,,113,107,581,3,,,,,,
8,13,2,WN,N7840A,1407,14679,SAN,"San Diego, CA",14893,SMF,"Sacramento, CA",1030,1031,1,0,1000-1059,1205,1200,0,1200-1259,0,,95,89,480,2,,,,,,
8,14,3,WN,N424WN,3999,13232,MDW,"Chicago, IL",11433,DTW,"Detroit, MI",1445,1511,26,1,1400-1459,1655,1723,28,1600-1659,0,,70,72,228,1,14,0,2,0,12,
8,14,3,AA,N967NN,2594,11298,DFW,"Dallas/Fort Worth, TX",10423,AUS,"Austin, TX",1743,1743,0,0,1700-1759,1839,1837,0,1800-1859,0,,56,54,190,1,,,,,,
8,15,4,AA,N540UW,1800,11057,CLT,"Charlotte, NC",10821,BWI,"Baltimore, MD",2145,2144,0,0,2100-2159,2306,2318,12,2300-2359,0,,81,94,361,2,,,,,,
8,26,1,YV,N86316,6066,12266,IAH,"Houston, TX",11996,GSP,"Greer, SC",1200,1157,0,0,1200-1259,1519,1523,4,1500-1559,0,,139,146,837,4,,,,,,
8,18,7,OO,N753SK,3005,10693,BNA,"Nashville, TN",13930,ORD,"Chicago, IL",1130,2133,603,1,1100-1159,1322,2400,638,1300-1359,0,,112,147,409,2,563,0,35,0,40,
8,31,6,OO,N910SW,5096,11292,DEN,"Denver, CO",11092,CNY,"Moab, UT",0841,0900,19,1,0800-0859,0957,0958,1,0900-0959,0,,76,58,283,2,,,,,,
8,19,1,YV,N82333,6029,11193,CVG,"Cincinnati, OH",12264,IAD,"Washington, DC",1030,1024,0,0,1000-1059,1150,1149,0,1100-1159,0,,80,85,388,2,,,,,,
8,6,2,YV,N942LR,5941,14108,PIA,"Peoria, IL",11298,DFW,"Dallas/Fort Worth, TX",0740,0735,0,0,0700-0759,0950,0931,0,0900-0959,0,,130,116,672,3,,,,,,
8,2,5,OO,N760SK,3050,12191,HOU,"Houston, TX",11298,DFW,"Dallas/Fort Worth, TX",1228,1218,0,0,1200-1259,1345,1328,0,1300-1359,0,,77,70,247,1,,,,,,
8,24,6,AA,N988AL,1067,11292,DEN,"Denver, CO",11298,DFW,"Dallas/Fort Worth, TX",0500,0455,0,0,0001-0559,0800,0747,0,0800-0859,0,,120,112,641,3,,,,,,
8,19,1,WN,N703SW,1403,14107,PHX,"Phoenix, AZ",14908,SNA,"Santa Ana, CA",2100,2108,8,0,2100-2159,2220,2208,0,2200-2259,0,,80,60,338,2,,,,,,
8,27,2,DL,N688DL,2888,10721,BOS,"Boston, MA",14771,SFO,"San Francisco, CA",1730,1738,8,0,1700-1759,2117,2130,13,2100-2159,0,,407,412,2704,11,,,,,,
8,15,4,WN,N250WN,674,12953,LGA,"New York, NY",13232,MDW,"Chicago, IL",0600,0601,1,0,0600-0659,0720,0716,0,0700-0759,0,,140,135,725,3,,,,,,
8,9,5,G4,306NV,2100,14761,SFB,"Sanford, FL",10135,ABE,"Allentown/Bethlehem/Easton, PA",1111,1343,152,1,1100-1159,1334,1611,157,1300-1359,0,,143,148,882,4,152,0,5,0,0,
8,3,6,OH,N708PS,5193,14108,PIA,"Peoria, IL",11057,CLT,"Charlotte, NC",0705,0657,0,0,0700-0759,1012,0949,0,1000-1059,0,,127,112,607,3,,,,,,
8,28,3,DL,N370NB,1782,13487,MSP,"Minneapolis, MN",14908,SNA,"Santa Ana, CA",1749,1744,0,0,1700-1759,1945,1910,0,1900-1959,0,,236,206,1522,7,,,,,,
8,19,1,DL,N829DN,1329,10397,ATL,"Atlanta, GA",13244,MEM,"Memphis, TN",2335,2332,0,0,2300-2359,2359,2344,0,2300-2359,0,,84,72,332,2,,,,,,
8,6,2,OO,N435SW,5260,14771,SFO,"San Francisco, CA",10561,BFL,"Bakersfield, CA",2040,2044,4,0,2000-2059,2154,2151,0,2100-2159,0,,74,67,238,1,,,,,,
8,22,4,WN,N426WN,1268,10821,BWI,"Baltimore, MD",14576,ROC,"Rochester, NY",2155,2354,119,1,2100-2159,2300,0059,119,2300-2359,0,,65,65,277,2,0,0,0,0,119,
8,10,6,UA,N33209,2241,12266,IAH,"Houston, TX",13495,MSY,"New Orleans, LA",1700,1657,0,0,1700-1759,1814,1801,0,1800-1859,0,,74,64,305,2,,,,,,
8,24,6,DL,N936DN,559,10397,ATL,"Atlanta, GA",14683,SAT,"San Antonio, TX",1342,1340,0,0,1300-1359,1505,1452,0,1500-1559,0,,143,132,874,4,,,,,,
8,29,4,DL,N960DN,2017,14100,PHL,"Philadelphia, PA",10397,ATL,"Atlanta, GA",1638,1635,0,0,1600-1659,1909,1831,0,1900-1959,0,,151,116,666,3,,,,,,
8,22,4,DL,N922AT,2933,10397,ATL,"Atlanta, GA",15370,TUL,"Tulsa, OK",2215,2224,9,0,2200-2259,2317,2319,2,2300-2359,0,,122,115,674,3,,,,,,
8,26,1,DL,N383DZ,2864,12478,JFK,"New York, NY",13204,MCO,"Orlando, FL",0805,0759,0,0,0800-0859,1057,1037,0,1000-1059,0,,172,158,944,4,,,,,,
8,9,5,AS,N584AS,179,10299,ANC,"Anchorage, AK",11630,FAI,"Fairbanks, AK",1430,1618,108,1,1400-1459,1530,1720,110,1500-1559,0,,60,62,261,2,108,0,2,0,0,
8,7,3,DL,N681DA,2586,10397,ATL,"Atlanta, GA",13204,MCO,"Orlando, FL",1400,1413,13,0,1400-1459,1533,1726,113,1500-1559,0,,93,193,404,2,0,0,102,0,11,
8,2,5,AA,N980AN,1770,10693,BNA,"Nashville, TN",13303,MIA,"Miami, FL",0734,0729,0,0,0700-0759,1105,1106,1,1100-1159,0,,151,157,806,4,,,,,,
8,11,7,HA,N484HA,533,12173,HNL,"Honolulu, HI",12982,LIH,"Lihue, HI",1847,1842,0,0,1800-1859,1928,1921,0,1900-1959,0,,41,39,102,1,,,,,,
8,16,5,MQ,N820AE,3933,11049,CLL,"College Station/Bryan, TX",11298,DFW,"Dallas/Fort Worth, TX",0500,0448,0,0,0001-0559,0612,0546,0,0600-0659,0,,72,58,164,1,,,,,,
8,18,7,DL,N918DU,2155,14869,SLC,"Salt Lake City, UT",10397,ATL,"Atlanta, GA",0700,0653,0,0,0700-0759,1241,1221,0,1200-1259,0,,221,208,1590,7,,,,,,
8,7,3,WN,N476WN,2396,10821,BWI,"Baltimore, MD",10721,BOS,"Boston, MA",1625,0123,538,1,1600-1659,1805,0251,526,1800-1859,0,,100,88,369,2,0,0,294,0,232,
8,31,6,OO,N838SK,3699,11637,FAR,"Fargo, ND",13487,MSP,"Minneapolis, MN",1420,1415,0,0,1400-1459,1529,1503,0,1500-1559,0,,69,48,223,1,,,,,,
8,2,5,WN,N7878A,2411,10693,BNA,"Nashville, TN",14122,PIT,"Pittsburgh, PA",0955,0952,0,0,0900-0959,1225,1218,0,1200-1259,0,,90,86,462,2,,,,,,
8,28,3,NK,N672NK,292,12889,LAS,"Las Vegas, NV",12266,IAH,"Houston, TX",1854,1847,0,0,1800-1859,2356,2340,0,2300-2359,0,,182,173,1222,5,,,,,,
8,19,1,AA,N754UW,1760,14107,PHX,"Phoenix, AZ",10423,AUS,"Austin, TX",1215,1208,0,0,1200-1259,1633,1617,0,1600-1659,0,,138,129,872,4,,,,,,
8,6,2,WN,N7747C,1375,13232,MDW,"Chicago, IL",10397,ATL,"Atlanta, GA",0820,0821,1,0,0800-0859,1115,1102,0,1100-1159,0,,115,101,591,3,,,,,,
8,6,2,DL,N545US,1397,14747,SEA,"Seattle, WA",13830,OGG,"Kahului, HI",1200,1219,19,1,1200-1259,1511,1522,11,1500-1559,0,,371,363,2640,11,,,,,,
8,2,5,UA,N403UA,2387,13204,MCO,"Orlando, FL",12892,LAX,"Los Angeles, CA",0734,0732,0,0,0700-0759,0939,0934,0,0900-0959,0,,305,302,2218,9,,,,,,
8,31,6,OH,N592NN,5106,11057,CLT,"Charlotte, NC",10434,AVP,"Scranton/Wilkes-Barre, PA",0940,0933,0,0,0900-0959,1134,1111,0,1100-1159,0,,114,98,509,3,,,,,,
8,5,1,UA,N75428,653,12892,LAX,"Los Angeles, CA",12264,IAD,"Washington, DC",1300,1255,0,0,1300-1359,2105,2039,0,2100-2159,0,,305,284,2288,10,,,,,,
8,18,7,WN,N8679A,3716,11042,CLE,"Cleveland, OH",14107,PHX,"Phoenix, AZ",1825,1933,68,1,1800-1859,1945,2035,50,1900-1959,0,,260,242,1737,7,0,0,0,0,50,
8,20,2,OO,N138SY,5720,11292,DEN,"Denver, CO",15041,SUN,"Sun Valley/Hailey/Ketchum, ID",1850,1859,9,0,1800-1859,2045,2045,0,2000-2059,0,,115,106,557,3,,,,,,
8,25,7,WN,N8626B,4224,11292,DEN,"Denver, CO",14683,SAT,"San Antonio, TX",1040,1042,2,0,1000-1059,1355,1333,0,1300-1359,0,,135,111,794,4,,,,,,
8,25,7,UA,N830UA,1555,11292,DEN,"Denver, CO",13851,OKC,"Oklahoma City, OK",1050,1059,9,0,1000-1059,1328,1327,0,1300-1359,0,,98,88,495,2,,,,,,
8,15,4,9E,N676CA,5002,14098,PHF,"Newport News/Williamsburg, VA",10397,ATL,"Atlanta, GA",1208,1204,0,0,1200-1259,1356,1347,0,1300-1359,0,,108,103,508,3,,,,,,
8,14,3,WN,N780SW,28,12191,HOU,"Houston, TX",11259,DAL,"Dallas, TX",1300,1543,163,1,1300-1359,1405,1645,160,1400-1459,0,,65,62,239,1,160,0,0,0,0,
8,2,5,UA,N845UA,2224,12889,LAS,"Las Vegas, NV",13930,ORD,"Chicago, IL",1845,1840,0,0,1800-1859,0015,0005,0,0001-0559,0,,210,205,1514,7,,,,,,
8,31,6,UA,N75410,1156,12266,IAH,"Houston, TX",13204,MCO,"Orlando, FL",1640,1644,4,0,1600-1659,2010,1953,0,2000-2059,0,,150,129,854,4,,,,,,
8,25,7,AA,N12028,2273,11298,DFW,"Dallas/Fort Worth, TX",13244,MEM,"Memphis, TN",2229,2224,0,0,2200-2259,2355,2350,0,2300-2359,0,,86,86,431,2,,,,,,
8,23,5,AA,N973AN,1131,10721,BOS,"Boston, MA",14100,PHL,"Philadelphia, PA",0715,0709,0,0,0700-0759,0853,0846,0,0800-0859,0,,98,97,280,2,,,,,,
8,18,7,UA,N837UA,2302,11618,EWR,"Newark, NJ",10849,BZN,"Bozeman, MT",0830,0830,0,0,0800-0859,1115,1107,0,1100-1159,0,,285,277,1882,8,,,,,,
8,19,1,DL,N916DN,2528,10397,ATL,"Atlanta, GA",11042,CLE,"Cleveland, OH",1213,1219,6,0,1200-1259,1401,1359,0,1400-1459,0,,108,100,554,3,,,,,,
8,22,4,WN,N463WN,20,12191,HOU,"Houston, TX",11259,DAL,"Dallas, TX",1100,1059,0,0,1100-1159,1210,1158,0,1200-1259,0,,70,59,239,1,,,,,,
8,3,6,OO,N265SY,4550,15376,TUS,"Tucson, AZ",14869,SLC,"Salt Lake City, UT",1639,1636,0,0,1600-1659,1932,1921,0,1900-1959,0,,113,105,601,3,,,,,,
8,27,2,UA,N27421,2269,12889,LAS,"Las Vegas, NV",11292,DEN,"Denver, CO",0720,0711,0,0,0700-0759,1015,1008,0,1000-1059,0,,115,117,628,3,,,,,,
8,29,4,WN,N8639B,429,14107,PHX,"Phoenix, AZ",14057,PDX,"Portland, OR",2100,2114,14,0,2100-2159,2335,2337,2,2300-2359,0,,155,143,1009,5,,,,,,
8,25,7,YX,N736YX,3434,11618,EWR,"Newark, NJ",11278,DCA,"Washington, DC",1600,1628,28,1,1600-1659,1722,1725,3,1700-1759,0,,82,57,199,1,,,,,,
8,25,7,AA,N945NN,1207,11298,DFW,"Dallas/Fort Worth, TX",15376,TUS,"Tucson, AZ",1857,1934,37,1,1800-1859,1916,1937,21,1900-1959,0,,139,123,813,4,21,0,0,0,0,
8,12,1,UA,N36272,1590,13930,ORD,"Chicago, IL",14679,SAN,"San Diego, CA",1015,1009,0,0,1000-1059,1233,1234,1,1200-1259,0,,258,265,1723,7,,,,,,
8,15,4,9E,N691CA,5283,14122,PIT,"Pittsburgh, PA",13487,MSP,"Minneapolis, MN",1236,1234,0,0,1200-1259,1349,1340,0,1300-1359,0,,133,126,726,3,,,,,,
8,22,4,OO,N455CA,4132,11146,CRW,"Charleston/Dunbar, WV",10397,ATL,"Atlanta, GA",1050,1046,0,0,1000-1059,1219,1214,0,1200-1259,0,,89,88,363,2,,,,,,
8,13,2,AA,N997NN,956,14679,SAN,"San Diego, CA",13930,ORD,"Chicago, IL",0800,0749,0,0,0800-0859,1419,1338,0,1400-1459,0,,259,229,1723,7,,,,,,
8,8,4,OO,N279SY,4695,12953,LGA,"New York, NY",14524,RIC,"Richmond, VA",1630,1750,80,1,1600-1659,1818,1958,100,1800-1859,0,,108,128,292,2,80,0,20,0,0,
8,13,2,WN,N556WN,2153,12889,LAS,"Las Vegas, NV",12892,LAX,"Los Angeles, CA",2155,2151,0,0,2100-2159,2300,2250,0,2300-2359,0,,65,59,236,1,,,,,,
8,7,3,WN,N7708E,1898,14747,SEA,"Seattle, WA",14107,PHX,"Phoenix, AZ",0705,0706,1,0,0700-0759,0950,0949,0,0900-0959,0,,165,163,1107,5,,,,,,
8,2,5,WN,N716SW,1497,14570,RNO,"Reno, NV",12889,LAS,"Las Vegas, NV",2045,2045,0,0,2000-2059,2205,2155,0,2200-2259,0,,80,70,345,2,,,,,,
8,16,5,UA,N428UA,2207,12266,IAH,"Houston, TX",13256,MFE,"Mission/McAllen/Edinburg, TX",2150,2156,6,0,2100-2159,2302,2300,0,2300-2359,0,,72,64,316,2,,,,,,
8,12,1,YV,N945LR,5776,11298,DFW,"Dallas/Fort Worth, TX",12191,HOU,"Houston, TX",0847,0845,0,0,0800-0859,1001,0954,0,1000-1059,0,,74,69,247,1,,,,,,
8,22,4,9E,N8877A,3392,11433,DTW,"Detroit, MI",15412,TYS,"Knoxville, TN",2010,2005,0,0,2000-2059,2149,2131,0,2100-2159,0,,99,86,443,2,,,,,,
8,27,2,OH,N583NN,5539,11057,CLT,"Charlotte, NC",10581,BGR,"Bangor, ME",1327,1332,5,0,1300-1359,1557,1556,0,1500-1559,0,,150,144,921,4,,,,,,
8,25,7,YV,N87353,6350,13851,OKC,"Oklahoma City, OK",12264,IAD,"Washington, DC",0800,0753,0,0,0800-0859,1150,1135,0,1100-1159,0,,170,162,1136,5,,,,,,
8,30,5,AA,N9006,2889,10792,BUF,"Buffalo, NY",13930,ORD,"Chicago, IL",0748,0746,0,0,0700-0759,0839,0828,0,0800-0859,0,,111,102,473,2,,,,,,
8,21,3,DL,N376DN,2643,10721,BOS,"Boston, MA",10397,ATL,"Atlanta, GA",1820,1923,63,1,1800-1859,2118,2214,56,2100-2159,0,,178,171,946,4,0,0,56,0,0,
8,9,5,WN,N776WN,2409,13204,MCO,"Orlando, FL",14307,PVD,"Providence, RI",0650,0650,0,0,0600-0659,0935,0928,0,0900-0959,0,,165,158,1072,5,,,,,,
8,22,4,UA,N33266,2423,14107,PHX,"Phoenix, AZ",14771,SFO,"San Francisco, CA",1838,1911,33,1,1800-1859,2040,2058,18,2000-2059,0,,122,107,651,3,0,0,0,0,18,
8,6,2,WN,N7714B,32,12191,HOU,"Houston, TX",11259,DAL,"Dallas, TX",1400,1358,0,0,1400-1459,1510,1449,0,1500-1559,0,,70,51,239,1,,,,,,
8,18,7,B6,N969JT,577,11697,FLL,"Fort Lauderdale, FL",14771,SFO,"San Francisco, CA",0826,0814,0,0,0800-0859,1132,1117,0,1100-1159,0,,366,363,2584,11,,,,,,
8,25,7,AA,N152UW,2095,13930,ORD,"Chicago, IL",14100,PHL,"Philadelphia, PA",1154,1150,0,0,1100-1159,1456,1440,0,1400-1459,0,,122,110,678,3,,,,,,
8,7,3,AA,N737US,831,11057,CLT,"Charlotte, NC",14524,RIC,"Richmond, VA",1145,1137,0,0,1100-1159,1300,1255,0,1300-1359,0,,75,78,257,2,,,,,,
8,1,4,WN,N910WN,6459,14893,SMF,"Sacramento, CA",14057,PDX,"Portland, OR",2135,2136,1,0,2100-2159,2255,2253,0,2200-2259,0,,80,77,479,2,,,,,,
8,4,7,B6,N794JB,1007,14747,SEA,"Seattle, WA",12954,LGB,"Long Beach, CA",0631,0625,0,0,0600-0659,0907,0903,0,0900-0959,0,,156,158,965,4,,,,,,
8,22,4,AA,N993NN,2019,11042,CLE,"Cleveland, OH",11298,DFW,"Dallas/Fort Worth, TX",1915,1927,12,0,1900-1959,2107,2112,5,2100-2159,0,,172,165,1021,5,,,,,,
8,13,2,AA,N972NN,2285,14908,SNA,"Santa Ana, CA",13930,ORD,"Chicago, IL",0810,0806,0,0,0800-0859,1421,1357,0,1400-1459,0,,251,231,1726,7,,,,,,
8,29,4,B6,N705JB,2933,13204,MCO,"Orlando, FL",14843,SJU,"San Juan, PR",0816,0812,0,0,0800-0859,1104,1102,0,1100-1159,0,,168,170,1189,5,,,,,,
8,17,6,OO,N750EV,3279,11298,DFW,"Dallas/Fort Worth, TX",15412,TYS,"Knoxville, TN",0657,0652,0,0,0600-0659,1011,1000,0,1000-1059,0,,134,128,771,4,,,,,,
8,12,1,WN,N208WN,290,10713,BOI,"Boise, ID",13796,OAK,"Oakland, CA",0655,0655,0,0,0600-0659,0735,0729,0,0700-0759,0,,100,94,512,3,,,,,,
8,31,6,AA,N123NN,212,13830,OGG,"Kahului, HI",12892,LAX,"Los Angeles, CA",1425,1422,0,0,1400-1459,2248,2241,0,2200-2259,0,,323,319,2486,10,,,,,,
8,29,4,EV,N13913,4438,12266,IAH,"Houston, TX",12448,JAN,"Jackson/Vicksburg, MS",2000,1956,0,0,2000-2059,2124,2130,6,2100-2159,0,,84,94,351,2,,,,,,
8,12,1,UA,N78511,609,11278,DCA,"Washington, DC",13930,ORD,"Chicago, IL",0945,0940,0,0,0900-0959,1049,1031,0,1000-1059,0,,124,111,612,3,,,,,,
8,15,4,AA,N580UW,2775,11057,CLT,"Charlotte, NC",12892,LAX,"Los Angeles, CA",1820,1842,22,1,1800-1859,2026,2038,12,2000-2059,0,,306,296,2125,9,,,,,,
8,20,2,DL,N315NB,2404,11066,CMH,"Columbus, OH",14869,SLC,"Salt Lake City, UT",0820,0814,0,0,0800-0859,1015,1000,0,1000-1059,0,,235,226,1528,7,,,,,,
8,5,1,OO,N254SY,4585,13485,MSN,"Madison, WI",14869,SLC,"Salt Lake City, UT",1830,1820,0,0,1800-1859,2043,2056,13,2000-2059,0,,193,216,1174,5,,,,,,
8,7,3,UA,N76503,491,10849,BZN,"Bozeman, MT",11292,DEN,"Denver, CO",0822,0814,0,0,0800-0859,0957,0956,0,0900-0959,0,,95,102,524,3,,,,,,
8,1,4,WN,N794SW,255,15016,STL,"St. Louis, MO",11278,DCA,"Washington, DC",1305,1259,0,0,1300-1359,1605,1551,0,1600-1659,0,,120,112,719,3,,,,,,
8,23,5,DL,N822DN,2016,10397,ATL,"Atlanta, GA",11292,DEN,"Denver, CO",1526,1544,18,1,1500-1559,1640,1828,108,1600-1659,0,,194,284,1199,5,8,0,90,0,10,
8,1,4,NK,N531NK,585,11042,CLE,"Cleveland, OH",13495,MSY,"New Orleans, LA",1517,1518,1,0,1500-1559,1643,1640,0,1600-1659,0,,146,142,917,4,,,,,,
8,11,7,AA,N561UW,1320,10721,BOS,"Boston, MA",11057,CLT,"Charlotte, NC",1440,1433,0,0,1400-1459,1714,1650,0,1700-1759,0,,154,137,728,3,,,,,,
8,14,3,WN,N8581Z,1690,11292,DEN,"Denver, CO",11618,EWR,"Newark, NJ",1725,1845,80,1,1700-1759,2310,0012,62,2300-2359,0,,225,207,1605,7,62,0,0,0,0,
8,18,7,DL,N964DL,2897,10397,ATL,"Atlanta, GA",10208,AGS,"Augusta, GA",1931,1929,0,0,1900-1959,2029,2015,0,2000-2059,0,,58,46,143,1,,,,,,
8,5,1,DL,N982AT,1161,10397,ATL,"Atlanta, GA",11267,DAY,"Dayton, OH",1214,1210,0,0,1200-1259,1346,1335,0,1300-1359,0,,92,85,432,2,,,,,,
8,7,3,DL,N908DE,1297,10397,ATL,"Atlanta, GA",14986,SRQ,"Sarasota/Bradenton, FL",1503,1524,21,1,1500-1559,1641,1654,13,1600-1659,0,,98,90,444,2,,,,,,
8,31,6,DL,N328DN,1640,12889,LAS,"Las Vegas, NV",10397,ATL,"Atlanta, GA",2330,2330,0,0,2300-2359,0617,0614,0,0600-0659,0,,227,224,1747,7,,,,,,
8,14,3,WN,N488WN,799,14683,SAT,"San Antonio, TX",10397,ATL,"Atlanta, GA",1745,1800,15,1,1700-1759,2105,2125,20,2100-2159,0,,140,145,874,4,1,0,5,0,14,
8,22,4,UA,N36469,1083,12892,LAX,"Los Angeles, CA",11292,DEN,"Denver, CO",1955,1950,0,0,1900-1959,2318,2306,0,2300-2359,0,,143,136,862,4,,,,,,
8,28,3,AA,N106NN,2,12892,LAX,"Los Angeles, CA",12478,JFK,"New York, NY",0800,0753,0,0,0800-0859,1650,1616,0,1600-1659,0,,350,323,2475,10,,,,,,
8,16,5,AA,N927AN,2845,14679,SAN,"San Diego, CA",13930,ORD,"Chicago, IL",2253,2251,0,0,2200-2259,0500,0429,0,0001-0559,0,,247,218,1723,7,,,,,,
8,13,2,B6,N565JB,934,14843,SJU,"San Juan, PR",13204,MCO,"Orlando, FL",0836,0826,0,0,0800-0859,1134,1129,0,1100-1159,0,,178,183,1189,5,,,,,,
8,8,4,OH,N244PS,5162,12953,LGA,"New York, NY",14122,PIT,"Pittsburgh, PA",1530,2036,306,1,1500-1559,1708,2215,307,1700-1759,0,,98,99,335,2,0,306,1,0,0,
8,19,1,OO,N459SW,4271,14869,SLC,"Salt Lake City, UT",10918,CDC,"Cedar City, UT",0945,0942,0,0,0900-0959,1045,1033,0,1000-1059,0,,60,51,221,1,,,,,,
8,19,1,WN,N8524Z,2421,12889,LAS,"Las Vegas, NV",10693,BNA,"Nashville, TN",1230,1234,4,0,1200-1259,1805,1758,0,1800-1859,0,,215,204,1587,7,,,,,,
8,7,3,NK,N692NK,875,11618,EWR,"Newark, NJ",11057,CLT,"Charlotte, NC",0845,0844,0,0,0800-0859,1035,1045,10,1000-1059,0,,110,121,529,3,,,,,,
8,13,2,DL,N883DN,1739,10397,ATL,"Atlanta, GA",15376,TUS,"Tucson, AZ",2054,2052,0,0,2000-2059,2141,2119,0,2100-2159,0,,227,207,1541,7,,,,,,
8,21,3,AA,N955UW,2018,14100,PHL,"Philadelphia, PA",14492,RDU,"Raleigh/Durham, NC",1510,1555,45,1,1500-1559,1632,1744,72,1600-1659,0,,82,109,337,2,45,0,27,0,0,
8,7,3,WN,N793SA,1786,11259,DAL,"Dallas, TX",10423,AUS,"Austin, TX",1220,1221,1,0,1200-1259,1320,1316,0,1300-1359,0,,60,55,189,1,,,,,,
8,20,2,B6,N283JB,626,10821,BWI,"Baltimore, MD",10721,BOS,"Boston, MA",1103,1052,0,0,1100-1159,1227,1216,0,1200-1259,0,,84,84,369,2,,,,,,
8,6,2,WN,N428WN,3555,11433,DTW,"Detroit, MI",13232,MDW,"Chicago, IL",2125,2125,0,0,2100-2159,2135,2120,0,2100-2159,0,,70,55,228,1,,,,,,
8,2,5,MQ,N684JW,3328,13930,ORD,"Chicago, IL",14122,PIT,"Pittsburgh, PA",1224,1306,42,1,1200-1259,1456,1528,32,1400-1459,0,,92,82,413,2,6,0,0,0,26,
8,14,3,B6,N980JT,264,14747,SEA,"Seattle, WA",12478,JFK,"New York, NY",2226,2305,39,1,2200-2259,0652,0708,16,0600-0659,0,,326,303,2422,10,0,0,0,0,16,
8,22,4,OO,N445SW,4007,13487,MSP,"Minneapolis, MN",12389,ISN,"Williston, ND",0955,0952,0,0,0900-0959,1155,1132,0,1100-1159,0,,120,100,546,3,,,,,,
8,26,1,UA,N840UA,1661,13930,ORD,"Chicago, IL",10693,BNA,"Nashville, TN",0745,0739,0,0,0700-0759,0923,0941,18,0900-0959,0,,98,122,409,2,0,0,18,0,0,
8,25,7,WN,N719SW,5344,13232,MDW,"Chicago, IL",10599,BHM,"Birmingham, AL",1005,1005,0,0,1000-1059,1145,1138,0,1100-1159,0,,100,93,570,3,,,,,,
8,2,5,WN,N8674B,1699,14492,RDU,"Raleigh/Durham, NC",15304,TPA,"Tampa, FL",0715,0714,0,0,0700-0759,0900,0855,0,0900-0959,0,,105,101,587,3,,,,,,
8,28,3,AA,N406AN,820,14107,PHX,"Phoenix, AZ",12892,LAX,"Los Angeles, CA",2047,2043,0,0,2000-2059,2220,2315,55,2200-2259,0,,93,152,370,2,0,0,55,0,0,
8,5,1,WN,N7726A,1165,13796,OAK,"Oakland, CA",14908,SNA,"Santa Ana, CA",1200,1157,0,0,1200-1259,1330,1318,0,1300-1359,0,,90,81,371,2,,,,,,
8,3,6,OO,N124SY,5927,10849,BZN,"Bozeman, MT",14771,SFO,"San Francisco, CA",1241,1233,0,0,1200-1259,1419,1423,4,1400-1459,0,,158,170,807,4,,,,,,
8,11,7,AA,N337PJ,1339,12264,IAD,"Washington, DC",12892,LAX,"Los Angeles, CA",1903,1900,0,0,1900-1959,2142,2104,0,2100-2159,0,,339,304,2288,10,,,,,,
8,15,4,B6,N655JB,525,12478,JFK,"New York, NY",15304,TPA,"Tampa, FL",0746,0758,12,0,0700-0759,1043,1058,15,1000-1059,0,,177,180,1005,5,12,0,3,0,0,
8,25,7,WN,N7850B,3768,12889,LAS,"Las Vegas, NV",10140,ABQ,"Albuquerque, NM",2130,2132,2,0,2100-2159,2350,2355,5,2300-2359,0,,80,83,486,2,,,,,,
8,25,7,DL,N332NB,1264,14869,SLC,"Salt Lake City, UT",13930,ORD,"Chicago, IL",0954,0948,0,0,0900-0959,1410,1352,0,1400-1459,0,,196,184,1250,6,,,,,,
8,4,7,DL,N970AT,2170,15016,STL,"St. Louis, MO",13487,MSP,"Minneapolis, MN",1728,1721,0,0,1700-1759,1909,1906,0,1900-1959,0,,101,105,448,2,,,,,,
8,13,2,DL,N960DL,1733,10397,ATL,"Atlanta, GA",11481,ECP,"Panama City, FL",1108,1104,0,0,1100-1159,1116,1105,0,1100-1159,0,,68,61,240,1,,,,,,
8,19,1,EV,N11184,4361,11996,GSP,"Greer, SC",11618,EWR,"Newark, NJ",0600,0550,0,0,0600-0659,0805,0744,0,0800-0859,0,,125,114,594,3,,,,,,
8,13,2,WN,N8661A,1645,13204,MCO,"Orlando, FL",12191,HOU,"Houston, TX",0835,0833,0,0,0800-0859,1000,0954,0,1000-1059,0,,145,141,849,4,,,,,,
8,26,1,AS,N474AS,474,14570,RNO,"Reno, NV",14747,SEA,"Seattle, WA",1420,1603,103,1,1400-1459,1615,1802,107,1600-1659,0,,115,119,564,3,0,0,4,0,103,
8,17,6,B6,N187JB,417,10721,BOS,"Boston, MA",12478,JFK,"New York, NY",1000,0957,0,0,1000-1059,1116,1115,0,1100-1159,0,,76,78,187,1,,,,,,
8,20,2,OO,N149SY,5548,11292,DEN,"Denver, CO",13198,MCI,"Kansas City, MO",1335,1340,5,0,1300-1359,1614,1620,6,1600-1659,0,,99,100,533,3,,,,,,
8,18,7,WN,N8656B,54,11292,DEN,"Denver, CO",11884,GEG,"Spokane, WA",0905,0932,27,1,0900-0959,1020,1039,19,1000-1059,0,,135,127,836,4,0,0,0,0,19,
8,31,6,9E,N131EV,3287,11193,CVG,"Cincinnati, OH",12953,LGA,"New York, NY",0800,0756,0,0,0800-0859,0956,0939,0,0900-0959,0,,116,103,585,3,,,,,,
8,30,5,EV,N12135,4334,11042,CLE,"Cleveland, OH",11618,EWR,"Newark, NJ",1100,1053,0,0,1100-1159,1242,1217,0,1200-1259,0,,102,84,404,2,,,,,,
8,21,3,WN,N251WN,2151,14107,PHX,"Phoenix, AZ",12889,LAS,"Las Vegas, NV",1205,1203,0,0,1200-1259,1310,1301,0,1300-1359,0,,65,58,255,2,,,,,,
8,1,4,AS,N853VA,1913,12889,LAS,"Las Vegas, NV",14771,SFO,"San Francisco, CA",1525,1545,20,1,1500-1559,1705,1707,2,1700-1759,0,,100,82,414,2,,,,,,
8,16,5,UA,N66841,295,11618,EWR,"Newark, NJ",10693,BNA,"Nashville, TN",1800,1834,34,1,1800-1859,1928,1958,30,1900-1959,0,,148,144,748,3,0,0,0,0,30,
8,13,2,DL,N6707A,943,14679,SAN,"San Diego, CA",12478,JFK,"New York, NY",1521,1536,15,1,1500-1559,2358,2334,0,2300-2359,0,,337,298,2446,10,,,,,,
8,16,5,WN,N715SW,2454,12191,HOU,"Houston, TX",10599,BHM,"Birmingham, AL",1045,1113,28,1,1000-1059,1225,1239,14,1200-1259,0,,100,86,570,3,,,,,,
8,3,6,WN,N8643A,2815,12889,LAS,"Las Vegas, NV",13495,MSY,"New Orleans, LA",1650,1655,5,0,1600-1659,2215,2218,3,2200-2259,0,,205,203,1500,7,,,,,,
8,4,7,YX,N438YX,4629,13303,MIA,"Miami, FL",12451,JAX,"Jacksonville, FL",1335,1332,0,0,1300-1359,1457,1530,33,1400-1459,0,,82,118,335,2,0,0,33,0,0,
8,30,5,OO,N909SW,5876,11638,FAT,"Fresno, CA",14771,SFO,"San Francisco, CA",1005,1054,49,1,1000-1059,1108,1144,36,1100-1159,0,,63,50,158,1,0,0,0,0,36,
8,9,5,EV,N603UX,4028,13256,MFE,"Mission/McAllen/Edinburg, TX",12266,IAH,"Houston, TX",0730,1054,204,1,0700-0759,0847,1213,206,0800-0859,0,,77,79,316,2,204,0,2,0,0,
8,9,5,9E,N918XJ,5272,13433,MOT,"Minot, ND",13487,MSP,"Minneapolis, MN",1332,1331,0,0,1300-1359,1459,1449,0,1400-1459,0,,87,78,449,2,,,,,,
8,4,7,B6,N640JB,1288,14027,PBI,"West Palm Beach/Palm Beach, FL",14307,PVD,"Providence, RI",0817,0811,0,0,0800-0859,1115,1053,0,1100-1159,0,,178,162,1148,5,,,,,,
8,13,2,OO,N750EV,3168,10372,ASE,"Aspen, CO",11298,DFW,"Dallas/Fort Worth, TX",1108,1058,0,0,1100-1159,1417,1416,0,1400-1459,0,,129,138,701,3,,,,,,
8,29,4,WN,N7888A,2267,13487,MSP,"Minneapolis, MN",15016,STL,"St. Louis, MO",1045,1142,57,1,1000-1059,1215,,,1200-1259,1,A,90,,448,2,,,,,,
8,16,5,OO,N832SK,4111,11433,DTW,"Detroit, MI",10599,BHM,"Birmingham, AL",2052,2047,0,0,2000-2059,2149,2136,0,2100-2159,0,,117,109,625,3,,,,,,
8,12,1,WN,N700GS,1299,11292,DEN,"Denver, CO",12892,LAX,"Los Angeles, CA",0615,0614,0,0,0600-0659,0745,0740,0,0700-0759,0,,150,146,862,4,,,,,,
8,1,4,OH,N525AE,5566,11057,CLT,"Charlotte, NC",12217,HSV,"Huntsville, AL",1425,1418,0,0,1400-1459,1447,1436,0,1400-1459,0,,82,78,333,2,,,,,,
8,6,2,B6,N997JL,52,13204,MCO,"Orlando, FL",10721,BOS,"Boston, MA",0732,0721,0,0,0700-0759,1029,1026,0,1000-1059,0,,177,185,1121,5,,,,,,
8,23,5,AS,N224AK,63,14747,SEA,"Seattle, WA",14828,SIT,"Sitka, AK",1140,1137,0,0,1100-1159,1315,1303,0,1300-1359,0,,155,146,861,4,,,,,,
8,29,4,AA,N106NN,3,12478,JFK,"New York, NY",12892,LAX,"Los Angeles, CA",1229,1220,0,0,1200-1259,1526,1505,0,1500-1559,0,,357,345,2475,10,,,,,,
8,12,1,OO,N447SW,4304,15897,WYS,"West Yellowstone, MT",14869,SLC,"Salt Lake City, UT",1520,1536,16,1,1500-1559,1630,1635,5,1600-1659,0,,70,59,273,2,,,,,,
8,11,7,WN,N7733B,5146,11066,CMH,"Columbus, OH",15016,STL,"St. Louis, MO",2040,2040,0,0,2000-2059,2105,2058,0,2100-2159,0,,85,78,409,2,,,,,,
8,11,7,WN,N793SA,5015,13796,OAK,"Oakland, CA",14869,SLC,"Salt Lake City, UT",2145,2142,0,0,2100-2159,0025,0013,0,0001-0559,0,,100,91,588,3,,,,,,
8,5,1,AA,N914NN,1614,12266,IAH,"Houston, TX",13303,MIA,"Miami, FL",1101,1100,0,0,1100-1159,1441,1452,11,1400-1459,0,,160,172,964,4,,,,,,
8,30,5,YX,N424YX,4517,13303,MIA,"Miami, FL",12953,LGA,"New York, NY",0650,0648,0,0,0600-0659,0953,1017,24,0900-0959,0,,183,209,1096,5,0,0,24,0,0,
8,17,6,9E,N917XJ,3315,11995,GSO,"Greensboro/High Point, NC",12953,LGA,"New York, NY",0800,0759,0,0,0800-0859,0949,0927,0,0900-0959,0,,109,88,461,2,,,,,,
8,22,4,WN,N416WN,2487,14869,SLC,"Salt Lake City, UT",12889,LAS,"Las Vegas, NV",0715,0709,0,0,0700-0759,0730,0731,1,0700-0759,0,,75,82,368,2,,,,,,
8,7,3,WN,N716SW,2308,15376,TUS,"Tucson, AZ",12889,LAS,"Las Vegas, NV",0955,0952,0,0,0900-0959,1110,1103,0,1100-1159,0,,75,71,365,2,,,,,,
8,31,6,B6,N190JB,1526,10821,BWI,"Baltimore, MD",10721,BOS,"Boston, MA",1558,1542,0,0,1500-1559,1729,1655,0,1700-1759,0,,91,73,369,2,,,,,,
8,26,1,9E,N8896A,5362,10397,ATL,"Atlanta, GA",10208,AGS,"Augusta, GA",1306,1302,0,0,1300-1359,1405,1352,0,1400-1459,0,,59,50,143,1,,,,,,
8,18,7,WN,N7855A,4919,10721,BOS,"Boston, MA",10821,BWI,"Baltimore, MD",1730,1736,6,0,1700-1759,1925,1912,0,1900-1959,0,,115,96,369,2,,,,,,
8,21,3,G4,241NV,1716,12544,USA,"Concord, NC",11697,FLL,"Fort Lauderdale, FL",0945,0935,0,0,0900-0959,1140,1130,0,1100-1159,0,,115,115,643,3,,,,,,
8,5,1,MQ,N803AE,3982,11298,DFW,"Dallas/Fort Worth, TX",11905,GGG,"Longview, TX",2103,2057,0,0,2100-2159,2203,2145,0,2200-2259,0,,60,48,140,1,,,,,,
8,27,2,OH,N549NN,5119,11057,CLT,"Charlotte, NC",13244,MEM,"Memphis, TN",1125,1119,0,0,1100-1159,1215,1229,14,1200-1259,0,,110,130,511,3,,,,,,
8,4,7,WN,N8542Z,5600,14107,PHX,"Phoenix, AZ",13204,MCO,"Orlando, FL",1100,1058,0,0,1100-1159,1825,1804,0,1800-1859,0,,265,246,1849,8,,,,,,
8,17,6,EV,N16546,4023,12266,IAH,"Houston, TX",10279,AMA,"Amarillo, TX",1835,1825,0,0,1800-1859,2018,2006,0,2000-2059,0,,103,101,517,3,,,,,,
8,7,3,NK,N671NK,948,11298,DFW,"Dallas/Fort Worth, TX",13930,ORD,"Chicago, IL",1700,1859,119,1,1700-1759,1931,2129,118,1900-1959,0,,151,150,801,4,0,0,17,0,101,
8,13,2,B6,N980JT,687,10721,BOS,"Boston, MA",12892,LAX,"Los Angeles, CA",1554,1551,0,0,1500-1559,1916,1907,0,1900-1959,0,,382,376,2611,11,,,,,,
8,29,4,UA,N61886,1977,12892,LAX,"Los Angeles, CA",12266,IAH,"Houston, TX",1201,1153,0,0,1200-1259,1722,1655,0,1700-1759,0,,201,182,1379,6,,,,,,
8,8,4,OO,N899SK,4749,14869,SLC,"Salt Lake City, UT",13891,ONT,"Ontario, CA",1705,1724,19,1,1700-1759,1754,1811,17,1700-1759,0,,109,107,558,3,17,0,0,0,0,
8,25,7,WN,N7811F,3110,11278,DCA,"Washington, DC",14307,PVD,"Providence, RI",0715,0713,0,0,0700-0759,0835,0820,0,0800-0859,0,,80,67,356,2,,,,,,
8,28,3,WN,N8536Z,1228,11259,DAL,"Dallas, TX",11292,DEN,"Denver, CO",1935,1931,0,0,1900-1959,2040,2025,0,2000-2059,0,,125,114,651,3,,,,,,
8,6,2,WN,N457WN,974,14107,PHX,"Phoenix, AZ",14679,SAN,"San Diego, CA",1525,1522,0,0,1500-1559,1635,1619,0,1600-1659,0,,70,57,304,2,,,,,,
8,7,3,WN,N232WN,1501,13796,OAK,"Oakland, CA",14908,SNA,"Santa Ana, CA",0615,0610,0,0,0600-0659,0745,0737,0,0700-0759,0,,90,87,371,2,,,,,,
8,3,6,WN,N963WN,2561,11278,DCA,"Washington, DC",13232,MDW,"Chicago, IL",1655,1739,44,1,1600-1659,1755,1825,30,1700-1759,0,,120,106,601,3,12,0,0,0,18,
8,5,1,YX,N105HQ,4657,13871,OMA,"Omaha, NE",14100,PHL,"Philadelphia, PA",0600,0555,0,0,0600-0659,0953,0934,0,0900-0959,0,,173,159,1088,5,,,,,,
8,17,6,WN,N729SW,4001,14730,SDF,"Louisville, KY",13204,MCO,"Orlando, FL",0600,0601,1,0,0600-0659,0800,0754,0,0800-0859,0,,120,113,719,3,,,,,,
8,9,5,B6,N594JB,878,12889,LAS,"Las Vegas, NV",10721,BOS,"Boston, MA",2054,2130,36,1,2000-2059,0501,0511,10,0001-0559,0,,307,281,2381,10,,,,,,
8,10,6,AA,N207UW,664,12758,KOA,"Kona, HI",14107,PHX,"Phoenix, AZ",2300,2255,0,0,2300-2359,0752,0730,0,0700-0759,0,,352,335,2860,11,,,,,,
8,20,2,DL,N893AT,683,10721,BOS,"Boston, MA",14492,RDU,"Raleigh/Durham, NC",0853,0906,13,0,0800-0859,1101,1100,0,1100-1159,0,,128,114,612,3,,,,,,
8,7,3,WN,N8512U,1438,12889,LAS,"Las Vegas, NV",14122,PIT,"Pittsburgh, PA",0915,0919,4,0,0900-0959,1625,1611,0,1600-1659,0,,250,232,1910,8,,,,,,
8,31,6,WN,N7841A,3391,14122,PIT,"Pittsburgh, PA",14107,PHX,"Phoenix, AZ",1605,1602,0,0,1600-1659,1730,1707,0,1700-1759,0,,265,245,1814,8,,,,,,
8,5,1,AA,N963NN,1113,11298,DFW,"Dallas/Fort Worth, TX",14831,SJC,"San Jose, CA",0916,1054,98,1,0900-0959,1103,1220,77,1100-1159,0,,227,206,1438,6,60,0,0,0,17,
8,9,5,NK,N669NK,193,12266,IAH,"Houston, TX",12889,LAS,"Las Vegas, NV",0930,0924,0,0,0900-0959,1033,1015,0,1000-1059,0,,183,171,1222,5,,,,,,
8,31,6,B6,N580JB,1572,11697,FLL,"Fort Lauderdale, FL",12953,LGA,"New York, NY",1107,1200,53,1,1100-1159,1407,1515,68,1400-1459,0,,180,195,1076,5,53,0,15,0,0,
8,20,2,YV,N86322,6202,13256,MFE,"Mission/McAllen/Edinburg, TX",12266,IAH,"Houston, TX",0950,0943,0,0,0900-0959,1107,1058,0,1100-1159,0,,77,75,316,2,,,,,,
8,20,2,YX,N979RP,3530,11618,EWR,"Newark, NJ",11433,DTW,"Detroit, MI",2145,0023,158,1,2100-2159,2342,0158,136,2300-2359,0,,117,95,488,2,0,0,0,0,136,
8,14,3,DL,N979DL,1705,10397,ATL,"Atlanta, GA",14730,SDF,"Louisville, KY",1652,1701,9,0,1600-1659,1816,1816,0,1800-1859,0,,84,75,321,2,,,,,,
8,16,5,G4,272NV,306,12280,IDA,"Idaho Falls, ID",12892,LAX,"Los Angeles, CA",1209,1156,0,0,1200-1259,1320,1303,0,1300-1359,0,,131,127,743,3,,,,,,
8,3,6,WN,N406WN,4144,11278,DCA,"Washington, DC",15304,TPA,"Tampa, FL",0805,0801,0,0,0800-0859,1025,1026,1,1000-1059,0,,140,145,814,4,,,,,,
8,7,3,DL,N689DL,700,10397,ATL,"Atlanta, GA",11433,DTW,"Detroit, MI",1951,2227,156,1,1900-1959,2150,0019,149,2100-2159,0,,119,112,594,3,149,0,0,0,0,
8,14,3,DL,N370DN,1517,11433,DTW,"Detroit, MI",14679,SAN,"San Diego, CA",0848,0851,3,0,0800-0859,1026,1028,2,1000-1059,0,,278,277,1956,8,,,,,,
8,15,4,DL,N919AT,664,12892,LAX,"Los Angeles, CA",14771,SFO,"San Francisco, CA",0810,0806,0,0,0800-0859,0942,0933,0,0900-0959,0,,92,87,337,2,,,,,,
8,20,2,AA,N907NN,1096,14524,RIC,"Richmond, VA",11298,DFW,"Dallas/Fort Worth, TX",1154,1149,0,0,1100-1159,1400,1359,0,1400-1459,0,,186,190,1158,5,,,,,,
8,7,3,G4,328NV,2169,10135,ABE,"Allentown/Bethlehem/Easton, PA",14761,SFB,"Sanford, FL",1602,1611,9,0,1600-1659,1821,1823,2,1800-1859,0,,139,132,882,4,,,,,,
8,9,5,DL,N381DN,2435,12478,JFK,"New York, NY",14107,PHX,"Phoenix, AZ",1930,1930,0,0,1900-1959,2210,2212,2,2200-2259,0,,340,342,2153,9,,,,,,
8,3,6,WN,N7884G,3705,11278,DCA,"Washington, DC",15304,TPA,"Tampa, FL",1315,1332,17,1,1300-1359,1535,1542,7,1500-1559,0,,140,130,814,4,,,,,,
8,18,7,AA,N905NN,1033,11278,DCA,"Washington, DC",13930,ORD,"Chicago, IL",1054,1531,277,1,1000-1059,1213,1646,273,1200-1259,0,,139,135,612,3,0,0,80,0,193,
8,4,7,DL,N3744F,422,14100,PHL,"Philadelphia, PA",14869,SLC,"Salt Lake City, UT",1730,1731,1,0,1700-1759,2030,2019,0,2000-2059,0,,300,288,1927,8,,,,,,
8,21,3,DL,N342NW,2806,11298,DFW,"Dallas/Fort Worth, TX",12892,LAX,"Los Angeles, CA",1510,1508,0,0,1500-1559,1625,1621,0,1600-1659,0,,195,193,1235,5,,,,,,
8,23,5,HA,N370HA,6,12173,HNL,"Honolulu, HI",12889,LAS,"Las Vegas, NV",0805,0804,0,0,0800-0859,1655,1651,0,1600-1659,0,,350,347,2762,11,,,,,,
8,11,7,DL,N328NW,1192,14679,SAN,"San Diego, CA",14747,SEA,"Seattle, WA",1856,1916,20,1,1800-1859,2148,2227,39,2100-2159,0,,172,191,1050,5,11,0,19,0,9,
8,16,5,WN,N748SW,1850,10423,AUS,"Austin, TX",15016,STL,"St. Louis, MO",1620,1617,0,0,1600-1659,1815,1811,0,1800-1859,0,,115,114,721,3,,,,,,
8,11,7,OH,N592NN,5609,11641,FAY,"Fayetteville, NC",11057,CLT,"Charlotte, NC",0706,0704,0,0,0700-0759,0818,0807,0,0800-0859,0,,72,63,118,1,,,,,,
8,11,7,AA,N108UW,400,11057,CLT,"Charlotte, NC",11278,DCA,"Washington, DC",0918,0915,0,0,0900-0959,1043,1026,0,1000-1059,0,,85,71,331,2,,,,,,
8,15,4,EV,N11192,4050,12266,IAH,"Houston, TX",11049,CLL,"College Station/Bryan, TX",1435,1430,0,0,1400-1459,1522,1503,0,1500-1559,0,,47,33,74,1,,,,,,
8,16,5,MQ,N538EG,4238,13930,ORD,"Chicago, IL",11423,DSM,"Des Moines, IA",0955,0948,0,0,0900-0959,1114,1051,0,1100-1159,0,,79,63,299,2,,,,,,
8,2,5,WN,N8672F,2328,13796,OAK,"Oakland, CA",14679,SAN,"San Diego, CA",1055,1108,13,0,1000-1059,1220,1235,15,1200-1259,0,,85,87,446,2,8,0,2,0,5,
8,11,7,AS,N570AS,60,12819,KTN,"Ketchikan, AK",14747,SEA,"Seattle, WA",0930,0940,10,0,0900-0959,1225,1241,16,1200-1259,0,,115,121,680,3,10,0,6,0,0,
8,9,5,WN,N8651A,245,10423,AUS,"Austin, TX",10821,BWI,"Baltimore, MD",0545,0546,1,0,0001-0559,0955,0952,0,0900-0959,0,,190,186,1342,6,,,,,,
8,24,6,AS,N546AS,622,14747,SEA,"Seattle, WA",14107,PHX,"Phoenix, AZ",1955,1951,0,0,1900-1959,2255,2221,0,2200-2259,0,,180,150,1107,5,,,,,,
8,4,7,OH,N719PS,5636,10208,AGS,"Augusta, GA",11057,CLT,"Charlotte, NC",1949,2007,18,1,1900-1959,2100,2139,39,2100-2159,0,,71,92,140,1,18,0,21,0,0,
8,26,1,AA,N954UW,74,12953,LGA,"New York, NY",14100,PHL,"Philadelphia, PA",1515,1505,0,0,1500-1559,1641,1626,0,1600-1659,0,,86,81,96,1,,,,,,
8,15,4,NK,N533NK,394,12889,LAS,"Las Vegas, NV",14100,PHL,"Philadelphia, PA",2330,0009,39,1,2300-2359,0713,0738,25,0700-0759,0,,283,269,2176,9,0,0,25,0,0,
8,12,1,YV,N326MS,5883,11298,DFW,"Dallas/Fort Worth, TX",14730,SDF,"Louisville, KY",1643,1643,0,0,1600-1659,1953,1942,0,1900-1959,0,,130,119,733,3,,,,,,
8,8,4,AA,N973NN,2348,11298,DFW,"Dallas/Fort Worth, TX",12264,IAD,"Washington, DC",1834,1843,9,0,1800-1859,2235,2237,2,2200-2259,0,,181,174,1172,5,,,,,,
8,14,3,WN,N236WN,1066,14869,SLC,"Salt Lake City, UT",11292,DEN,"Denver, CO",2100,2100,0,0,2100-2159,2225,2225,0,2200-2259,0,,85,85,391,2,,,,,,
8,18,7,YX,N726YX,3585,14122,PIT,"Pittsburgh, PA",11618,EWR,"Newark, NJ",1845,,,,1800-1859,2023,,,2000-2059,1,B,98,,319,2,,,,,,
8,19,1,UA,N445UA,607,13930,ORD,"Chicago, IL",15096,SYR,"Syracuse, NY",1800,1857,57,1,1800-1859,2058,2130,32,2000-2059,0,,118,93,607,3,32,0,0,0,0,
8,18,7,WN,N493WN,4126,13495,MSY,"New Orleans, LA",10821,BWI,"Baltimore, MD",1815,1923,68,1,1800-1859,2155,2248,53,2100-2159,0,,160,145,998,4,3,0,0,0,50,
8,12,1,MQ,N663AR,3434,13931,ORF,"Norfolk, VA",13930,ORD,"Chicago, IL",0752,0750,0,0,0700-0759,0914,0912,0,0900-0959,0,,142,142,717,3,,,,,,
8,1,4,OH,N603NN,5324,10874,CAK,"Akron, OH",11057,CLT,"Charlotte, NC",1019,1015,0,0,1000-1059,1201,1151,0,1200-1259,0,,102,96,394,2,,,,,,
8,1,4,OO,N614SK,3542,13487,MSP,"Minneapolis, MN",13232,MDW,"Chicago, IL",1737,1737,0,0,1700-1759,1924,1858,0,1900-1959,0,,107,81,349,2,,,,,,
8,3,6,B6,N197JB,1446,11057,CLT,"Charlotte, NC",10721,BOS,"Boston, MA",1605,1601,0,0,1600-1659,1824,1756,0,1800-1859,0,,139,115,728,3,,,,,,
8,28,3,DL,N821DN,1708,11292,DEN,"Denver, CO",13487,MSP,"Minneapolis, MN",1110,1107,0,0,1100-1159,1405,1355,0,1400-1459,0,,115,108,680,3,,,,,,
8,3,6,WN,N427WN,4104,11259,DAL,"Dallas, TX",12953,LGA,"New York, NY",1345,1411,26,1,1300-1359,1815,1827,12,1800-1859,0,,210,196,1381,6,,,,,,
8,29,4,AA,N763US,865,11638,FAT,"Fresno, CA",14107,PHX,"Phoenix, AZ",1238,1230,0,0,1200-1259,1428,1405,0,1400-1459,0,,110,95,493,2,,,,,,
8,10,6,YV,N959LR,5968,11298,DFW,"Dallas/Fort Worth, TX",14457,RAP,"Rapid City, SD",1842,1939,57,1,1800-1859,2002,2042,40,2000-2059,0,,140,123,835,4,1,0,0,0,39,
8,9,5,UA,N410UA,2201,12892,LAX,"Los Angeles, CA",14771,SFO,"San Francisco, CA",2115,2114,0,0,2100-2159,2254,2254,0,2200-2259,0,,99,100,337,2,,,,,,
8,8,4,AA,N989AN,1330,11298,DFW,"Dallas/Fort Worth, TX",12953,LGA,"New York, NY",0634,0636,2,0,0600-0659,1105,1054,0,1100-1159,0,,211,198,1389,6,,,,,,
8,21,3,AS,N619AS,165,10299,ANC,"Anchorage, AK",13970,OTZ,"Kotzebue, AK",0615,0624,9,0,0600-0659,0745,0754,9,0700-0759,0,,90,90,548,3,,,,,,
8,8,4,WN,N404WN,724,14831,SJC,"San Jose, CA",14747,SEA,"Seattle, WA",0810,0807,0,0,0800-0859,1020,1016,0,1000-1059,0,,130,129,696,3,,,,,,
8,1,4,DL,N374NW,336,12892,LAX,"Los Angeles, CA",11298,DFW,"Dallas/Fort Worth, TX",1219,1238,19,1,1200-1259,1728,1744,16,1700-1759,0,,189,186,1235,5,6,0,0,0,10,
8,27,2,WN,N269WN,1083,12889,LAS,"Las Vegas, NV",14831,SJC,"San Jose, CA",0615,0609,0,0,0600-0659,0735,0720,0,0700-0759,0,,80,71,386,2,,,,,,
8,10,6,UA,N68880,1859,11298,DFW,"Dallas/Fort Worth, TX",12266,IAH,"Houston, TX",0715,0709,0,0,0700-0759,0827,0829,2,0800-0859,0,,72,80,224,1,,,,,,
8,29,4,MQ,N851AE,4195,14960,SPS,"Wichita Falls, TX",11298,DFW,"Dallas/Fort Worth, TX",1820,1817,0,0,1800-1859,1913,1855,0,1900-1959,0,,53,38,113,1,,,,,,
8,28,3,DL,N874DN,1240,10397,ATL,"Atlanta, GA",15376,TUS,"Tucson, AZ",1041,1037,0,0,1000-1059,1117,1112,0,1100-1159,0,,216,215,1541,7,,,,,,
8,13,2,UA,N69829,1186,13930,ORD,"Chicago, IL",12892,LAX,"Los Angeles, CA",2119,2322,123,1,2100-2159,2348,0125,97,2300-2359,0,,269,243,1744,7,5,0,0,0,92,
8,3,6,MQ,N815AE,3965,11298,DFW,"Dallas/Fort Worth, TX",12206,HRL,"Harlingen/San Benito, TX",2228,2219,0,0,2200-2259,2357,2343,0,2300-2359,0,,89,84,461,2,,,,,,
8,18,7,F9,N343FR,1738,11193,CVG,"Cincinnati, OH",14492,RDU,"Raleigh/Durham, NC",1445,1438,0,0,1400-1459,1612,1548,0,1600-1659,0,,87,70,390,2,,,,,,
8,22,4,UA,N78509,466,12982,LIH,"Lihue, HI",12892,LAX,"Los Angeles, CA",1259,1252,0,0,1200-1259,2126,2134,8,2100-2159,0,,327,342,2615,11,,,,,,
8,31,6,OO,N779CA,4210,14869,SLC,"Salt Lake City, UT",11122,CPR,"Casper, WY",0944,0956,12,0,0900-0959,1117,1108,0,1100-1159,0,,93,72,320,2,,,,,,
8,15,4,YX,N357FC,6032,10721,BOS,"Boston, MA",14122,PIT,"Pittsburgh, PA",0858,0857,0,0,0800-0859,1050,1045,0,1000-1059,0,,112,108,496,2,,,,,,
8,30,5,OO,N917SW,5133,14120,PIR,"Pierre, SD",11292,DEN,"Denver, CO",1401,1358,0,0,1400-1459,1435,1418,0,1400-1459,0,,94,80,385,2,,,,,,
8,26,1,OO,N150SY,5475,12892,LAX,"Los Angeles, CA",14747,SEA,"Seattle, WA",1435,1437,2,0,1400-1459,1731,1711,0,1700-1759,0,,176,154,954,4,,,,,,
8,4,7,WN,N715SW,4002,13891,ONT,"Ontario, CA",14831,SJC,"San Jose, CA",1010,1005,0,0,1000-1059,1120,1105,0,1100-1159,0,,70,60,333,2,,,,,,
8,14,3,F9,N313FR,573,11292,DEN,"Denver, CO",14869,SLC,"Salt Lake City, UT",2213,2209,0,0,2200-2259,2347,2338,0,2300-2359,0,,94,89,391,2,,,,,,
8,19,1,AA,N535UW,2198,11697,FLL,"Fort Lauderdale, FL",11298,DFW,"Dallas/Fort Worth, TX",1915,1954,39,1,1900-1959,2128,2147,19,2100-2159,0,,193,173,1119,5,0,0,0,0,19,
8,17,6,OO,N184SY,3401,12892,LAX,"Los Angeles, CA",14869,SLC,"Salt Lake City, UT",1955,1952,0,0,1900-1959,2300,2241,0,2300-2359,0,,125,109,590,3,,,,,,
8,17,6,WN,N258WN,2173,11540,ELP,"El Paso, TX",11259,DAL,"Dallas, TX",1030,1025,0,0,1000-1059,1320,1307,0,1300-1359,0,,110,102,562,3,,,,,,
8,30,5,WN,N215WN,947,10821,BWI,"Baltimore, MD",10721,BOS,"Boston, MA",0815,0814,0,0,0800-0859,0950,0931,0,0900-0959,0,,95,77,369,2,,,,,,
8,30,5,OH,N590NN,5688,11057,CLT,"Charlotte, NC",11641,FAY,"Fayetteville, NC",2225,2223,0,0,2200-2259,2319,2309,0,2300-2359,0,,54,46,118,1,,,,,,
8,29,4,G4,336NV,112,13851,OKC,"Oklahoma City, OK",12889,LAS,"Las Vegas, NV",1243,1242,0,0,1200-1259,1317,1306,0,1300-1359,0,,154,144,986,4,,,,,,
8,11,7,OH,N605NN,5329,11953,GNV,"Gainesville, FL",11057,CLT,"Charlotte, NC",1945,1935,0,0,1900-1959,2121,2108,0,2100-2159,0,,96,93,388,2,,,,,,
8,18,7,DL,N3764D,2153,13891,ONT,"Ontario, CA",14869,SLC,"Salt Lake City, UT",0600,0553,0,0,0600-0659,0849,0832,0,0800-0859,0,,109,99,558,3,,,,,,
8,18,7,UA,N76532,794,14771,SFO,"San Francisco, CA",12892,LAX,"Los Angeles, CA",1200,1339,99,1,1200-1259,1340,1449,69,1300-1359,0,,100,70,337,2,0,0,0,0,69,
8,18,7,AA,N806NN,2252,11298,DFW,"Dallas/Fort Worth, TX",11540,ELP,"El Paso, TX",0911,0913,2,0,0900-0959,1001,0946,0,1000-1059,0,,110,93,551,3,,,,,,
8,1,4,DL,N366NB,2949,12478,JFK,"New York, NY",13495,MSY,"New Orleans, LA",1925,2118,113,1,1900-1959,2151,2331,100,2100-2159,0,,206,193,1182,5,0,0,0,0,100,
8,18,7,NK,N634NK,722,13204,MCO,"Orlando, FL",14122,PIT,"Pittsburgh, PA",1720,1709,0,0,1700-1759,1942,1924,0,1900-1959,0,,142,135,834,4,,,,,,
8,5,1,DL,N985AT,662,11433,DTW,"Detroit, MI",15380,TVC,"Traverse City, MI",2230,2229,0,0,2200-2259,2330,2332,2,2300-2359,0,,60,63,207,1,,,,,,
8,17,6,F9,N230FR,693,11003,CID,"Cedar Rapids/Iowa City, IA",11292,DEN,"Denver, CO",1956,1948,0,0,1900-1959,2115,2111,0,2100-2159,0,,139,143,692,3,,,,,,
8,10,6,OO,N976SW,5920,14771,SFO,"San Francisco, CA",10157,ACV,"Arcata/Eureka, CA",2235,0027,112,1,2200-2259,2356,0136,100,2300-2359,0,,81,69,250,2,100,0,0,0,0,
8,20,2,YV,N86312,6261,12266,IAH,"Houston, TX",11278,DCA,"Washington, DC",0946,0953,7,0,0900-0959,1354,1402,8,1300-1359,0,,188,189,1208,5,,,,,,
8,19,1,AS,N849VA,1933,12892,LAX,"Los Angeles, CA",14771,SFO,"San Francisco, CA",1730,1759,29,1,1700-1759,1900,1940,40,1900-1959,0,,90,101,337,2,29,0,11,0,0,
8,5,1,YX,N874RW,5885,10721,BOS,"Boston, MA",13198,MCI,"Kansas City, MO",1910,1905,0,0,1900-1959,2156,2110,0,2100-2159,0,,226,185,1256,6,,,,,,
8,13,2,MQ,N272NN,3865,13230,MDT,"Harrisburg, PA",13930,ORD,"Chicago, IL",0728,0723,0,0,0700-0759,0839,0844,5,0800-0859,0,,131,141,594,3,,,,,,
8,23,5,OO,N274SY,3501,14252,PSC,"Pasco/Kennewick/Richland, WA",14869,SLC,"Salt Lake City, UT",1226,1225,0,0,1200-1259,1505,1453,0,1500-1559,0,,99,88,521,3,,,,,,
8,3,6,NK,N683NK,847,12953,LGA,"New York, NY",13930,ORD,"Chicago, IL",0959,0955,0,0,0900-0959,1135,1126,0,1100-1159,0,,156,151,733,3,,,,,,
8,18,7,EV,N607UX,4339,12266,IAH,"Houston, TX",10397,ATL,"Atlanta, GA",1955,2031,36,1,1900-1959,2308,2328,20,2300-2359,0,,133,117,689,3,20,0,0,0,0,
8,22,4,DL,N960DL,797,10397,ATL,"Atlanta, GA",11995,GSO,"Greensboro/High Point, NC",1953,1952,0,0,1900-1959,2115,2106,0,2100-2159,0,,82,74,306,2,,,,,,
8,6,2,YV,N956LR,5938,11298,DFW,"Dallas/Fort Worth, TX",13256,MFE,"Mission/McAllen/Edinburg, TX",1753,1834,41,1,1700-1759,1922,1952,30,1900-1959,0,,89,78,469,2,0,0,0,0,30,
8,19,1,B6,N959JB,1701,12478,JFK,"New York, NY",11697,FLL,"Fort Lauderdale, FL",0806,0813,7,0,0800-0859,1123,1120,0,1100-1159,0,,197,187,1069,5,,,,,,
8,24,6,WN,N240WN,4966,10140,ABQ,"Albuquerque, NM",13796,OAK,"Oakland, CA",1030,1029,0,0,1000-1059,1200,1139,0,1200-1259,0,,150,130,889,4,,,,,,
8,23,5,NK,N670NK,801,11433,DTW,"Detroit, MI",13204,MCO,"Orlando, FL",0910,0909,0,0,0900-0959,1148,1147,0,1100-1159,0,,158,158,957,4,,,,,,
8,1,4,AA,N109NN,302,12478,JFK,"New York, NY",12892,LAX,"Los Angeles, CA",1830,1834,4,0,1800-1859,2151,2150,0,2100-2159,0,,381,376,2475,10,,,,,,
8,12,1,AA,N897NN,869,13930,ORD,"Chicago, IL",12266,IAH,"Houston, TX",0951,1033,42,1,0900-0959,1232,1317,45,1200-1259,0,,161,164,925,4,0,0,3,0,42,
8,19,1,AA,N928AM,338,10721,BOS,"Boston, MA",12892,LAX,"Los Angeles, CA",1450,1447,0,0,1400-1459,1804,1826,22,1800-1859,0,,374,399,2611,11,0,0,22,0,0,
8,20,2,UA,N816UA,2302,11618,EWR,"Newark, NJ",10849,BZN,"Bozeman, MT",0830,0828,0,0,0800-0859,1125,1123,0,1100-1159,0,,295,295,1882,8,,,,,,
8,22,4,WN,N8694E,796,11697,FLL,"Fort Lauderdale, FL",10821,BWI,"Baltimore, MD",0710,0709,0,0,0700-0759,0950,0930,0,0900-0959,0,,160,141,925,4,,,,,,
8,7,3,WN,N8307K,1841,11259,DAL,"Dallas, TX",14100,PHL,"Philadelphia, PA",1335,1357,22,1,1300-1359,1745,2011,,1700-1759,0,,190,,1295,6,,,,,,
8,9,5,AA,N941NN,1051,13930,ORD,"Chicago, IL",14908,SNA,"Santa Ana, CA",1000,0958,0,0,1000-1059,1221,1214,0,1200-1259,0,,261,256,1726,7,,,,,,
8,10,6,UA,N67827,770,11292,DEN,"Denver, CO",14893,SMF,"Sacramento, CA",0942,0940,0,0,0900-0959,1119,1112,0,1100-1159,0,,157,152,909,4,,,,,,
8,7,3,UA,N69888,2139,13930,ORD,"Chicago, IL",11697,FLL,"Fort Lauderdale, FL",0840,0834,0,0,0800-0859,1250,1230,0,1200-1259,0,,190,176,1182,5,,,,,,
8,29,4,AA,N802AW,801,14307,PVD,"Providence, RI",14100,PHL,"Philadelphia, PA",1004,1028,24,1,1000-1059,1123,1132,9,1100-1159,0,,79,64,237,1,,,,,,
8,6,2,MQ,N931AE,3651,13076,LSE,"La Crosse, WI",13930,ORD,"Chicago, IL",1612,1604,0,0,1600-1659,1722,1717,0,1700-1759,0,,70,73,215,1,,,,,,
8,30,5,AA,N936AN,345,13930,ORD,"Chicago, IL",14771,SFO,"San Francisco, CA",0630,0625,0,0,0600-0659,0903,0849,0,0900-0959,0,,273,264,1846,8,,,,,,
8,31,6,UA,N212UA,650,12173,HNL,"Honolulu, HI",14771,SFO,"San Francisco, CA",1445,1527,42,1,1400-1459,2243,2309,26,2200-2259,0,,298,282,2398,10,1,0,0,0,25,
8,28,3,WN,N961WN,963,14771,SFO,"San Francisco, CA",13232,MDW,"Chicago, IL",1415,1420,5,0,1400-1459,2030,2037,7,2000-2059,0,,255,257,1855,8,,,,,,
8,5,1,AA,N656AW,1946,11057,CLT,"Charlotte, NC",14524,RIC,"Richmond, VA",2010,2039,29,1,2000-2059,2119,2146,27,2100-2159,0,,69,67,257,2,0,27,0,0,0,
8,4,7,WN,N8511K,4795,12264,IAD,"Washington, DC",11292,DEN,"Denver, CO",0540,0540,0,0,0001-0559,0720,0700,0,0700-0759,0,,220,200,1452,6,,,,,,
8,2,5,WN,N8647A,1321,11259,DAL,"Dallas, TX",10821,BWI,"Baltimore, MD",0600,0557,0,0,0600-0659,0955,0945,0,0900-0959,0,,175,168,1209,5,,,,,,
8,8,4,YV,N89317,6029,11193,CVG,"Cincinnati, OH",12264,IAD,"Washington, DC",1030,1025,0,0,1000-1059,1150,1148,0,1100-1159,0,,80,83,388,2,,,,,,
8,5,1,UA,N73299,1592,11292,DEN,"Denver, CO",12266,IAH,"Houston, TX",0755,0753,0,0,0700-0759,1115,1111,0,1100-1159,0,,140,138,862,4,,,,,,
8,18,7,EV,N10575,4023,12266,IAH,"Houston, TX",10279,AMA,"Amarillo, TX",1835,2108,153,1,1800-1859,2018,2254,156,2000-2059,0,,103,106,517,3,0,0,3,0,153,
8,22,4,OO,N403SY,3486,10713,BOI,"Boise, ID",14747,SEA,"Seattle, WA",1915,1925,10,0,1900-1959,1945,2053,68,1900-1959,0,,90,148,399,2,0,0,68,0,0,
8,7,3,DL,N968DL,2351,10397,ATL,"Atlanta, GA",14492,RDU,"Raleigh/Durham, NC",0725,0721,0,0,0700-0759,0853,0840,0,0800-0859,0,,88,79,356,2,,,,,,
8,15,4,UA,N79541,1786,12892,LAX,"Los Angeles, CA",11042,CLE,"Cleveland, OH",2255,2253,0,0,2200-2259,0623,0614,0,0600-0659,0,,268,261,2052,9,,,,,,
8,24,6,UA,N447UA,2328,11618,EWR,"Newark, NJ",13495,MSY,"New Orleans, LA",1455,1446,0,0,1400-1459,1702,1651,0,1700-1759,0,,187,185,1167,5,,,,,,
8,9,5,AA,N869NN,2882,13930,ORD,"Chicago, IL",13198,MCI,"Kansas City, MO",2220,2216,0,0,2200-2259,2344,2338,0,2300-2359,0,,84,82,403,2,,,,,,
8,25,7,9E,N8683B,3320,13487,MSP,"Minneapolis, MN",11267,DAY,"Dayton, OH",0955,0950,0,0,0900-0959,1252,1244,0,1200-1259,0,,117,114,574,3,,,,,,
8,6,2,DL,N383DN,1831,13204,MCO,"Orlando, FL",11193,CVG,"Cincinnati, OH",0953,0943,0,0,0900-0959,1157,1149,0,1100-1159,0,,124,126,757,4,,,,,,
8,30,5,DL,N343DN,2863,10397,ATL,"Atlanta, GA",14492,RDU,"Raleigh/Durham, NC",1915,1912,0,0,1900-1959,2047,2030,0,2000-2059,0,,92,78,356,2,,,,,,
8,10,6,DL,N881DN,2697,10397,ATL,"Atlanta, GA",14771,SFO,"San Francisco, CA",1712,1711,0,0,1700-1759,1917,1858,0,1900-1959,0,,305,287,2139,9,,,,,,
8,1,4,B6,N274JB,889,11278,DCA,"Washington, DC",10994,CHS,"Charleston, SC",1800,1828,28,1,1800-1859,1937,2012,35,1900-1959,0,,97,104,444,2,12,0,7,0,16,
8,6,2,WN,N8534Z,1487,13204,MCO,"Orlando, FL",13931,ORF,"Norfolk, VA",1705,1708,3,0,1700-1759,1900,1912,12,1900-1959,0,,115,124,655,3,,,,,,
8,26,1,OO,N625CA,4773,11433,DTW,"Detroit, MI",10434,AVP,"Scranton/Wilkes-Barre, PA",1544,1544,0,0,1500-1559,1715,1703,0,1700-1759,0,,91,79,399,2,,,,,,
8,11,7,B6,N661JB,494,11292,DEN,"Denver, CO",10721,BOS,"Boston, MA",0919,0912,0,0,0900-0959,1522,1450,0,1500-1559,0,,243,218,1754,8,,,,,,
8,16,5,OO,N255SY,4127,12280,IDA,"Idaho Falls, ID",14869,SLC,"Salt Lake City, UT",1525,1522,0,0,1500-1559,1627,1620,0,1600-1659,0,,62,58,188,1,,,,,,
8,2,5,EV,N13118,4419,11140,CRP,"Corpus Christi, TX",12266,IAH,"Houston, TX",1756,1754,0,0,1700-1759,1857,1850,0,1800-1859,0,,61,56,201,1,,,,,,
8,10,6,OO,N964SW,5993,14771,SFO,"San Francisco, CA",13264,MFR,"Medford, OR",1605,1602,0,0,1600-1659,1739,1722,0,1700-1759,0,,94,80,329,2,,,,,,
8,13,2,WN,N7737E,246,10994,CHS,"Charleston, SC",10821,BWI,"Baltimore, MD",1125,1151,26,1,1100-1159,1300,1312,12,1300-1359,0,,95,81,472,2,,,,,,
8,14,3,AA,N652AW,1891,11057,CLT,"Charlotte, NC",11618,EWR,"Newark, NJ",1437,1536,59,1,1400-1459,1634,1707,33,1600-1659,0,,117,91,529,3,0,0,33,0,0,
8,24,6,OH,N563NN,5087,10208,AGS,"Augusta, GA",11057,CLT,"Charlotte, NC",1737,1749,12,0,1700-1759,1849,1849,0,1800-1859,0,,72,60,140,1,,,,,,
8,30,5,OO,N793SK,5211,10140,ABQ,"Albuquerque, NM",11292,DEN,"Denver, CO",1119,1113,0,0,1100-1159,1245,1236,0,1200-1259,0,,86,83,349,2,,,,,,
8,4,7,WN,N450WN,5695,11259,DAL,"Dallas, TX",12953,LGA,"New York, NY",1210,1208,0,0,1200-1259,1640,1617,0,1600-1659,0,,210,189,1381,6,,,,,,
8,4,7,AA,N395AN,1368,12889,LAS,"Las Vegas, NV",13303,MIA,"Miami, FL",1218,1213,0,0,1200-1259,2020,1958,0,2000-2059,0,,302,285,2174,9,,,,,,
8,4,7,DL,N377DE,2180,11193,CVG,"Cincinnati, OH",10397,ATL,"Atlanta, GA",1836,1836,0,0,1800-1859,2014,2023,9,2000-2059,0,,98,107,373,2,,,,,,
8,21,3,UA,N77431,1975,13342,MKE,"Milwaukee, WI",11292,DEN,"Denver, CO",1500,1515,15,1,1500-1559,1635,1643,8,1600-1659,0,,155,148,896,4,,,,,,
8,1,4,UA,N457UA,991,13204,MCO,"Orlando, FL",12266,IAH,"Houston, TX",1925,2147,142,1,1900-1959,2050,2251,121,2000-2059,0,,145,124,854,4,39,0,0,0,82,
8,2,5,AS,N558AS,46,10551,BET,"Bethel, AK",10299,ANC,"Anchorage, AK",2055,2039,0,0,2000-2059,2200,2144,0,2200-2259,0,,65,65,399,2,,,,,,
8,5,1,WN,N932WN,1077,15016,STL,"St. Louis, MO",13495,MSY,"New Orleans, LA",1350,1345,0,0,1300-1359,1535,1513,0,1500-1559,0,,105,88,604,3,,,,,,
8,16,5,YX,N424YX,4709,10693,BNA,"Nashville, TN",11278,DCA,"Washington, DC",1110,1101,0,0,1100-1159,1358,1333,0,1300-1359,0,,108,92,562,3,,,,,,
8,27,2,YX,N415YX,4591,10785,BTV,"Burlington, VT",11278,DCA,"Washington, DC",1216,1211,0,0,1200-1259,1400,1354,0,1400-1459,0,,104,103,437,2,,,,,,
8,20,2,UA,N893UA,373,13930,ORD,"Chicago, IL",14107,PHX,"Phoenix, AZ",1245,1257,12,0,1200-1259,1437,1434,0,1400-1459,0,,232,217,1440,6,,,,,,
8,30,5,YX,N207JQ,6061,10721,BOS,"Boston, MA",12953,LGA,"New York, NY",1300,1256,0,0,1300-1359,1423,1414,0,1400-1459,0,,83,78,184,1,,,,,,
8,20,2,HA,N214HA,37,14679,SAN,"San Diego, CA",13830,OGG,"Kahului, HI",0730,0730,0,0,0700-0759,1020,1002,0,1000-1059,0,,350,332,2541,11,,,,,,
8,6,2,MQ,N234JW,4066,11298,DFW,"Dallas/Fort Worth, TX",11921,GJT,"Grand Junction, CO",1442,1438,0,0,1400-1459,1555,1539,0,1500-1559,0,,133,121,773,4,,,,,,
8,28,3,OO,N110SY,5940,13930,ORD,"Chicago, IL",10397,ATL,"Atlanta, GA",0940,0933,0,0,0900-0959,1248,1223,0,1200-1259,0,,128,110,606,3,,,,,,
8,1,4,UA,N414UA,448,11292,DEN,"Denver, CO",12889,LAS,"Las Vegas, NV",1905,2013,68,1,1900-1959,2001,2059,58,2000-2059,0,,116,106,628,3,9,0,0,0,49,
8,5,1,OO,N297SY,3680,14831,SJC,"San Jose, CA",12889,LAS,"Las Vegas, NV",1150,1214,24,1,1100-1159,1325,1345,20,1300-1359,0,,95,91,386,2,20,0,0,0,0,
8,25,7,UA,N69830,1664,14771,SFO,"San Francisco, CA",14107,PHX,"Phoenix, AZ",1145,1143,0,0,1100-1159,1353,1344,0,1300-1359,0,,128,121,651,3,,,,,,
8,29,4,WN,N8510E,938,10821,BWI,"Baltimore, MD",11697,FLL,"Fort Lauderdale, FL",1925,1926,1,0,1900-1959,2205,2213,8,2200-2259,0,,160,167,925,4,,,,,,
8,15,4,DL,N869DN,2564,10397,ATL,"Atlanta, GA",13931,ORF,"Norfolk, VA",1900,1901,1,0,1900-1959,2042,2030,0,2000-2059,0,,102,89,516,3,,,,,,
8,10,6,YV,N88335,6245,12266,IAH,"Houston, TX",11066,CMH,"Columbus, OH",0730,0724,0,0,0700-0759,1109,1058,0,1100-1159,0,,159,154,986,4,,,,,,
8,30,5,WN,N550WN,34,11259,DAL,"Dallas, TX",10423,AUS,"Austin, TX",1620,,,,1600-1659,1720,,,1700-1759,1,B,60,,189,1,,,,,,
8,12,1,AS,N843VA,1029,10800,BUR,"Burbank, CA",14747,SEA,"Seattle, WA",1050,1046,0,0,1000-1059,1330,1315,0,1300-1359,0,,160,149,937,4,,,,,,
8,11,7,OO,N160SY,5877,14107,PHX,"Phoenix, AZ",11292,DEN,"Denver, CO",1340,1334,0,0,1300-1359,1630,1622,0,1600-1659,0,,110,108,602,3,,,,,,
8,7,3,AS,N546AS,626,14747,SEA,"Seattle, WA",12889,LAS,"Las Vegas, NV",2150,2238,48,1,2100-2159,0025,0103,38,0001-0559,0,,155,145,867,4,0,0,0,0,38,
8,4,7,WN,N7876A,3764,14908,SNA,"Santa Ana, CA",11292,DEN,"Denver, CO",2040,2051,11,0,2000-2059,2350,2356,6,2300-2359,0,,130,125,846,4,,,,,,
8,7,3,OO,N829SK,4700,12217,HSV,"Huntsville, AL",11433,DTW,"Detroit, MI",0615,0612,0,0,0600-0659,0909,0901,0,0900-0959,0,,114,109,554,3,,,,,,
8,14,3,DL,N671DN,1883,13204,MCO,"Orlando, FL",10397,ATL,"Atlanta, GA",1125,1120,0,0,1100-1159,1301,1245,0,1300-1359,0,,96,85,404,2,,,,,,
8,31,6,WN,N224WN,4438,10529,BDL,"Hartford, CT",13204,MCO,"Orlando, FL",0600,0553,0,0,0600-0659,0850,0838,0,0800-0859,0,,170,165,1050,5,,,,,,
8,23,5,DL,N603AT,2286,13487,MSP,"Minneapolis, MN",12339,IND,"Indianapolis, IN",0955,0950,0,0,0900-0959,1231,1211,0,1200-1259,0,,96,81,503,3,,,,,,
8,4,7,OO,N760SK,3220,16218,YUM,"Yuma, AZ",11298,DFW,"Dallas/Fort Worth, TX",0650,0646,0,0,0600-0659,1135,1130,0,1100-1159,0,,165,164,1022,5,,,,,,
8,16,5,OO,N786SK,5671,11292,DEN,"Denver, CO",11109,COS,"Colorado Springs, CO",1845,1841,0,0,1800-1859,1933,1958,25,1900-1959,0,,48,77,73,1,0,0,25,0,0,
8,19,1,NK,N651NK,1128,12889,LAS,"Las Vegas, NV",15304,TPA,"Tampa, FL",2150,2322,92,1,2100-2159,0510,0632,82,0001-0559,0,,260,250,1984,8,0,0,82,0,0,
8,9,5,OO,N947SW,5284,14771,SFO,"San Francisco, CA",13486,MSO,"Missoula, MT",0954,0945,0,0,0900-0959,1315,1258,0,1300-1359,0,,141,133,769,4,,,,,,
8,9,5,AA,N972UY,1654,11292,DEN,"Denver, CO",11057,CLT,"Charlotte, NC",0109,0113,4,0,0001-0559,0619,0634,15,0600-0659,0,,190,201,1337,6,0,0,11,0,4,
8,7,3,YV,N951LR,5838,10599,BHM,"Birmingham, AL",11298,DFW,"Dallas/Fort Worth, TX",1929,2038,69,1,1900-1959,2128,2227,59,2100-2159,0,,119,109,597,3,0,0,0,0,59,
8,17,6,MQ,N280NN,3681,14842,SJT,"San Angelo, TX",11298,DFW,"Dallas/Fort Worth, TX",1833,1910,37,1,1800-1859,1945,2010,25,1900-1959,0,,72,60,229,1,25,0,0,0,0,
8,29,4,OO,N906EV,5299,14771,SFO,"San Francisco, CA",11638,FAT,"Fresno, CA",0736,0729,0,0,0700-0759,0841,0825,0,0800-0859,0,,65,56,158,1,,,,,,
8,21,3,DL,N981AT,2976,11433,DTW,"Detroit, MI",10693,BNA,"Nashville, TN",1540,1536,0,0,1500-1559,1617,1609,0,1600-1659,0,,97,93,456,2,,,,,,
8,30,5,DL,N3737C,2011,11193,CVG,"Cincinnati, OH",10397,ATL,"Atlanta, GA",1115,1111,0,0,1100-1159,1245,1238,0,1200-1259,0,,90,87,373,2,,,,,,
8,5,1,NK,N661NK,327,12266,IAH,"Houston, TX",12892,LAX,"Los Angeles, CA",1526,1628,62,1,1500-1559,1650,1744,54,1600-1659,0,,204,196,1379,6,7,0,1,0,46,
8,29,4,WN,N964WN,2212,11259,DAL,"Dallas, TX",10423,AUS,"Austin, TX",0600,0555,0,0,0600-0659,0700,0645,0,0700-0759,0,,60,50,189,1,,,,,,
8,1,4,WN,N935WN,2521,10397,ATL,"Atlanta, GA",10693,BNA,"Nashville, TN",1030,1047,17,1,1000-1059,1035,1041,6,1000-1059,0,,65,54,214,1,,,,,,
8,4,7,OH,N242JS,5338,11278,DCA,"Washington, DC",14492,RDU,"Raleigh/Durham, NC",0840,0837,0,0,0800-0859,0955,0937,0,0900-0959,0,,75,60,227,1,,,,,,
8,4,7,DL,N371DA,2353,14747,SEA,"Seattle, WA",13930,ORD,"Chicago, IL",0740,0737,0,0,0700-0759,1345,1320,0,1300-1359,0,,245,223,1721,7,,,,,,
8,19,1,YX,N875RW,5906,11278,DCA,"Washington, DC",12953,LGA,"New York, NY",0800,0844,44,1,0800-0859,0925,1002,37,0900-0959,0,,85,78,214,1,37,0,0,0,0,
8,5,1,WN,N7750A,576,12892,LAX,"Los Angeles, CA",14869,SLC,"Salt Lake City, UT",0710,0704,0,0,0700-0759,0955,1007,12,0900-0959,0,,105,123,590,3,,,,,,
8,27,2,MQ,N222NS,4155,10693,BNA,"Nashville, TN",11278,DCA,"Washington, DC",1428,1433,5,0,1400-1459,1719,1705,0,1700-1759,0,,111,92,562,3,,,,,,
8,1,4,B6,N952JB,951,10721,BOS,"Boston, MA",13204,MCO,"Orlando, FL",1445,1529,44,1,1400-1459,1759,1916,77,1700-1759,0,,194,227,1121,5,8,0,33,0,36,
8,11,7,OO,N868CA,3915,13487,MSP,"Minneapolis, MN",13433,MOT,"Minot, ND",1930,1937,7,0,1900-1959,2113,2109,0,2100-2159,0,,103,92,449,2,,,,,,
8,16,5,WN,N733SA,9,11259,DAL,"Dallas, TX",12191,HOU,"Houston, TX",0900,0918,18,1,0900-0959,1015,1013,0,1000-1059,0,,75,55,239,1,,,,,,
8,16,5,F9,N721FR,1155,13930,ORD,"Chicago, IL",13204,MCO,"Orlando, FL",0749,0739,0,0,0700-0759,1133,1113,0,1100-1159,0,,164,154,1005,5,,,,,,
8,30,5,AS,N624VA,1799,12892,LAX,"Los Angeles, CA",14057,PDX,"Portland, OR",1730,1717,0,0,1700-1759,1955,1949,0,1900-1959,0,,145,152,834,4,,,,,,
8,8,4,WN,N7888A,1280,12889,LAS,"Las Vegas, NV",12892,LAX,"Los Angeles, CA",1250,1257,7,0,1200-1259,1410,1410,0,1400-1459,0,,80,73,236,1,,,,,,
8,4,7,DL,N322NB,355,11433,DTW,"Detroit, MI",15380,TVC,"Traverse City, MI",1605,1605,0,0,1600-1659,1710,1714,4,1700-1759,0,,65,69,207,1,,,,,,
8,4,7,DL,N924AT,2573,13232,MDW,"Chicago, IL",10397,ATL,"Atlanta, GA",1221,1300,39,1,1200-1259,1511,1603,52,1500-1559,0,,110,123,591,3,0,0,13,0,39,
8,13,2,MQ,N248NN,3777,12945,LEX,"Lexington, KY",11298,DFW,"Dallas/Fort Worth, TX",1412,1405,0,0,1400-1459,1534,1508,0,1500-1559,0,,142,123,785,4,,,,,,
8,7,3,WN,N420WN,377,13232,MDW,"Chicago, IL",11066,CMH,"Columbus, OH",1600,1625,25,1,1600-1659,1815,1823,8,1800-1859,0,,75,58,283,2,,,,,,
8,18,7,WN,N562WN,3300,11540,ELP,"El Paso, TX",14683,SAT,"San Antonio, TX",0700,0700,0,0,0700-0759,0925,0916,0,0900-0959,0,,85,76,496,2,,,,,,
8,2,5,UA,N75858,706,13830,OGG,"Kahului, HI",12892,LAX,"Los Angeles, CA",1324,1310,0,0,1300-1359,2144,2112,0,2100-2159,0,,320,302,2486,10,,,,,,
8,26,1,AA,N748UW,1289,11057,CLT,"Charlotte, NC",14321,PWM,"Portland, ME",1815,1833,18,1,1800-1859,2031,2048,17,2000-2059,0,,136,135,813,4,17,0,0,0,0,
8,30,5,WN,N8660A,670,13796,OAK,"Oakland, CA",10800,BUR,"Burbank, CA",1410,1406,0,0,1400-1459,1525,1507,0,1500-1559,0,,75,61,325,2,,,,,,
8,22,4,WN,N7868K,1137,14679,SAN,"San Diego, CA",10140,ABQ,"Albuquerque, NM",0935,0946,11,0,0900-0959,1225,1246,21,1200-1259,0,,110,120,628,3,9,0,10,0,2,
8,16,5,WN,N7828A,2325,13204,MCO,"Orlando, FL",10423,AUS,"Austin, TX",1735,1734,0,0,1700-1759,1915,1854,0,1900-1959,0,,160,140,994,4,,,,,,
8,23,5,AA,N938NN,1583,11066,CMH,"Columbus, OH",11298,DFW,"Dallas/Fort Worth, TX",0800,0756,0,0,0800-0859,0945,0956,11,0900-0959,0,,165,180,926,4,,,,,,
8,22,4,MQ,N693AE,3411,13303,MIA,"Miami, FL",11996,GSP,"Greer, SC",2145,2141,0,0,2100-2159,2352,2326,0,2300-2359,0,,127,105,637,3,,,,,,
8,1,4,EV,N13913,4303,14574,ROA,"Roanoke, VA",13930,ORD,"Chicago, IL",1105,1217,72,1,1100-1159,1205,1330,85,1200-1259,0,,120,133,530,3,13,0,27,0,45,
8,22,4,OO,N195SY,3461,14262,PSP,"Palm Springs, CA",14771,SFO,"San Francisco, CA",1210,1206,0,0,1200-1259,1335,1337,2,1300-1359,0,,85,91,421,2,,,,,,
8,14,3,DL,N916DN,1795,13303,MIA,"Miami, FL",10397,ATL,"Atlanta, GA",1434,1744,190,1,1400-1459,1636,2020,224,1600-1659,0,,122,156,594,3,190,0,34,0,0,
10,20,7,DL,N861DN,780,10397,ATL,"Atlanta, GA",10140,ABQ,"Albuquerque, NM",2020,2017,0,0,2000-2059,2143,2202,19,2100-2159,0,,203,225,1269,6,0,0,19,0,0,
10,31,4,F9,N938FR,182,11292,DEN,"Denver, CO",13871,OMA,"Omaha, NE",0806,0817,11,0,0800-0859,1037,1043,6,1000-1059,0,,91,86,472,2,,,,,,
10,9,3,OO,N920EV,3541,11267,DAY,"Dayton, OH",11433,DTW,"Detroit, MI",0630,0625,0,0,0600-0659,0739,0733,0,0700-0759,0,,69,68,166,1,,,,,,
10,28,1,UA,N14240,1247,11278,DCA,"Washington, DC",12266,IAH,"Houston, TX",1629,1626,0,0,1600-1659,1859,1859,0,1800-1859,0,,210,213,1208,5,,,,,,
10,15,2,OH,N505AE,5392,14814,SHV,"Shreveport, LA",11057,CLT,"Charlotte, NC",0623,0630,7,0,0600-0659,0958,0917,0,0900-0959,0,,155,107,764,4,,,,,,
10,2,3,B6,N593JB,1621,10721,BOS,"Boston, MA",14027,PBI,"West Palm Beach/Palm Beach, FL",1550,1544,0,0,1500-1559,1906,1838,0,1900-1959,0,,196,174,1197,5,,,,,,
10,26,6,DL,N920DU,1741,14057,PDX,"Portland, OR",14869,SLC,"Salt Lake City, UT",1325,1327,2,0,1300-1359,1610,1603,0,1600-1659,0,,105,96,630,3,,,,,,
10,16,3,AA,N125UW,856,11697,FLL,"Fort Lauderdale, FL",14100,PHL,"Philadelphia, PA",1640,1639,0,0,1600-1659,1928,1923,0,1900-1959,0,,168,164,992,4,,,,,,
10,19,6,AA,N195UW,2229,10721,BOS,"Boston, MA",14107,PHX,"Phoenix, AZ",0956,0951,0,0,0900-0959,1252,1221,0,1200-1259,0,,356,330,2300,10,,,,,,
10,1,2,OH,N591NN,5674,14685,SAV,"Savannah, GA",11057,CLT,"Charlotte, NC",0533,0526,0,0,0001-0559,0647,0640,0,0600-0659,0,,74,74,213,1,,,,,,
10,7,1,UA,N16701,2174,13198,MCI,"Kansas City, MO",13930,ORD,"Chicago, IL",1018,1010,0,0,1000-1059,1155,1142,0,1100-1159,0,,97,92,403,2,,,,,,
10,30,3,YV,N503MJ,6044,12264,IAD,"Washington, DC",13931,ORF,"Norfolk, VA",1300,1705,245,1,1300-1359,1406,1806,240,1400-1459,0,,66,61,157,1,240,0,0,0,0,
10,30,3,WN,N730SW,3237,14831,SJC,"San Jose, CA",14107,PHX,"Phoenix, AZ",1240,1239,0,0,1200-1259,1425,1424,0,1400-1459,0,,105,105,621,3,,,,,,
10,21,1,WN,N736SA,2339,11042,CLE,"Cleveland, OH",10821,BWI,"Baltimore, MD",0605,0603,0,0,0600-0659,0720,0711,0,0700-0759,0,,75,68,314,2,,,,,,
10,7,1,WN,N559WN,857,10397,ATL,"Atlanta, GA",12339,IND,"Indianapolis, IN",0835,0841,6,0,0800-0859,1010,1006,0,1000-1059,0,,95,85,432,2,,,,,,
10,19,6,OO,N701SK,3103,14262,PSP,"Palm Springs, CA",14107,PHX,"Phoenix, AZ",0645,0639,0,0,0600-0659,0756,0749,0,0700-0759,0,,71,70,261,2,,,,,,
10,19,6,OO,N934SW,5144,11292,DEN,"Denver, CO",10409,ATY,"Watertown, SD",1330,1321,0,0,1300-1359,1616,1555,0,1600-1659,0,,106,94,519,3,,,,,,
10,23,3,OH,N576NN,5118,11057,CLT,"Charlotte, NC",11995,GSO,"Greensboro/High Point, NC",0751,0745,0,0,0700-0759,0849,0907,18,0800-0859,0,,58,82,83,1,0,0,18,0,0,
10,14,1,DL,N329NB,2070,11433,DTW,"Detroit, MI",10529,BDL,"Hartford, CT",2235,2234,0,0,2200-2259,0010,0005,0,0001-0559,0,,95,91,549,3,,,,,,
10,2,3,DL,N917DU,1663,13342,MKE,"Milwaukee, WI",10397,ATL,"Atlanta, GA",1839,1832,0,0,1800-1859,2138,2137,0,2100-2159,0,,119,125,669,3,,,,,,
10,23,3,YV,N953LR,5778,13158,MAF,"Midland/Odessa, TX",11298,DFW,"Dallas/Fort Worth, TX",1229,1629,240,1,1200-1259,1347,1739,232,1300-1359,0,,78,70,309,2,73,0,0,0,159,
10,13,7,AA,N955AN,2545,11298,DFW,"Dallas/Fort Worth, TX",13487,MSP,"Minneapolis, MN",0723,0716,0,0,0700-0759,0945,0933,0,0900-0959,0,,142,137,852,4,,,,,,
10,12,6,OO,N8982A,3571,11433,DTW,"Detroit, MI",14696,SBN,"South Bend, IN",2012,2017,5,0,2000-2059,2118,2109,0,2100-2159,0,,66,52,157,1,,,,,,
10,18,5,DL,N327NW,1987,13303,MIA,"Miami, FL",10397,ATL,"Atlanta, GA",1117,1118,1,0,1100-1159,1313,1307,0,1300-1359,0,,116,109,594,3,,,,,,
10,20,7,9E,N8936A,3449,13296,MHT,"Manchester, NH",12953,LGA,"New York, NY",1020,1006,0,0,1000-1059,1132,1129,0,1100-1159,0,,72,83,195,1,,,,,,
10,22,2,DL,N312DN,1809,14869,SLC,"Salt Lake City, UT",11433,DTW,"Detroit, MI",1729,1724,0,0,1700-1759,2256,2244,0,2200-2259,0,,207,200,1481,6,,,,,,
10,26,6,DL,N676DL,1715,13487,MSP,"Minneapolis, MN",10397,ATL,"Atlanta, GA",1510,1512,2,0,1500-1559,1834,1905,31,1800-1859,0,,144,173,907,4,0,0,31,0,0,
10,3,4,DL,N360NW,2414,12889,LAS,"Las Vegas, NV",14747,SEA,"Seattle, WA",1130,1118,0,0,1100-1159,1415,1348,0,1400-1459,0,,165,150,867,4,,,,,,
10,9,3,OO,N758EV,3188,14674,SAF,"Santa Fe, NM",11298,DFW,"Dallas/Fort Worth, TX",1014,1021,7,0,1000-1059,1306,1257,0,1300-1359,0,,112,96,551,3,,,,,,
10,15,2,OO,N936EV,4330,11433,DTW,"Detroit, MI",13459,MQT,"Marquette, MI",1600,1559,0,0,1600-1659,1733,1720,0,1700-1759,0,,93,81,349,2,,,,,,
10,18,5,AA,N982VJ,326,13303,MIA,"Miami, FL",13930,ORD,"Chicago, IL",0840,0835,0,0,0800-0859,1105,1103,0,1100-1159,0,,205,208,1197,5,,,,,,
10,27,7,HA,N478HA,549,13830,OGG,"Kahului, HI",12982,LIH,"Lihue, HI",1802,1805,3,0,1800-1859,1849,1904,15,1800-1859,0,,47,59,201,1,12,0,0,0,3,
10,12,6,OO,N454SW,4244,10141,ABR,"Aberdeen, SD",13487,MSP,"Minneapolis, MN",1300,1314,14,0,1300-1359,1417,1431,14,1400-1459,0,,77,77,257,2,,,,,,
10,1,2,AA,N741UW,1989,11278,DCA,"Washington, DC",13303,MIA,"Miami, FL",1540,1544,4,0,1500-1559,1831,1752,0,1800-1859,0,,171,128,919,4,,,,,,
10,26,6,DL,N965DL,1234,14193,PNS,"Pensacola, FL",10397,ATL,"Atlanta, GA",0525,0515,0,0,0001-0559,0730,0720,0,0700-0759,0,,65,65,271,2,,,,,,
10,23,3,YV,N954LR,5720,13422,MOB,"Mobile, AL",11298,DFW,"Dallas/Fort Worth, TX",1348,1340,0,0,1300-1359,1540,1540,0,1500-1559,0,,112,120,539,3,,,,,,
10,8,2,YX,N424YX,4703,12953,LGA,"New York, NY",14524,RIC,"Richmond, VA",2110,2313,123,1,2100-2159,2228,0034,126,2200-2259,0,,78,81,292,2,45,0,3,0,78,
10,10,4,AA,N170US,495,13204,MCO,"Orlando, FL",14100,PHL,"Philadelphia, PA",1733,1741,8,0,1700-1759,2007,2018,11,2000-2059,0,,154,157,861,4,,,,,,
10,8,2,B6,N292JB,1035,15024,STT,"Charlotte Amalie, VI",14843,SJU,"San Juan, PR",0833,0829,0,0,0800-0859,0910,0908,0,0900-0959,0,,37,39,68,1,,,,,,
10,23,3,DL,N989AT,2669,12448,JAN,"Jackson/Vicksburg, MS",10397,ATL,"Atlanta, GA",1343,1334,0,0,1300-1359,1608,1550,0,1600-1659,0,,85,76,341,2,,,,,,
10,1,2,WN,N243WN,1339,14679,SAN,"San Diego, CA",14893,SMF,"Sacramento, CA",1235,1232,0,0,1200-1259,1410,1359,0,1400-1459,0,,95,87,480,2,,,,,,
10,30,3,UA,N893UA,591,11278,DCA,"Washington, DC",13930,ORD,"Chicago, IL",1445,1437,0,0,1400-1459,1559,1538,0,1500-1559,0,,134,121,612,3,,,,,,
10,18,5,DL,N880DN,1536,10397,ATL,"Atlanta, GA",13487,MSP,"Minneapolis, MN",0905,0858,0,0,0900-0959,1040,1031,0,1000-1059,0,,155,153,907,4,,,,,,
10,21,1,AA,N938NN,2949,11298,DFW,"Dallas/Fort Worth, TX",12889,LAS,"Las Vegas, NV",1401,1401,0,0,1400-1459,1454,1519,25,1400-1459,0,,173,198,1055,5,0,0,25,0,0,
10,19,6,WN,N8665D,2614,12892,LAX,"Los Angeles, CA",10423,AUS,"Austin, TX",1615,1619,4,0,1600-1659,2105,2052,0,2100-2159,0,,170,153,1242,5,,,,,,
10,12,6,OH,N547NN,5633,14122,PIT,"Pittsburgh, PA",11057,CLT,"Charlotte, NC",1518,1512,0,0,1500-1559,1700,1641,0,1700-1759,0,,102,89,366,2,,,,,,
10,16,3,AA,N930AN,2281,11298,DFW,"Dallas/Fort Worth, TX",14683,SAT,"San Antonio, TX",2254,2249,0,0,2200-2259,2358,0004,6,2300-2359,0,,64,75,247,1,,,,,,
10,14,1,WN,N435WN,797,11259,DAL,"Dallas, TX",13891,ONT,"Ontario, CA",1525,1520,0,0,1500-1559,1635,1632,0,1600-1659,0,,190,192,1200,5,,,,,,
10,13,7,OO,N933EV,5762,11638,FAT,"Fresno, CA",12892,LAX,"Los Angeles, CA",0615,0612,0,0,0600-0659,0735,0717,0,0700-0759,0,,80,65,209,1,,,,,,
10,21,1,WN,N408WN,1159,11292,DEN,"Denver, CO",10800,BUR,"Burbank, CA",2015,2219,124,1,2000-2059,2150,2336,106,2100-2159,0,,155,137,850,4,102,0,0,0,4,
10,20,7,NK,N902NK,1025,10721,BOS,"Boston, MA",10821,BWI,"Baltimore, MD",0725,0748,23,1,0700-0759,0902,0937,35,0900-0959,0,,97,109,369,2,23,0,12,0,0,
10,6,7,WN,N254WN,3675,13244,MEM,"Memphis, TN",15304,TPA,"Tampa, FL",1100,1056,0,0,1100-1159,1355,1359,4,1300-1359,0,,115,123,655,3,,,,,,
10,23,3,AA,N757UW,1059,12889,LAS,"Las Vegas, NV",14107,PHX,"Phoenix, AZ",0816,0809,0,0,0800-0859,0933,0926,0,0900-0959,0,,77,77,255,2,,,,,,
10,28,1,UA,N17128,2044,14771,SFO,"San Francisco, CA",11618,EWR,"Newark, NJ",1515,1503,0,0,1500-1559,2336,2312,0,2300-2359,0,,321,309,2565,11,,,,,,
10,21,1,UA,N488UA,204,12889,LAS,"Las Vegas, NV",11618,EWR,"Newark, NJ",1600,1555,0,0,1600-1659,2344,2329,0,2300-2359,0,,284,274,2227,9,,,,,,
10,26,6,OO,N752EV,3289,11298,DFW,"Dallas/Fort Worth, TX",14696,SBN,"South Bend, IN",1230,1317,47,1,1200-1259,1548,1629,41,1500-1559,0,,138,132,846,4,41,0,0,0,0,
10,4,5,WN,N231WN,423,14107,PHX,"Phoenix, AZ",13487,MSP,"Minneapolis, MN",1915,1913,0,0,1900-1959,0005,2352,0,0001-0559,0,,170,159,1276,6,,,,,,
10,28,1,OO,N168SY,5954,11066,CMH,"Columbus, OH",13930,ORD,"Chicago, IL",1245,1236,0,0,1200-1259,1310,1302,0,1300-1359,0,,85,86,296,2,,,,,,
10,15,2,OO,N426SW,4113,14869,SLC,"Salt Lake City, UT",14262,PSP,"Palm Springs, CA",1115,1113,0,0,1100-1159,1209,1154,0,1200-1259,0,,114,101,541,3,,,,,,
10,3,4,YX,N639RW,3575,11618,EWR,"Newark, NJ",14122,PIT,"Pittsburgh, PA",1935,2008,33,1,1900-1959,2108,2137,29,2100-2159,0,,93,89,319,2,0,0,0,0,29,
10,9,3,MQ,N680AE,3968,11337,DLH,"Duluth, MN",13930,ORD,"Chicago, IL",1230,1219,0,0,1200-1259,1420,1357,0,1400-1459,0,,110,98,397,2,,,,,,
10,28,1,DL,N3773D,949,11986,GRR,"Grand Rapids, MI",13487,MSP,"Minneapolis, MN",1825,1826,1,0,1800-1859,1905,1848,0,1900-1959,0,,100,82,408,2,,,,,,
10,31,4,AA,N172AJ,2194,11298,DFW,"Dallas/Fort Worth, TX",12478,JFK,"New York, NY",1326,1325,0,0,1300-1359,1800,1757,0,1800-1859,0,,214,212,1391,6,,,,,,
10,20,7,OO,N909EV,5581,13433,MOT,"Minot, ND",11292,DEN,"Denver, CO",1455,1525,30,1,1400-1459,1557,1618,21,1500-1559,0,,122,113,604,3,0,0,21,0,0,
10,22,2,WN,N8510E,444,15016,STL,"St. Louis, MO",13487,MSP,"Minneapolis, MN",1955,2057,62,1,1900-1959,2125,2219,54,2100-2159,0,,90,82,448,2,0,0,0,0,54,
10,24,4,NK,N651NK,2002,10821,BWI,"Baltimore, MD",11697,FLL,"Fort Lauderdale, FL",1527,1524,0,0,1500-1559,1801,1747,0,1800-1859,0,,154,143,925,4,,,,,,
10,16,3,DL,N363NB,870,14747,SEA,"Seattle, WA",14057,PDX,"Portland, OR",0735,0731,0,0,0700-0759,0837,0823,0,0800-0859,0,,62,52,129,1,,,,,,
10,13,7,HA,N490HA,144,12982,LIH,"Lihue, HI",12173,HNL,"Honolulu, HI",0829,0829,0,0,0800-0859,0905,0906,1,0900-0959,0,,36,37,102,1,,,,,,
10,18,5,WN,N550WN,1944,11259,DAL,"Dallas, TX",12953,LGA,"New York, NY",1515,1801,166,1,1500-1559,1940,2216,156,1900-1959,0,,205,195,1381,6,155,0,0,0,1,
10,28,1,UA,N27205,1538,11618,EWR,"Newark, NJ",14027,PBI,"West Palm Beach/Palm Beach, FL",1415,1425,10,0,1400-1459,1709,1723,14,1700-1759,0,,174,178,1023,5,,,,,,
10,7,1,WN,N7718B,481,14679,SAN,"San Diego, CA",12889,LAS,"Las Vegas, NV",2025,2022,0,0,2000-2059,2140,2130,0,2100-2159,0,,75,68,258,2,,,,,,
10,7,1,WN,N278WN,904,15016,STL,"St. Louis, MO",13495,MSY,"New Orleans, LA",1905,1902,0,0,1900-1959,2050,2039,0,2000-2059,0,,105,97,604,3,,,,,,
10,4,5,YV,N904FJ,5931,11995,GSO,"Greensboro/High Point, NC",11298,DFW,"Dallas/Fort Worth, TX",1740,1731,0,0,1700-1759,1944,1915,0,1900-1959,0,,184,164,999,4,,,,,,
10,8,2,OH,N601EN,5218,11057,CLT,"Charlotte, NC",12264,IAD,"Washington, DC",1755,1749,0,0,1700-1759,1919,1955,36,1900-1959,0,,84,126,322,2,0,0,36,0,0,
10,30,3,WN,N7883A,626,14679,SAN,"San Diego, CA",12889,LAS,"Las Vegas, NV",1715,1713,0,0,1700-1759,1825,1820,0,1800-1859,0,,70,67,258,2,,,,,,
10,30,3,MQ,N668HH,3422,15412,TYS,"Knoxville, TN",13303,MIA,"Miami, FL",1836,1834,0,0,1800-1859,2044,2040,0,2000-2059,0,,128,126,724,3,,,,,,
10,11,5,DL,N314DN,1206,12892,LAX,"Los Angeles, CA",10397,ATL,"Atlanta, GA",1346,1354,8,0,1300-1359,2101,2051,0,2100-2159,0,,255,237,1947,8,,,,,,
10,12,6,AA,N906NN,2667,14492,RDU,"Raleigh/Durham, NC",13930,ORD,"Chicago, IL",1118,1114,0,0,1100-1159,1241,1222,0,1200-1259,0,,143,128,646,3,,,,,,
10,29,2,WN,N262WN,5662,12339,IND,"Indianapolis, IN",13204,MCO,"Orlando, FL",0510,0506,0,0,0001-0559,0730,0720,0,0700-0759,0,,140,134,829,4,,,,,,
10,19,6,UA,N839UA,1267,13303,MIA,"Miami, FL",12266,IAH,"Houston, TX",1446,1442,0,0,1400-1459,1636,1615,0,1600-1659,0,,170,153,964,4,,,,,,
10,16,3,OO,N258SY,3810,12156,HLN,"Helena, MT",14869,SLC,"Salt Lake City, UT",0615,0611,0,0,0600-0659,0742,0726,0,0700-0759,0,,87,75,402,2,,,,,,
10,28,1,OO,N776SK,3026,11042,CLE,"Cleveland, OH",13930,ORD,"Chicago, IL",1815,1805,0,0,1800-1859,1854,1825,0,1800-1859,0,,99,80,315,2,,,,,,
10,31,4,OO,N189SY,3419,14908,SNA,"Santa Ana, CA",14831,SJC,"San Jose, CA",2005,1947,0,0,2000-2059,2125,2112,0,2100-2159,0,,80,85,342,2,,,,,,
10,2,3,YV,N89315,6203,12266,IAH,"Houston, TX",13256,MFE,"Mission/McAllen/Edinburg, TX",1000,0950,0,0,1000-1059,1118,1100,0,1100-1159,0,,78,70,316,2,,,,,,
10,1,2,OO,N862AS,5644,14698,SBP,"San Luis Obispo, CA",12892,LAX,"Los Angeles, CA",1914,2039,85,1,1900-1959,2026,2139,73,2000-2059,0,,72,60,156,1,73,0,0,0,0,
10,19,6,DL,N962DL,2084,15016,STL,"St. Louis, MO",10397,ATL,"Atlanta, GA",1610,1644,34,1,1600-1659,1848,1917,29,1800-1859,0,,98,93,484,2,0,0,29,0,0,
10,25,5,MQ,N244NN,3505,11298,DFW,"Dallas/Fort Worth, TX",11140,CRP,"Corpus Christi, TX",2230,2321,51,1,2200-2259,2356,0049,53,2300-2359,0,,86,88,354,2,51,0,2,0,0,
10,8,2,UA,N62892,1180,11618,EWR,"Newark, NJ",13930,ORD,"Chicago, IL",1659,1700,1,0,1600-1659,1833,1821,0,1800-1859,0,,154,141,719,3,,,,,,
10,22,2,AA,N207UW,1476,14107,PHX,"Phoenix, AZ",14908,SNA,"Santa Ana, CA",1353,1345,0,0,1300-1359,1515,1456,0,1500-1559,0,,82,71,338,2,,,,,,
10,24,4,AA,N972UY,788,11057,CLT,"Charlotte, NC",13204,MCO,"Orlando, FL",0800,0754,0,0,0800-0859,0951,1002,11,0900-0959,0,,111,128,468,2,,,,,,
10,28,1,OO,N916SW,5076,12264,IAD,"Washington, DC",14025,PBG,"Plattsburgh, NY",1900,1852,0,0,1900-1959,2040,2019,0,2000-2059,0,,100,87,444,2,,,,,,
10,16,3,YV,N923FJ,5917,11140,CRP,"Corpus Christi, TX",11298,DFW,"Dallas/Fort Worth, TX",1223,1228,5,0,1200-1259,1345,1356,11,1300-1359,0,,82,88,354,2,,,,,,
10,21,1,UA,N75425,1078,11618,EWR,"Newark, NJ",11697,FLL,"Fort Lauderdale, FL",0859,0856,0,0,0800-0859,1209,1215,6,1200-1259,0,,190,199,1065,5,,,,,,
10,5,6,DL,N326NB,2757,12892,LAX,"Los Angeles, CA",14771,SFO,"San Francisco, CA",1526,1520,0,0,1500-1559,1645,1625,0,1600-1659,0,,79,65,337,2,,,,,,
10,24,4,UA,N459UA,1955,12266,IAH,"Houston, TX",11278,DCA,"Washington, DC",1950,1945,0,0,1900-1959,2353,2342,0,2300-2359,0,,183,177,1208,5,,,,,,
10,27,7,MQ,N812AE,3843,14842,SJT,"San Angelo, TX",11298,DFW,"Dallas/Fort Worth, TX",1426,1420,0,0,1400-1459,1538,1530,0,1500-1559,0,,72,70,229,1,,,,,,
10,12,6,OO,N758SK,3277,13930,ORD,"Chicago, IL",12197,HPN,"White Plains, NY",1249,1247,0,0,1200-1259,1559,1542,0,1500-1559,0,,130,115,738,3,,,,,,
10,23,3,G4,249NV,1236,10431,AVL,"Asheville, NC",14761,SFB,"Sanford, FL",1856,1846,0,0,1800-1859,2025,2020,0,2000-2059,0,,89,94,465,2,,,,,,
10,26,6,B6,N982JB,19,10721,BOS,"Boston, MA",14679,SAN,"San Diego, CA",1612,1607,0,0,1600-1659,1933,1928,0,1900-1959,0,,381,381,2588,11,,,,,,
10,28,1,MQ,N240NN,3882,11298,DFW,"Dallas/Fort Worth, TX",15919,XNA,"Fayetteville, AR",0707,0701,0,0,0700-0759,0822,0804,0,0800-0859,0,,75,63,280,2,,,,,,
10,13,7,WN,N434WN,4597,10693,BNA,"Nashville, TN",11292,DEN,"Denver, CO",1540,1538,0,0,1500-1559,1730,1715,0,1700-1759,0,,170,157,1014,5,,,,,,
10,20,7,YX,N743YX,3608,13930,ORD,"Chicago, IL",14492,RDU,"Raleigh/Durham, NC",1415,1408,0,0,1400-1459,1723,1718,0,1700-1759,0,,128,130,646,3,,,,,,
10,31,4,DL,N593NW,2622,13487,MSP,"Minneapolis, MN",14747,SEA,"Seattle, WA",0845,0841,0,0,0800-0859,1035,1026,0,1000-1059,0,,230,225,1399,6,,,,,,
10,4,5,AA,N667AW,1923,11057,CLT,"Charlotte, NC",10792,BUF,"Buffalo, NY",1447,1447,0,0,1400-1459,1630,1615,0,1600-1659,0,,103,88,546,3,,,,,,
10,30,3,AA,N955UW,2115,11278,DCA,"Washington, DC",12953,LGA,"New York, NY",0600,0554,0,0,0600-0659,0714,0654,0,0700-0759,0,,74,60,214,1,,,,,,
10,13,7,UA,N437UA,1868,13930,ORD,"Chicago, IL",13495,MSY,"New Orleans, LA",2122,2147,25,1,2100-2159,2346,2351,5,2300-2359,0,,144,124,836,4,,,,,,
10,8,2,YX,N116HQ,4534,11423,DSM,"Des Moines, IA",11278,DCA,"Washington, DC",0601,0556,0,0,0600-0659,0925,0917,0,0900-0959,0,,144,141,897,4,,,,,,
10,15,2,YX,N441YX,4347,13303,MIA,"Miami, FL",11995,GSO,"Greensboro/High Point, NC",1600,1555,0,0,1600-1659,1809,1756,0,1800-1859,0,,129,121,710,3,,,,,,
10,20,7,WN,N411WN,3254,13232,MDW,"Chicago, IL",13871,OMA,"Omaha, NE",1030,1024,0,0,1000-1059,1200,1140,0,1200-1259,0,,90,76,423,2,,,,,,
10,29,2,UA,N75429,778,10397,ATL,"Atlanta, GA",12264,IAD,"Washington, DC",1000,0953,0,0,1000-1059,1143,1138,0,1100-1159,0,,103,105,534,3,,,,,,
10,8,2,OH,N592NN,5114,11973,GPT,"Gulfport/Biloxi, MS",11057,CLT,"Charlotte, NC",1804,1758,0,0,1800-1859,2106,2048,0,2100-2159,0,,122,110,577,3,,,,,,
10,16,3,AA,N172US,230,11298,DFW,"Dallas/Fort Worth, TX",11057,CLT,"Charlotte, NC",1335,1413,38,1,1300-1359,1707,1729,22,1700-1759,0,,152,136,936,4,22,0,0,0,0,
10,20,7,UA,N61881,269,13930,ORD,"Chicago, IL",11292,DEN,"Denver, CO",1935,1933,0,0,1900-1959,2119,2136,17,2100-2159,0,,164,183,888,4,0,0,17,0,0,
10,20,7,DL,N943AT,2963,12478,JFK,"New York, NY",11057,CLT,"Charlotte, NC",1945,2004,19,1,1900-1959,2221,2157,0,2200-2259,0,,156,113,541,3,,,,,,
10,31,4,G4,307NV,2136,11027,CKB,"Clarksburg/Fairmont, WV",14761,SFB,"Sanford, FL",1606,2048,282,1,1600-1659,1806,2248,282,1800-1859,0,,120,120,727,3,282,0,0,0,0,
10,7,1,DL,N364DX,1959,15304,TPA,"Tampa, FL",11433,DTW,"Detroit, MI",1200,1154,0,0,1200-1259,1438,1416,0,1400-1459,0,,158,142,983,4,,,,,,
10,23,3,WN,N7736A,398,14107,PHX,"Phoenix, AZ",10423,AUS,"Austin, TX",1440,1439,0,0,1400-1459,1850,1838,0,1800-1859,0,,130,119,872,4,,,,,,
10,8,2,DL,N6714Q,2361,10397,ATL,"Atlanta, GA",14524,RIC,"Richmond, VA",2222,2213,0,0,2200-2259,2354,2337,0,2300-2359,0,,92,84,481,2,,,,,,
10,25,5,WN,N8654B,733,14679,SAN,"San Diego, CA",10713,BOI,"Boise, ID",1620,1628,8,0,1600-1659,1925,1924,0,1900-1959,0,,125,116,749,3,,,,,,
10,8,2,WN,N454WN,2367,11259,DAL,"Dallas, TX",12992,LIT,"Little Rock, AR",1515,1514,0,0,1500-1559,1625,1610,0,1600-1659,0,,70,56,296,2,,,,,,
10,17,4,WN,N959WN,711,10693,BNA,"Nashville, TN",13487,MSP,"Minneapolis, MN",1905,1911,6,0,1900-1959,2105,2107,2,2100-2159,0,,120,116,695,3,,,,,,
10,1,2,DL,N954AT,2884,12953,LGA,"New York, NY",10721,BOS,"Boston, MA",0700,0653,0,0,0700-0759,0817,0808,0,0800-0859,0,,77,75,184,1,,,,,,
10,28,1,MQ,N264NN,4146,13930,ORD,"Chicago, IL",14122,PIT,"Pittsburgh, PA",1729,1725,0,0,1700-1759,1957,1943,0,1900-1959,0,,88,78,413,2,,,,,,
10,24,4,WN,N705SW,6811,14057,PDX,"Portland, OR",13796,OAK,"Oakland, CA",1305,1308,3,0,1300-1359,1455,1441,0,1400-1459,0,,110,93,543,3,,,,,,
10,31,4,WN,N8608N,1414,14679,SAN,"San Diego, CA",14893,SMF,"Sacramento, CA",1420,1420,0,0,1400-1459,1555,1541,0,1500-1559,0,,95,81,480,2,,,,,,
10,11,5,WN,N7886A,901,12892,LAX,"Los Angeles, CA",11292,DEN,"Denver, CO",0645,0643,0,0,0600-0659,1005,1004,0,1000-1059,0,,140,141,862,4,,,,,,
10,19,6,WN,N746SW,5545,13871,OMA,"Omaha, NE",13232,MDW,"Chicago, IL",1040,1035,0,0,1000-1059,1200,1156,0,1200-1259,0,,80,81,423,2,,,,,,
10,21,1,OO,N133SY,5985,11292,DEN,"Denver, CO",10599,BHM,"Birmingham, AL",1110,1110,0,0,1100-1159,1459,1449,0,1400-1459,0,,169,159,1083,5,,,,,,
10,19,6,B6,N639JB,533,10529,BDL,"Hartford, CT",15304,TPA,"Tampa, FL",1403,1607,124,1,1400-1459,1659,1910,131,1600-1659,0,,176,183,1111,5,8,0,7,0,116,
10,1,2,DL,N321US,2453,14057,PDX,"Portland, OR",13487,MSP,"Minneapolis, MN",0815,0856,41,1,0800-0859,1327,1415,48,1300-1359,0,,192,199,1426,6,41,0,7,0,0,
10,27,7,UA,N841UA,1911,13930,ORD,"Chicago, IL",11278,DCA,"Washington, DC",0900,0857,0,0,0900-0959,1155,1158,3,1100-1159,0,,115,121,612,3,,,,,,
10,1,2,NK,N695NK,452,13495,MSY,"New Orleans, LA",10397,ATL,"Atlanta, GA",0625,0623,0,0,0600-0659,0904,0901,0,0900-0959,0,,99,98,425,2,,,,,,
10,28,1,WN,N241WN,1400,10800,BUR,"Burbank, CA",12889,LAS,"Las Vegas, NV",1645,1642,0,0,1600-1659,1755,1740,0,1700-1759,0,,70,58,223,1,,,,,,
10,20,7,YX,N979RP,3550,12266,IAH,"Houston, TX",11278,DCA,"Washington, DC",0650,0650,0,0,0600-0659,1059,1041,0,1000-1059,0,,189,171,1208,5,,,,,,
10,13,7,EV,N11192,4392,13061,LRD,"Laredo, TX",12266,IAH,"Houston, TX",1205,1157,0,0,1200-1259,1326,1303,0,1300-1359,0,,81,66,301,2,,,,,,
10,21,1,OO,N931EV,3968,13487,MSP,"Minneapolis, MN",11337,DLH,"Duluth, MN",1147,1144,0,0,1100-1159,1247,1233,0,1200-1259,0,,60,49,144,1,,,,,,
10,27,7,UA,N778UA,1613,11292,DEN,"Denver, CO",12892,LAX,"Los Angeles, CA",1900,2018,78,1,1900-1959,2030,2300,150,2000-2059,0,,150,222,862,4,0,78,72,0,0,
10,2,3,EV,N14902,4030,12266,IAH,"Houston, TX",12951,LFT,"Lafayette, LA",0800,0751,0,0,0800-0859,0905,0854,0,0900-0959,0,,65,63,201,1,,,,,,
10,30,3,WN,N8628A,2198,11057,CLT,"Charlotte, NC",10693,BNA,"Nashville, TN",0650,0659,9,0,0600-0659,0710,0710,0,0700-0759,0,,80,71,328,2,,,,,,
10,9,3,UA,N77535,1216,14747,SEA,"Seattle, WA",14771,SFO,"San Francisco, CA",0718,0725,7,0,0700-0759,0931,0917,0,0900-0959,0,,133,112,679,3,,,,,,
10,22,2,AS,N462AS,781,12889,LAS,"Las Vegas, NV",14057,PDX,"Portland, OR",0925,0921,0,0,0900-0959,1150,1146,0,1100-1159,0,,145,145,763,4,,,,,,
10,27,7,WN,N967WN,3439,14057,PDX,"Portland, OR",14107,PHX,"Phoenix, AZ",0810,0809,0,0,0800-0859,1035,1030,0,1000-1059,0,,145,141,1009,5,,,,,,
10,17,4,AA,N125AA,2800,12892,LAX,"Los Angeles, CA",10721,BOS,"Boston, MA",2330,2340,10,0,2300-2359,0754,0753,0,0700-0759,0,,324,313,2611,11,,,,,,
10,5,6,YV,N905J,5721,13476,MRY,"Monterey, CA",14107,PHX,"Phoenix, AZ",0600,0557,0,0,0600-0659,0750,0738,0,0700-0759,0,,110,101,598,3,,,,,,
10,17,4,UA,N69810,834,12889,LAS,"Las Vegas, NV",14771,SFO,"San Francisco, CA",0830,0828,0,0,0800-0859,1006,1006,0,1000-1059,0,,96,98,414,2,,,,,,
10,28,1,OO,N917EV,3821,13487,MSP,"Minneapolis, MN",10469,AZO,"Kalamazoo, MI",2100,2056,0,0,2100-2159,2335,2313,0,2300-2359,0,,95,77,426,2,,,,,,
10,27,7,WN,N719SW,3207,10140,ABQ,"Albuquerque, NM",13198,MCI,"Kansas City, MO",0900,0856,0,0,0900-0959,1150,1144,0,1100-1159,0,,110,108,718,3,,,,,,
10,26,6,UA,N68821,1073,11433,DTW,"Detroit, MI",11292,DEN,"Denver, CO",1654,1651,0,0,1600-1659,1801,1756,0,1800-1859,0,,187,185,1123,5,,,,,,
10,29,2,DL,N584NW,1947,13487,MSP,"Minneapolis, MN",12892,LAX,"Los Angeles, CA",1253,1250,0,0,1200-1259,1448,1459,11,1400-1459,0,,235,249,1535,7,,,,,,
10,8,2,DL,N926DH,2493,10397,ATL,"Atlanta, GA",10529,BDL,"Hartford, CT",2139,2138,0,0,2100-2159,2355,2348,0,2300-2359,0,,136,130,859,4,,,,,,
10,4,5,WN,N465WN,5461,12191,HOU,"Houston, TX",15304,TPA,"Tampa, FL",0600,0558,0,0,0600-0659,0900,0853,0,0900-0959,0,,120,115,781,4,,,,,,
10,15,2,OO,N987SW,5138,11292,DEN,"Denver, CO",14120,PIR,"Pierre, SD",1102,1102,0,0,1100-1159,1331,1323,0,1300-1359,0,,89,81,385,2,,,,,,
10,10,4,AA,N838AW,1377,15370,TUL,"Tulsa, OK",11298,DFW,"Dallas/Fort Worth, TX",1025,1020,0,0,1000-1059,1146,1143,0,1100-1159,0,,81,83,237,1,,,,,,
10,28,1,AS,N268AK,103,14747,SEA,"Seattle, WA",11630,FAI,"Fairbanks, AK",2330,2329,0,0,2300-2359,0225,0213,0,0001-0559,0,,235,224,1533,7,,,,,,
10,28,1,G4,235NV,1768,12544,USA,"Concord, NC",11697,FLL,"Fort Lauderdale, FL",1612,1603,0,0,1600-1659,1806,1811,5,1800-1859,0,,114,128,643,3,,,,,,
10,8,2,B6,N985JT,464,14747,SEA,"Seattle, WA",12478,JFK,"New York, NY",1311,1305,0,0,1300-1359,2126,2115,0,2100-2159,0,,315,310,2422,10,,,,,,
10,7,1,DL,N901DN,1010,11433,DTW,"Detroit, MI",10397,ATL,"Atlanta, GA",1139,1135,0,0,1100-1159,1343,1329,0,1300-1359,0,,124,114,594,3,,,,,,
10,29,2,OO,N765SK,3298,13930,ORD,"Chicago, IL",14457,RAP,"Rapid City, SD",1005,1003,0,0,1000-1059,1130,1201,31,1100-1159,0,,145,178,780,4,0,0,31,0,0,
10,18,5,AA,N825NN,1293,15027,STX,"Christiansted, VI",13303,MIA,"Miami, FL",1548,1542,0,0,1500-1559,1850,1838,0,1800-1859,0,,182,176,1139,5,,,,,,
10,25,5,OH,N602NN,5616,11057,CLT,"Charlotte, NC",13342,MKE,"Milwaukee, WI",1443,1438,0,0,1400-1459,1554,1538,0,1500-1559,0,,131,120,651,3,,,,,,
10,15,2,UA,N489UA,2241,12266,IAH,"Houston, TX",13495,MSY,"New Orleans, LA",1705,1701,0,0,1700-1759,1820,1836,16,1800-1859,0,,75,95,305,2,0,0,16,0,0,
10,9,3,WN,N776WN,2482,14100,PHL,"Philadelphia, PA",11292,DEN,"Denver, CO",0625,0620,0,0,0600-0659,0835,0805,0,0800-0859,0,,250,225,1558,7,,,,,,
10,1,2,AA,N767UW,976,11298,DFW,"Dallas/Fort Worth, TX",13158,MAF,"Midland/Odessa, TX",1625,1626,1,0,1600-1659,1740,1731,0,1700-1759,0,,75,65,309,2,,,,,,
10,24,4,OO,N986SW,5876,11638,FAT,"Fresno, CA",14771,SFO,"San Francisco, CA",1005,0948,0,0,1000-1059,1108,1032,0,1100-1159,0,,63,44,158,1,,,,,,
10,12,6,AA,N768AA,2550,11298,DFW,"Dallas/Fort Worth, TX",13303,MIA,"Miami, FL",1055,1103,8,0,1000-1059,1447,1448,1,1400-1459,0,,172,165,1121,5,,,,,,
10,16,3,WN,N969WN,5346,13198,MCI,"Kansas City, MO",11278,DCA,"Washington, DC",1445,1443,0,0,1400-1459,1755,1758,3,1700-1759,0,,130,135,949,4,,,,,,
10,13,7,WN,N260WN,4276,12892,LAX,"Los Angeles, CA",13198,MCI,"Kansas City, MO",1240,1241,1,0,1200-1259,1755,1726,0,1700-1759,0,,195,165,1363,6,,,,,,
10,10,4,9E,N186PQ,5342,10397,ATL,"Atlanta, GA",10431,AVL,"Asheville, NC",1015,1009,0,0,1000-1059,1118,1104,0,1100-1159,0,,63,55,164,1,,,,,,
10,14,1,AA,N90024,980,11298,DFW,"Dallas/Fort Worth, TX",12266,IAH,"Houston, TX",0840,0831,0,0,0800-0859,0944,0954,10,0900-0959,0,,64,83,224,1,,,,,,
10,27,7,DL,N908DA,811,14307,PVD,"Providence, RI",10397,ATL,"Atlanta, GA",1818,1817,0,0,1800-1859,2104,2043,0,2100-2159,0,,166,146,903,4,,,,,,
10,5,6,AA,N301PA,1050,11298,DFW,"Dallas/Fort Worth, TX",14570,RNO,"Reno, NV",1845,1840,0,0,1800-1859,2016,2002,0,2000-2059,0,,211,202,1345,6,,,,,,
10,20,7,UA,N814UA,2128,14771,SFO,"San Francisco, CA",10800,BUR,"Burbank, CA",1157,1154,0,0,1100-1159,1322,1307,0,1300-1359,0,,85,73,326,2,,,,,,
10,31,4,OO,N423SW,5082,13344,MKG,"Muskegon, MI",13930,ORD,"Chicago, IL",0545,,,,0001-0559,0552,,,0001-0559,1,A,67,,119,1,,,,,,
10,7,1,B6,N531JL,872,14869,SLC,"Salt Lake City, UT",12478,JFK,"New York, NY",1100,1042,0,0,1100-1159,1718,1658,0,1700-1759,0,,258,256,1990,8,,,,,,
10,29,2,WN,N491WN,698,10423,AUS,"Austin, TX",11540,ELP,"El Paso, TX",1845,1843,0,0,1800-1859,1915,1916,1,1900-1959,0,,90,93,528,3,,,,,,
10,8,2,DL,N923DN,2495,10397,ATL,"Atlanta, GA",14683,SAT,"San Antonio, TX",1608,1610,2,0,1600-1659,1739,1731,0,1700-1759,0,,151,141,874,4,,,,,,
10,30,3,UA,N73860,1897,12892,LAX,"Los Angeles, CA",13930,ORD,"Chicago, IL",1355,1424,29,1,1300-1359,1950,2017,27,1900-1959,0,,235,233,1744,7,6,0,0,0,21,
10,27,7,AA,N560UW,582,14100,PHL,"Philadelphia, PA",12892,LAX,"Los Angeles, CA",0832,0834,2,0,0800-0859,1139,1216,37,1100-1159,0,,367,402,2402,10,0,0,35,0,2,
10,22,2,AA,N582UW,1806,15304,TPA,"Tampa, FL",14100,PHL,"Philadelphia, PA",0700,0700,0,0,0700-0759,0934,0930,0,0900-0959,0,,154,150,920,4,,,,,,
10,15,2,DL,N814DN,380,11292,DEN,"Denver, CO",13487,MSP,"Minneapolis, MN",1826,1819,0,0,1800-1859,2117,2113,0,2100-2159,0,,111,114,680,3,,,,,,
10,2,3,HA,N489HA,265,13830,OGG,"Kahului, HI",12173,HNL,"Honolulu, HI",1316,1317,1,0,1300-1359,1356,1358,2,1300-1359,0,,40,41,100,1,,,,,,
10,24,4,WN,N279WN,1645,11292,DEN,"Denver, CO",13891,ONT,"Ontario, CA",2145,2158,13,0,2100-2159,2305,2300,0,2300-2359,0,,140,122,819,4,,,,,,
10,30,3,WN,N7824A,154,14107,PHX,"Phoenix, AZ",14771,SFO,"San Francisco, CA",0605,0604,0,0,0600-0659,0810,0815,5,0800-0859,0,,125,131,651,3,,,,,,
10,31,4,OO,N117SY,5272,11986,GRR,"Grand Rapids, MI",13930,ORD,"Chicago, IL",0910,0908,0,0,0900-0959,0914,0910,0,0900-0959,0,,64,62,137,1,,,,,,
10,30,3,DL,N942AT,1757,11278,DCA,"Washington, DC",11193,CVG,"Cincinnati, OH",1859,1900,1,0,1800-1859,2032,2026,0,2000-2059,0,,93,86,411,2,,,,,,
10,21,1,DL,N926AT,1120,13487,MSP,"Minneapolis, MN",14100,PHL,"Philadelphia, PA",1530,1527,0,0,1500-1559,1903,1844,0,1900-1959,0,,153,137,980,4,,,,,,
10,4,5,B6,N192JB,1023,11278,DCA,"Washington, DC",13204,MCO,"Orlando, FL",1800,1959,119,1,1800-1859,2025,2209,104,2000-2059,0,,145,130,759,4,10,0,0,0,94,
10,12,6,AS,N609AS,69,14747,SEA,"Seattle, WA",12819,KTN,"Ketchikan, AK",1845,1834,0,0,1800-1859,2000,1939,0,2000-2059,0,,135,125,680,3,,,,,,
10,15,2,DL,N924AT,486,11433,DTW,"Detroit, MI",13930,ORD,"Chicago, IL",0810,0810,0,0,0800-0859,0837,0821,0,0800-0859,0,,87,71,235,1,,,,,,
10,31,4,OO,N461SW,4330,11433,DTW,"Detroit, MI",13459,MQT,"Marquette, MI",1600,1557,0,0,1600-1659,1733,1708,0,1700-1759,0,,93,71,349,2,,,,,,
10,4,5,WN,N482WN,1347,13796,OAK,"Oakland, CA",14107,PHX,"Phoenix, AZ",2125,2117,0,0,2100-2159,2315,2256,0,2300-2359,0,,110,99,646,3,,,,,,
10,9,3,DL,N3767,1508,15304,TPA,"Tampa, FL",11193,CVG,"Cincinnati, OH",1220,1220,0,0,1200-1259,1427,1409,0,1400-1459,0,,127,109,773,4,,,,,,
10,6,7,AS,N536AS,66,15991,YAK,"Yakutat, AK",12523,JNU,"Juneau, AK",1845,1902,17,1,1800-1859,1930,1951,21,1900-1959,0,,45,49,198,1,17,0,4,0,0,
10,15,2,AS,N236AK,627,12478,JFK,"New York, NY",14771,SFO,"San Francisco, CA",0930,0924,0,0,0900-0959,1305,1233,0,1300-1359,0,,395,369,2586,11,,,,,,
10,6,7,WN,N498WN,5195,12889,LAS,"Las Vegas, NV",14893,SMF,"Sacramento, CA",1140,1144,4,0,1100-1159,1315,1309,0,1300-1359,0,,95,85,397,2,,,,,,
10,14,1,WN,N7703A,170,13495,MSY,"New Orleans, LA",12191,HOU,"Houston, TX",1945,1945,0,0,1900-1959,2105,2050,0,2100-2159,0,,80,65,302,2,,,,,,
10,30,3,DL,N960DN,1266,10792,BUF,"Buffalo, NY",10397,ATL,"Atlanta, GA",0600,0555,0,0,0600-0659,0805,0805,0,0800-0859,0,,125,130,712,3,,,,,,
10,31,4,WN,N245WN,2350,14679,SAN,"San Diego, CA",11292,DEN,"Denver, CO",0850,0845,0,0,0800-0859,1215,1159,0,1200-1259,0,,145,134,853,4,,,,,,
10,21,1,AS,N589AS,858,12982,LIH,"Lihue, HI",14679,SAN,"San Diego, CA",1255,1251,0,0,1200-1259,2130,2146,16,2100-2159,0,,335,355,2676,11,0,0,16,0,0,
10,6,7,YX,N641RW,3683,13930,ORD,"Chicago, IL",11775,FSD,"Sioux Falls, SD",0829,0825,0,0,0800-0859,1017,1009,0,1000-1059,0,,108,104,463,2,,,,,,
10,2,3,OO,N8932C,4231,13367,MLI,"Moline, IL",13487,MSP,"Minneapolis, MN",0642,0639,0,0,0600-0659,0810,0817,7,0800-0859,0,,88,98,274,2,,,,,,
10,20,7,OO,N791SK,5206,11109,COS,"Colorado Springs, CO",12266,IAH,"Houston, TX",0530,0527,0,0,0001-0559,0855,0846,0,0800-0859,0,,145,139,809,4,,,,,,
10,4,5,AA,N175AN,2710,15376,TUS,"Tucson, AZ",11298,DFW,"Dallas/Fort Worth, TX",1141,1139,0,0,1100-1159,1556,1543,0,1500-1559,0,,135,124,813,4,,,,,,
10,30,3,WN,N7748A,1685,10821,BWI,"Baltimore, MD",10257,ALB,"Albany, NY",2205,0035,150,1,2200-2259,2315,0128,133,2300-2359,0,,70,53,289,2,29,0,0,0,104,
10,24,4,DL,N340NW,2534,14492,RDU,"Raleigh/Durham, NC",10397,ATL,"Atlanta, GA",1959,1951,0,0,1900-1959,2135,2130,0,2100-2159,0,,96,99,356,2,,,,,,
10,14,1,DL,N893AT,2669,12448,JAN,"Jackson/Vicksburg, MS",10397,ATL,"Atlanta, GA",1343,1339,0,0,1300-1359,1608,1552,0,1600-1659,0,,85,73,341,2,,,,,,
10,28,1,OO,N785SK,5637,15096,SYR,"Syracuse, NY",13930,ORD,"Chicago, IL",1000,0959,0,0,1000-1059,1126,1101,0,1100-1159,0,,146,122,607,3,,,,,,
10,26,6,MQ,N687JS,3855,13930,ORD,"Chicago, IL",11003,CID,"Cedar Rapids/Iowa City, IA",2045,2041,0,0,2000-2059,2149,2149,0,2100-2159,0,,64,68,196,1,,,,,,
10,15,2,MQ,N256NN,3627,11278,DCA,"Washington, DC",12992,LIT,"Little Rock, AR",1800,1754,0,0,1800-1859,1942,1934,0,1900-1959,0,,162,160,888,4,,,,,,
10,9,3,DL,N316NB,1207,12478,JFK,"New York, NY",13487,MSP,"Minneapolis, MN",1929,1924,0,0,1900-1959,2151,2127,0,2100-2159,0,,202,183,1029,5,,,,,,
10,12,6,NK,N622NK,708,13930,ORD,"Chicago, IL",10721,BOS,"Boston, MA",1420,1414,0,0,1400-1459,1748,1726,0,1700-1759,0,,148,132,867,4,,,,,,
10,10,4,AA,N948AN,1009,11298,DFW,"Dallas/Fort Worth, TX",10693,BNA,"Nashville, TN",1240,1236,0,0,1200-1259,1427,1425,0,1400-1459,0,,107,109,631,3,,,,,,
10,25,5,NK,N519NK,447,14100,PHL,"Philadelphia, PA",13495,MSY,"New Orleans, LA",1455,1521,26,1,1400-1459,1727,1727,0,1700-1759,0,,212,186,1089,5,,,,,,
10,22,2,UA,N17245,491,10849,BZN,"Bozeman, MT",11292,DEN,"Denver, CO",0822,0811,0,0,0800-0859,1005,0958,0,1000-1059,0,,103,107,524,3,,,,,,
10,4,5,DL,N3733Z,1965,12953,LGA,"New York, NY",11292,DEN,"Denver, CO",0800,0759,0,0,0800-0859,1029,1025,0,1000-1059,0,,269,266,1620,7,,,,,,
10,2,3,MQ,N856AE,4203,14842,SJT,"San Angelo, TX",11298,DFW,"Dallas/Fort Worth, TX",1616,1608,0,0,1600-1659,1727,1711,0,1700-1759,0,,71,63,229,1,,,,,,
10,27,7,AA,N90024,1047,15624,VPS,"Valparaiso, FL",11298,DFW,"Dallas/Fort Worth, TX",1321,1319,0,0,1300-1359,1540,1524,0,1500-1559,0,,139,125,641,3,,,,,,
10,18,5,AA,N915US,2008,11292,DEN,"Denver, CO",11057,CLT,"Charlotte, NC",1007,0959,0,0,1000-1059,1524,1506,0,1500-1559,0,,197,187,1337,6,,,,,,
10,7,1,9E,N293PQ,3347,13487,MSP,"Minneapolis, MN",11986,GRR,"Grand Rapids, MI",1300,1258,0,0,1300-1359,1533,1512,0,1500-1559,0,,93,74,408,2,,,,,,
10,13,7,WN,N269WN,3738,14307,PVD,"Providence, RI",10821,BWI,"Baltimore, MD",2100,2137,37,1,2100-2159,2220,2246,26,2200-2259,0,,80,69,327,2,1,0,0,0,25,
10,15,2,DL,N973DL,2575,10994,CHS,"Charleston, SC",10397,ATL,"Atlanta, GA",0600,0559,0,0,0600-0659,0709,0707,0,0700-0759,0,,69,68,259,2,,,,,,
10,20,7,WN,N410WN,3228,12889,LAS,"Las Vegas, NV",10800,BUR,"Burbank, CA",1250,1251,1,0,1200-1259,1400,1400,0,1400-1459,0,,70,69,223,1,,,,,,
10,7,1,UA,N896UA,2318,12266,IAH,"Houston, TX",15376,TUS,"Tucson, AZ",0935,0936,1,0,0900-0959,1010,1010,0,1000-1059,0,,155,154,936,4,,,,,,
10,5,6,B6,N566JB,826,12954,LGB,"Long Beach, CA",14831,SJC,"San Jose, CA",0651,0650,0,0,0600-0659,0807,0758,0,0800-0859,0,,76,68,324,2,,,,,,
10,28,1,OO,N934SW,5206,10157,ACV,"Arcata/Eureka, CA",14771,SFO,"San Francisco, CA",0800,0752,0,0,0800-0859,0916,0855,0,0900-0959,0,,76,63,250,2,,,,,,
10,20,7,DL,N926AT,1429,13487,MSP,"Minneapolis, MN",14492,RDU,"Raleigh/Durham, NC",1000,0956,0,0,1000-1059,1332,1323,0,1300-1359,0,,152,147,980,4,,,,,,
10,14,1,9E,N600LR,5217,10627,BIS,"Bismarck/Mandan, ND",13487,MSP,"Minneapolis, MN",1326,1421,55,1,1300-1359,1456,1534,38,1400-1459,0,,90,73,386,2,0,0,0,0,38,
10,22,2,F9,N336FR,2425,11042,CLE,"Cleveland, OH",14635,RSW,"Fort Myers, FL",1456,1511,15,1,1400-1459,1741,1826,45,1700-1759,0,,165,195,1025,5,13,0,30,0,2,
10,21,1,DL,N901DN,1232,10397,ATL,"Atlanta, GA",11986,GRR,"Grand Rapids, MI",2154,2148,0,0,2100-2159,2348,2326,0,2300-2359,0,,114,98,640,3,,,,,,
10,30,3,OO,N116SY,5694,13198,MCI,"Kansas City, MO",14771,SFO,"San Francisco, CA",0615,0620,5,0,0600-0659,0835,0823,0,0800-0859,0,,260,243,1499,6,,,,,,
10,27,7,WN,N280WN,1556,13796,OAK,"Oakland, CA",12191,HOU,"Houston, TX",1825,2005,100,1,1800-1859,0005,0128,83,0001-0559,0,,220,203,1642,7,51,0,0,0,32,
10,16,3,WN,N233LV,857,12339,IND,"Indianapolis, IN",12889,LAS,"Las Vegas, NV",1040,1056,16,1,1000-1059,1150,1139,0,1100-1159,0,,250,223,1590,7,,,,,,
10,6,7,UA,N76254,1417,11618,EWR,"Newark, NJ",13204,MCO,"Orlando, FL",1900,2129,149,1,1900-1959,2151,2355,124,2100-2159,0,,171,146,937,4,3,0,0,0,121,
10,29,2,AA,N989NN,1612,11996,GSP,"Greer, SC",11298,DFW,"Dallas/Fort Worth, TX",1550,1546,0,0,1500-1559,1731,1728,0,1700-1759,0,,161,162,862,4,,,,,,
10,11,5,AA,N943NN,1119,13930,ORD,"Chicago, IL",13495,MSY,"New Orleans, LA",1005,1003,0,0,1000-1059,1224,1252,28,1200-1259,0,,139,169,836,4,0,0,28,0,0,
10,7,1,9E,N927XJ,5125,10397,ATL,"Atlanta, GA",15919,XNA,"Fayetteville, AR",1531,1534,3,0,1500-1559,1629,1619,0,1600-1659,0,,118,105,589,3,,,,,,
10,15,2,UA,N587UA,210,11618,EWR,"Newark, NJ",14771,SFO,"San Francisco, CA",2159,2159,0,0,2100-2159,0103,0044,0,0001-0559,0,,364,345,2565,11,,,,,,
10,10,4,WN,N294WN,2221,14908,SNA,"Santa Ana, CA",13796,OAK,"Oakland, CA",1200,1159,0,0,1200-1259,1330,1313,0,1300-1359,0,,90,74,371,2,,,,,,
10,5,6,UA,N69840,1537,12889,LAS,"Las Vegas, NV",11618,EWR,"Newark, NJ",1115,1108,0,0,1100-1159,1912,1858,0,1900-1959,0,,297,290,2227,9,,,,,,
10,10,4,9E,N936XJ,5350,12478,JFK,"New York, NY",12339,IND,"Indianapolis, IN",1820,1818,0,0,1800-1859,2051,2016,0,2000-2059,0,,151,118,665,3,,,,,,
10,5,6,9E,N915XJ,3375,13487,MSP,"Minneapolis, MN",11193,CVG,"Cincinnati, OH",0955,0944,0,0,0900-0959,1250,1222,0,1200-1259,0,,115,98,596,3,,,,,,
10,9,3,YX,N137HQ,4495,10693,BNA,"Nashville, TN",11278,DCA,"Washington, DC",1015,1012,0,0,1000-1059,1258,1250,0,1200-1259,0,,103,98,562,3,,,,,,
10,11,5,OO,N283SY,3909,12478,JFK,"New York, NY",14685,SAV,"Savannah, GA",1459,1531,32,1,1400-1459,1721,1755,34,1700-1759,0,,142,144,718,3,32,0,2,0,0,
10,9,3,WN,N265WN,2358,13487,MSP,"Minneapolis, MN",13232,MDW,"Chicago, IL",0540,0534,0,0,0001-0559,0705,0655,0,0700-0759,0,,85,81,349,2,,,,,,
10,2,3,WN,N7884G,2366,14107,PHX,"Phoenix, AZ",13851,OKC,"Oklahoma City, OK",1920,2005,45,1,1900-1959,2320,2357,37,2300-2359,0,,120,112,833,4,34,0,0,0,3,
10,10,4,WN,N8518R,999,10423,AUS,"Austin, TX",10397,ATL,"Atlanta, GA",1335,1338,3,0,1300-1359,1645,1642,0,1600-1659,0,,130,124,813,4,,,,,,
10,8,2,WN,N7750A,393,14307,PVD,"Providence, RI",10821,BWI,"Baltimore, MD",1245,1243,0,0,1200-1259,1405,1410,5,1400-1459,0,,80,87,327,2,,,,,,
10,21,1,OH,N607NN,5135,10994,CHS,"Charleston, SC",11278,DCA,"Washington, DC",1044,1039,0,0,1000-1059,1219,1159,0,1200-1259,0,,95,80,444,2,,,,,,
10,7,1,DL,N820DN,2780,10693,BNA,"Nashville, TN",10397,ATL,"Atlanta, GA",0731,0846,75,1,0700-0759,0943,1054,71,0900-0959,0,,72,68,214,1,69,0,0,0,2,
10,28,1,AA,N971AN,2521,12953,LGA,"New York, NY",11298,DFW,"Dallas/Fort Worth, TX",1105,1102,0,0,1100-1159,1402,1359,0,1400-1459,0,,237,237,1389,6,,,,,,
10,22,2,B6,N703JB,675,12478,JFK,"New York, NY",13495,MSY,"New Orleans, LA",0730,0717,0,0,0700-0759,0947,0946,0,0900-0959,0,,197,209,1182,5,,,,,,
10,11,5,AA,N945UW,2111,14100,PHL,"Philadelphia, PA",12953,LGA,"New York, NY",1050,1043,0,0,1000-1059,1157,1153,0,1100-1159,0,,67,70,96,1,,,,,,
10,2,3,DL,N387DN,2187,11433,DTW,"Detroit, MI",14679,SAN,"San Diego, CA",0859,0856,0,0,0800-0859,1056,1044,0,1000-1059,0,,297,288,1956,8,,,,,,
10,27,7,WN,N922WN,3134,10423,AUS,"Austin, TX",12191,HOU,"Houston, TX",1505,1504,0,0,1500-1559,1610,1559,0,1600-1659,0,,65,55,148,1,,,,,,
10,22,2,WN,N560WN,410,14679,SAN,"San Diego, CA",14831,SJC,"San Jose, CA",1345,1341,0,0,1300-1359,1510,1453,0,1500-1559,0,,85,72,417,2,,,,,,
10,22,2,AS,N513AS,469,12892,LAX,"Los Angeles, CA",14747,SEA,"Seattle, WA",1340,1329,0,0,1300-1359,1640,1638,0,1600-1659,0,,180,189,954,4,,,,,,
10,27,7,DL,N953AT,2420,10397,ATL,"Atlanta, GA",10868,CAE,"Columbia, SC",1605,1609,4,0,1600-1659,1702,1703,1,1700-1759,0,,57,54,192,1,,,,,,
10,28,1,OO,N951SW,5158,14237,PRC,"Prescott, AZ",11292,DEN,"Denver, CO",0700,0659,0,0,0700-0759,0959,1103,64,0900-0959,0,,119,184,557,3,0,0,64,0,0,
10,19,6,DL,N684DA,887,10397,ATL,"Atlanta, GA",14057,PDX,"Portland, OR",1953,2048,55,1,1900-1959,2212,2243,31,2200-2259,0,,319,295,2172,9,8,6,0,0,17,
10,20,7,OO,N272SY,3744,14869,SLC,"Salt Lake City, UT",13891,ONT,"Ontario, CA",0845,0841,0,0,0800-0859,0937,0915,0,0900-0959,0,,112,94,558,3,,,,,,
10,13,7,WN,N283WN,4942,14831,SJC,"San Jose, CA",11292,DEN,"Denver, CO",1635,1628,0,0,1600-1659,2005,1942,0,2000-2059,0,,150,134,948,4,,,,,,
10,1,2,F9,N308FR,2066,12889,LAS,"Las Vegas, NV",14492,RDU,"Raleigh/Durham, NC",2313,2304,0,0,2300-2359,0645,0627,0,0600-0659,0,,272,263,2026,9,,,,,,
10,17,4,AA,N835AW,2301,11298,DFW,"Dallas/Fort Worth, TX",13851,OKC,"Oklahoma City, OK",0850,0844,0,0,0800-0859,0950,0945,0,0900-0959,0,,60,61,175,1,,,,,,
10,27,7,DL,N538US,1305,12892,LAX,"Los Angeles, CA",13204,MCO,"Orlando, FL",2220,2219,0,0,2200-2259,0603,0542,0,0600-0659,0,,283,263,2218,9,,,,,,
10,20,7,DL,N717JL,776,10397,ATL,"Atlanta, GA",12448,JAN,"Jackson/Vicksburg, MS",1002,0957,0,0,1000-1059,1020,1008,0,1000-1059,0,,78,71,341,2,,,,,,
10,6,7,UA,N36444,2300,12266,IAH,"Houston, TX",11292,DEN,"Denver, CO",1440,1432,0,0,1400-1459,1611,1558,0,1600-1659,0,,151,146,862,4,,,,,,
10,17,4,WN,N743SW,187,13871,OMA,"Omaha, NE",13232,MDW,"Chicago, IL",1325,1322,0,0,1300-1359,1450,1443,0,1400-1459,0,,85,81,423,2,,,,,,
10,23,3,YX,N205JQ,6017,10721,BOS,"Boston, MA",12339,IND,"Indianapolis, IN",1111,1107,0,0,1100-1159,1401,1348,0,1400-1459,0,,170,161,818,4,,,,,,
10,24,4,YV,N88332,6100,12266,IAH,"Houston, TX",12451,JAX,"Jacksonville, FL",1200,1208,8,0,1200-1259,1524,1514,0,1500-1559,0,,144,126,817,4,,,,,,
10,31,4,AA,N157UW,598,11057,CLT,"Charlotte, NC",12953,LGA,"New York, NY",0956,0950,0,0,0900-0959,1202,1217,15,1200-1259,0,,126,147,544,3,0,0,15,0,0,
10,11,5,OO,N276SY,3825,13871,OMA,"Omaha, NE",12953,LGA,"New York, NY",1735,1846,71,1,1700-1759,2130,2236,66,2100-2159,0,,175,170,1148,5,0,66,0,0,0,
10,7,1,AA,N108NN,292,12892,LAX,"Los Angeles, CA",12478,JFK,"New York, NY",0030,0028,0,0,0001-0559,0855,0908,13,0800-0859,0,,325,340,2475,10,,,,,,
10,24,4,EV,N16559,4365,11042,CLE,"Cleveland, OH",12953,LGA,"New York, NY",1045,1037,0,0,1000-1059,1229,1203,0,1200-1259,0,,104,86,419,2,,,,,,
10,24,4,WN,N477WN,2342,13891,ONT,"Ontario, CA",14771,SFO,"San Francisco, CA",1040,1038,0,0,1000-1059,1205,1146,0,1200-1259,0,,85,68,363,2,,,,,,
10,11,5,DL,N377DA,2702,14869,SLC,"Salt Lake City, UT",14747,SEA,"Seattle, WA",2215,2212,0,0,2200-2259,2325,2304,0,2300-2359,0,,130,112,689,3,,,,,,
10,30,3,UA,N68807,2219,13204,MCO,"Orlando, FL",11618,EWR,"Newark, NJ",1230,1252,22,1,1200-1259,1504,1527,23,1500-1559,0,,154,155,937,4,0,0,23,0,0,
10,13,7,B6,N608JB,1076,13204,MCO,"Orlando, FL",14307,PVD,"Providence, RI",1607,1609,2,0,1600-1659,1849,1845,0,1800-1859,0,,162,156,1072,5,,,,,,
10,27,7,WN,N200WN,3667,13495,MSY,"New Orleans, LA",11278,DCA,"Washington, DC",1510,1517,7,0,1500-1559,1830,1831,1,1800-1859,0,,140,134,969,4,,,,,,
10,27,7,AA,N8001N,1396,13303,MIA,"Miami, FL",10423,AUS,"Austin, TX",2040,2037,0,0,2000-2059,2238,2231,0,2200-2259,0,,178,174,1103,5,,,,,,
10,1,2,YX,N437YX,4650,12953,LGA,"New York, NY",10693,BNA,"Nashville, TN",0659,0655,0,0,0600-0659,0827,0816,0,0800-0859,0,,148,141,764,4,,,,,,
10,12,6,UA,N476UA,461,11292,DEN,"Denver, CO",12264,IAD,"Washington, DC",1325,1320,0,0,1300-1359,1843,1810,0,1800-1859,0,,198,170,1452,6,,,,,,
10,10,4,AA,N8027D,2435,14685,SAV,"Savannah, GA",11298,DFW,"Dallas/Fort Worth, TX",0800,0756,0,0,0800-0859,0945,0940,0,0900-0959,0,,165,164,925,4,,,,,,
10,6,7,AA,N907NN,2683,11298,DFW,"Dallas/Fort Worth, TX",14771,SFO,"San Francisco, CA",1455,1452,0,0,1400-1459,1639,1624,0,1600-1659,0,,224,212,1464,6,,,,,,
10,8,2,AA,N90024,2686,11995,GSO,"Greensboro/High Point, NC",11298,DFW,"Dallas/Fort Worth, TX",0731,0726,0,0,0700-0759,0937,0930,0,0900-0959,0,,186,184,999,4,,,,,,
10,15,2,DL,N3733Z,2414,12889,LAS,"Las Vegas, NV",14747,SEA,"Seattle, WA",1130,1125,0,0,1100-1159,1416,1348,0,1400-1459,0,,166,143,867,4,,,,,,
10,11,5,UA,N78511,1637,11697,FLL,"Fort Lauderdale, FL",11618,EWR,"Newark, NJ",0815,0806,0,0,0800-0859,1110,1048,0,1100-1159,0,,175,162,1065,5,,,,,,
10,9,3,NK,N509NK,1512,11697,FLL,"Fort Lauderdale, FL",10821,BWI,"Baltimore, MD",0930,0920,0,0,0900-0959,1207,1145,0,1200-1259,0,,157,145,925,4,,,,,,
10,30,3,AA,N524UW,882,11057,CLT,"Charlotte, NC",11298,DFW,"Dallas/Fort Worth, TX",1135,1128,0,0,1100-1159,1328,1328,0,1300-1359,0,,173,180,936,4,,,,,,
10,22,2,WN,N8311Q,4653,14107,PHX,"Phoenix, AZ",14570,RNO,"Reno, NV",0835,0833,0,0,0800-0859,1030,1017,0,1000-1059,0,,115,104,601,3,,,,,,
10,18,5,OO,N740EV,3168,13930,ORD,"Chicago, IL",11267,DAY,"Dayton, OH",1836,1907,31,1,1800-1859,2100,2129,29,2100-2159,0,,84,82,240,1,0,0,0,0,29,
10,16,3,WN,N456WN,2122,13232,MDW,"Chicago, IL",15016,STL,"St. Louis, MO",1150,1223,33,1,1100-1159,1300,1318,18,1300-1359,0,,70,55,251,2,0,0,0,0,18,
10,27,7,YX,N428YX,4428,12451,JAX,"Jacksonville, FL",13303,MIA,"Miami, FL",0602,0556,0,0,0600-0659,0715,0726,11,0700-0759,0,,73,90,335,2,,,,,,
10,19,6,DL,N915AT,1277,15624,VPS,"Valparaiso, FL",10397,ATL,"Atlanta, GA",1645,2110,265,1,1600-1659,1900,2315,255,1900-1959,0,,75,65,250,2,0,255,0,0,0,
10,26,6,F9,N943FR,606,11292,DEN,"Denver, CO",12339,IND,"Indianapolis, IN",0637,0626,0,0,0600-0659,1106,1053,0,1100-1159,0,,149,147,977,4,,,,,,
10,6,7,DL,N581NW,2049,14771,SFO,"San Francisco, CA",10397,ATL,"Atlanta, GA",1138,1136,0,0,1100-1159,1915,1911,0,1900-1959,0,,277,275,2139,9,,,,,,
10,1,2,WN,N958WN,356,13232,MDW,"Chicago, IL",12191,HOU,"Houston, TX",0530,0543,13,0,0001-0559,0805,0800,0,0800-0859,0,,155,137,937,4,,,,,,
10,22,2,9E,N834AY,5092,10785,BTV,"Burlington, VT",12478,JFK,"New York, NY",1830,1927,57,1,1800-1859,2009,2057,48,2000-2059,0,,99,90,266,2,0,0,48,0,0,
10,21,1,OO,N120SY,5648,14771,SFO,"San Francisco, CA",10140,ABQ,"Albuquerque, NM",1950,1951,1,0,1900-1959,2321,2300,0,2300-2359,0,,151,129,896,4,,,,,,
10,27,7,B6,N216JB,33,10785,BTV,"Burlington, VT",12478,JFK,"New York, NY",1432,1634,122,1,1400-1459,1553,1753,120,1500-1559,0,,81,79,266,2,0,0,120,0,0,
10,14,1,G4,245NV,588,10466,AZA,"Phoenix, AZ",14314,PVU,"Provo, UT",1059,1105,6,0,1000-1059,1329,1330,1,1300-1359,0,,90,85,477,2,,,,,,
10,13,7,OO,N792SK,5202,10397,ATL,"Atlanta, GA",13930,ORD,"Chicago, IL",1330,1320,0,0,1300-1359,1441,1422,0,1400-1459,0,,131,122,606,3,,,,,,
10,24,4,WN,N218WN,149,14893,SMF,"Sacramento, CA",14679,SAN,"San Diego, CA",1230,1229,0,0,1200-1259,1355,1348,0,1300-1359,0,,85,79,480,2,,,,,,
10,13,7,WN,N416WN,4457,10397,ATL,"Atlanta, GA",13495,MSY,"New Orleans, LA",1045,1108,23,1,1000-1059,1120,1146,26,1100-1159,0,,95,98,425,2,22,0,3,0,1,
10,19,6,WN,N259WN,5651,13204,MCO,"Orlando, FL",13342,MKE,"Milwaukee, WI",1020,1027,7,0,1000-1059,1205,1215,10,1200-1259,0,,165,168,1066,5,,,,,,
10,26,6,WN,N7866A,4002,10821,BWI,"Baltimore, MD",14307,PVD,"Providence, RI",1555,1600,5,0,1500-1559,1715,1702,0,1700-1759,0,,80,62,327,2,,,,,,
10,4,5,WN,N233LV,2054,13796,OAK,"Oakland, CA",11066,CMH,"Columbus, OH",1110,1110,0,0,1100-1159,1835,1815,0,1800-1859,0,,265,245,2110,9,,,,,,
10,13,7,UA,N26210,602,11618,EWR,"Newark, NJ",14869,SLC,"Salt Lake City, UT",0735,0730,0,0,0700-0759,1037,1028,0,1000-1059,0,,302,298,1969,8,,,,,,
10,8,2,WN,N7817J,1138,13232,MDW,"Chicago, IL",11618,EWR,"Newark, NJ",1820,2021,121,1,1800-1859,2125,2311,106,2100-2159,0,,125,110,711,3,15,0,0,0,91,
10,25,5,MQ,N908AE,3347,13930,ORD,"Chicago, IL",13367,MLI,"Moline, IL",2025,2023,0,0,2000-2059,2122,2117,0,2100-2159,0,,57,54,139,1,,,,,,
10,5,6,OH,N237PS,5654,11278,DCA,"Washington, DC",11995,GSO,"Greensboro/High Point, NC",2005,1952,0,0,2000-2059,2119,2059,0,2100-2159,0,,74,67,248,1,,,,,,
10,3,4,OO,N186SY,3417,14771,SFO,"San Francisco, CA",14057,PDX,"Portland, OR",0840,0835,0,0,0800-0859,1020,1016,0,1000-1059,0,,100,101,550,3,,,,,,
10,7,1,OH,N517AE,5394,14100,PHL,"Philadelphia, PA",11996,GSP,"Greer, SC",1805,1825,20,1,1800-1859,1953,2008,15,1900-1959,0,,108,103,515,3,0,0,0,0,15,
10,18,5,AA,N762US,2560,13244,MEM,"Memphis, TN",11278,DCA,"Washington, DC",0601,0558,0,0,0600-0659,0914,0854,0,0900-0959,0,,133,116,762,4,,,,,,
10,12,6,OH,N605NN,5228,15919,XNA,"Fayetteville, AR",11057,CLT,"Charlotte, NC",1344,1336,0,0,1300-1359,1702,1635,0,1700-1759,0,,138,119,754,4,,,,,,
10,20,7,WN,N8313F,4986,12191,HOU,"Houston, TX",12889,LAS,"Las Vegas, NV",1650,1849,119,1,1600-1659,1805,2006,121,1800-1859,0,,195,197,1235,5,13,0,2,0,106,
10,28,1,DL,N853DN,2668,10397,ATL,"Atlanta, GA",13198,MCI,"Kansas City, MO",1354,1403,9,0,1300-1359,1502,1508,6,1500-1559,0,,128,125,692,3,,,,,,
10,26,6,AS,N284VA,1155,14908,SNA,"Santa Ana, CA",14057,PDX,"Portland, OR",1820,1811,0,0,1800-1859,2045,2037,0,2000-2059,0,,145,146,859,4,,,,,,
10,13,7,AA,N879NN,834,13930,ORD,"Chicago, IL",10721,BOS,"Boston, MA",1306,1300,0,0,1300-1359,1627,1614,0,1600-1659,0,,141,134,867,4,,,,,,
10,19,6,AA,N774XF,372,14107,PHX,"Phoenix, AZ",13487,MSP,"Minneapolis, MN",0847,0840,0,0,0800-0859,1351,1327,0,1300-1359,0,,184,167,1276,6,,,,,,
10,21,1,WN,N7712G,2447,14492,RDU,"Raleigh/Durham, NC",11292,DEN,"Denver, CO",0545,0541,0,0,0001-0559,0730,0733,3,0700-0759,0,,225,232,1436,6,,,,,,
10,15,2,MQ,N812AE,4151,11973,GPT,"Gulfport/Biloxi, MS",11298,DFW,"Dallas/Fort Worth, TX",1923,1925,2,0,1900-1959,2109,2124,15,2100-2159,0,,106,119,500,3,0,0,13,0,2,
10,1,2,AS,N464AS,523,15304,TPA,"Tampa, FL",14747,SEA,"Seattle, WA",1805,1802,0,0,1800-1859,2130,2050,0,2100-2159,0,,385,348,2520,11,,,,,,
10,13,7,WN,N424WN,5546,13204,MCO,"Orlando, FL",12191,HOU,"Houston, TX",2255,2254,0,0,2200-2259,0020,0012,0,0001-0559,0,,145,138,849,4,,,,,,
10,20,7,DL,N322DN,2524,10397,ATL,"Atlanta, GA",12953,LGA,"New York, NY",1130,1129,0,0,1100-1159,1336,1330,0,1300-1359,0,,126,121,762,4,,,,,,
10,28,1,YV,N82338,6068,14570,RNO,"Reno, NV",12266,IAH,"Houston, TX",2359,2355,0,0,2300-2359,0536,0513,0,0001-0559,0,,217,198,1530,7,,,,,,
10,3,4,DL,N326DN,1848,11433,DTW,"Detroit, MI",12953,LGA,"New York, NY",0700,0654,0,0,0700-0759,0900,0828,0,0900-0959,0,,120,94,502,3,,,,,,
10,31,4,DL,N3735D,1865,12892,LAX,"Los Angeles, CA",14747,SEA,"Seattle, WA",1305,1258,0,0,1300-1359,1559,1530,0,1500-1559,0,,174,152,954,4,,,,,,
10,9,3,UA,N24736,2164,14908,SNA,"Santa Ana, CA",12266,IAH,"Houston, TX",1530,1516,0,0,1500-1559,2042,2016,0,2000-2059,0,,192,180,1346,6,,,,,,
10,10,4,G4,241NV,1959,12917,LCK,"Columbus, OH",15624,VPS,"Valparaiso, FL",1109,1224,75,1,1100-1159,1205,1309,64,1200-1259,0,,116,105,675,3,0,64,0,0,0,
10,16,3,9E,N330PQ,3378,12953,LGA,"New York, NY",11066,CMH,"Columbus, OH",0841,0838,0,0,0800-0859,1047,1048,1,1000-1059,0,,126,130,479,2,,,,,,
10,22,2,WN,N269WN,1065,11193,CVG,"Cincinnati, OH",13232,MDW,"Chicago, IL",1815,1810,0,0,1800-1859,1820,1807,0,1800-1859,0,,65,57,249,1,,,,,,
10,10,4,WN,N252WN,2377,11697,FLL,"Fort Lauderdale, FL",13204,MCO,"Orlando, FL",0645,0639,0,0,0600-0659,0750,0726,0,0700-0759,0,,65,47,177,1,,,,,,
10,1,2,YX,N880RW,5979,10721,BOS,"Boston, MA",11278,DCA,"Washington, DC",0635,0625,0,0,0600-0659,0825,0806,0,0800-0859,0,,110,101,399,2,,,,,,
10,10,4,YX,N125HQ,4429,13198,MCI,"Kansas City, MO",11278,DCA,"Washington, DC",0600,0555,0,0,0600-0659,0929,0927,0,0900-0959,0,,149,152,949,4,,,,,,
10,11,5,HA,N480HA,320,12982,LIH,"Lihue, HI",12758,KOA,"Kona, HI",1530,1802,152,1,1500-1559,1624,1927,183,1600-1659,0,,54,85,263,2,35,0,0,0,148,
10,28,1,AS,N597AS,4,14747,SEA,"Seattle, WA",11278,DCA,"Washington, DC",0800,0753,0,0,0800-0859,1610,1612,2,1600-1659,0,,310,319,2329,10,,,,,,
10,28,1,OH,N220PS,5419,14098,PHF,"Newport News/Williamsburg, VA",14100,PHL,"Philadelphia, PA",0600,0552,0,0,0600-0659,0709,0656,0,0700-0759,0,,69,64,201,1,,,,,,
10,4,5,F9,N233FR,1638,13495,MSY,"New Orleans, LA",14492,RDU,"Raleigh/Durham, NC",2019,2006,0,0,2000-2059,2338,2306,0,2300-2359,0,,139,120,779,4,,,,,,
10,3,4,OO,N189SY,3354,14831,SJC,"San Jose, CA",11259,DAL,"Dallas, TX",1120,1119,0,0,1100-1159,1655,1659,4,1600-1659,0,,215,220,1450,6,,,,,,
10,6,7,UA,N39415,2000,14107,PHX,"Phoenix, AZ",13930,ORD,"Chicago, IL",1502,1504,2,0,1500-1559,2025,2017,0,2000-2059,0,,203,193,1440,6,,,,,,
10,14,1,OO,N187SY,3390,12892,LAX,"Los Angeles, CA",15023,STS,"Santa Rosa, CA",1530,1553,23,1,1500-1559,1710,1715,5,1700-1759,0,,100,82,400,2,,,,,,
10,1,2,AA,N355PU,1381,11298,DFW,"Dallas/Fort Worth, TX",15016,STL,"St. Louis, MO",1024,1032,8,0,1000-1059,1208,1212,4,1200-1259,0,,104,100,550,3,,,,,,
10,30,3,WN,N930WN,1729,10397,ATL,"Atlanta, GA",13204,MCO,"Orlando, FL",0900,0909,9,0,0900-0959,1035,1039,4,1000-1059,0,,95,90,404,2,,,,,,
10,14,1,YX,N110HQ,4538,14730,SDF,"Louisville, KY",11278,DCA,"Washington, DC",1721,1713,0,0,1700-1759,1900,1848,0,1900-1959,0,,99,95,474,2,,,,,,
10,18,5,DL,N997DL,2506,10397,ATL,"Atlanta, GA",11481,ECP,"Panama City, FL",1354,1345,0,0,1300-1359,1400,1339,0,1400-1459,0,,66,54,240,1,,,,,,
10,8,2,DL,N353DN,1466,14107,PHX,"Phoenix, AZ",11433,DTW,"Detroit, MI",1253,1249,0,0,1200-1259,1934,1929,0,1900-1959,0,,221,220,1671,7,,,,,,
10,26,6,AA,N876NN,2252,11540,ELP,"El Paso, TX",11298,DFW,"Dallas/Fort Worth, TX",1045,1036,0,0,1000-1059,1331,1325,0,1300-1359,0,,106,109,551,3,,,,,,
10,11,5,DL,N937AT,876,10529,BDL,"Hartford, CT",11433,DTW,"Detroit, MI",1310,1302,0,0,1300-1359,1509,1449,0,1500-1559,0,,119,107,549,3,,,,,,
10,28,1,9E,N305PQ,3304,14492,RDU,"Raleigh/Durham, NC",12953,LGA,"New York, NY",1035,1031,0,0,1000-1059,1220,1204,0,1200-1259,0,,105,93,431,2,,,,,,
10,8,2,MQ,N618AE,3539,13930,ORD,"Chicago, IL",11823,FWA,"Fort Wayne, IN",0835,0825,0,0,0800-0859,1036,1026,0,1000-1059,0,,61,61,157,1,,,,,,
10,17,4,YX,N411YX,4666,13303,MIA,"Miami, FL",11042,CLE,"Cleveland, OH",1027,1019,0,0,1000-1059,1316,1312,0,1300-1359,0,,169,173,1080,5,,,,,,
10,4,5,B6,N307JB,589,11278,DCA,"Washington, DC",12451,JAX,"Jacksonville, FL",0700,0647,0,0,0700-0759,0902,0836,0,0900-0959,0,,122,109,634,3,,,,,,
10,25,5,OO,N962SW,5054,14006,PAH,"Paducah, KY",10967,CGI,"Cape Girardeau, MO",1055,1104,9,0,1000-1059,1144,1133,0,1100-1159,0,,49,29,45,1,,,,,,
10,15,2,DL,N187DN,2686,12892,LAX,"Los Angeles, CA",12478,JFK,"New York, NY",1600,1557,0,0,1600-1659,0021,2400,0,0001-0559,0,,321,303,2475,10,,,,,,
10,16,3,WN,N570WN,2127,13342,MKE,"Milwaukee, WI",10821,BWI,"Baltimore, MD",1205,1205,0,0,1200-1259,1455,1449,0,1400-1459,0,,110,104,641,3,,,,,,
10,11,5,UA,N79521,1532,10423,AUS,"Austin, TX",12266,IAH,"Houston, TX",0948,0947,0,0,0900-0959,1052,1054,2,1000-1059,0,,64,67,140,1,,,,,,
10,20,7,WN,N762SW,5243,13796,OAK,"Oakland, CA",14908,SNA,"Santa Ana, CA",1755,1756,1,0,1700-1759,1925,1907,0,1900-1959,0,,90,71,371,2,,,,,,
10,24,4,WN,N281WN,1471,10821,BWI,"Baltimore, MD",13296,MHT,"Manchester, NH",0645,0640,0,0,0600-0659,0805,0750,0,0800-0859,0,,80,70,377,2,,,,,,
10,8,2,DL,N822DN,2218,10397,ATL,"Atlanta, GA",10693,BNA,"Nashville, TN",2046,2048,2,0,2000-2059,2053,2045,0,2000-2059,0,,67,57,214,1,,,,,,
10,9,3,UA,N21723,1561,12266,IAH,"Houston, TX",15370,TUL,"Tulsa, OK",2150,2140,0,0,2100-2159,2319,2300,0,2300-2359,0,,89,80,429,2,,,,,,
10,30,3,AA,N128AN,1275,11278,DCA,"Washington, DC",12892,LAX,"Los Angeles, CA",0720,0716,0,0,0700-0759,1014,1006,0,1000-1059,0,,354,350,2311,10,,,,,,
10,27,7,OH,N567NN,5023,11057,CLT,"Charlotte, NC",10397,ATL,"Atlanta, GA",0835,0926,51,1,0800-0859,0956,1044,48,0900-0959,0,,81,78,226,1,48,0,0,0,0,
10,10,4,UA,N1902U,2111,14683,SAT,"San Antonio, TX",12266,IAH,"Houston, TX",1833,1827,0,0,1800-1859,1938,1928,0,1900-1959,0,,65,61,191,1,,,,,,
10,21,1,YX,N202JQ,5891,10721,BOS,"Boston, MA",12478,JFK,"New York, NY",1014,1013,0,0,1000-1059,1129,1126,0,1100-1159,0,,75,73,187,1,,,,,,
10,17,4,AA,N711UW,1846,13244,MEM,"Memphis, TN",11057,CLT,"Charlotte, NC",0729,0720,0,0,0700-0759,1023,1002,0,1000-1059,0,,114,102,511,3,,,,,,
10,20,7,AS,N609AS,61,14747,SEA,"Seattle, WA",12523,JNU,"Juneau, AK",0740,0739,0,0,0700-0759,0930,1009,39,0900-0959,0,,170,210,909,4,0,0,39,0,0,
10,12,6,NK,N632NK,435,11433,DTW,"Detroit, MI",12451,JAX,"Jacksonville, FL",1131,1240,69,1,1100-1159,1345,1503,78,1300-1359,0,,134,143,813,4,69,0,9,0,0,
10,7,1,B6,N979JT,278,14771,SFO,"San Francisco, CA",11697,FLL,"Fort Lauderdale, FL",2314,2308,0,0,2300-2359,0744,0725,0,0700-0759,0,,330,317,2584,11,,,,,,
10,23,3,AA,N995AN,1744,14107,PHX,"Phoenix, AZ",11298,DFW,"Dallas/Fort Worth, TX",1655,1740,45,1,1600-1659,2118,2148,30,2100-2159,0,,143,128,868,4,0,0,0,0,30,
10,12,6,OO,N837SK,3963,13931,ORF,"Norfolk, VA",11433,DTW,"Detroit, MI",1734,1729,0,0,1700-1759,1936,1912,0,1900-1959,0,,122,103,529,3,,,,,,
10,26,6,OH,N504AE,5580,11057,CLT,"Charlotte, NC",11953,GNV,"Gainesville, FL",2221,2221,0,0,2200-2259,2348,2339,0,2300-2359,0,,87,78,388,2,,,,,,
10,17,4,WN,N917WN,2265,14679,SAN,"San Diego, CA",12889,LAS,"Las Vegas, NV",2155,2154,0,0,2100-2159,2305,2312,7,2300-2359,0,,70,78,258,2,,,,,,
10,17,4,DL,N874DN,2264,10397,ATL,"Atlanta, GA",10140,ABQ,"Albuquerque, NM",1425,1420,0,0,1400-1459,1544,1520,0,1500-1559,0,,199,180,1269,6,,,,,,
10,8,2,YX,N405YX,4394,12953,LGA,"New York, NY",14492,RDU,"Raleigh/Durham, NC",1510,1508,0,0,1500-1559,1656,1715,19,1600-1659,0,,106,127,431,2,0,0,19,0,0,
10,12,6,WN,N237WN,3918,10821,BWI,"Baltimore, MD",14492,RDU,"Raleigh/Durham, NC",1555,1557,2,0,1500-1559,1705,1657,0,1700-1759,0,,70,60,255,2,,,,,,
10,23,3,HA,N494HA,531,12402,ITO,"Hilo, HI",12173,HNL,"Honolulu, HI",1955,1946,0,0,1900-1959,2047,2034,0,2000-2059,0,,52,48,216,1,,,,,,
10,20,7,AS,N318AS,334,14747,SEA,"Seattle, WA",14831,SJC,"San Jose, CA",1605,1636,31,1,1600-1659,1815,1828,13,1800-1859,0,,130,112,696,3,,,,,,
10,5,6,DL,N309US,1936,13487,MSP,"Minneapolis, MN",13303,MIA,"Miami, FL",0855,0901,6,0,0800-0859,1326,1327,1,1300-1359,0,,211,206,1501,7,,,,,,
10,21,1,UA,N838UA,2232,13230,MDT,"Harrisburg, PA",13930,ORD,"Chicago, IL",1745,1802,17,1,1700-1759,1849,1850,1,1800-1859,0,,124,108,594,3,,,,,,
10,27,7,OH,N573NN,5054,11057,CLT,"Charlotte, NC",13342,MKE,"Milwaukee, WI",1205,1156,0,0,1200-1259,1314,1304,0,1300-1359,0,,129,128,651,3,,,,,,
10,4,5,AA,N922US,636,12892,LAX,"Los Angeles, CA",14107,PHX,"Phoenix, AZ",1947,1948,1,0,1900-1959,2112,2118,6,2100-2159,0,,85,90,370,2,,,,,,
10,24,4,OO,N953SW,4228,14869,SLC,"Salt Lake City, UT",10918,CDC,"Cedar City, UT",0805,0758,0,0,0800-0859,0907,0846,0,0900-0959,0,,62,48,221,1,,,,,,
10,10,4,AS,N320AS,447,12892,LAX,"Los Angeles, CA",14747,SEA,"Seattle, WA",1440,1430,0,0,1400-1459,1740,1706,0,1700-1759,0,,180,156,954,4,,,,,,
10,2,3,WN,N7852A,1717,13198,MCI,"Kansas City, MO",14683,SAT,"San Antonio, TX",2035,2034,0,0,2000-2059,2230,2225,0,2200-2259,0,,115,111,706,3,,,,,,
10,10,4,WN,N499WN,2323,14683,SAT,"San Antonio, TX",11259,DAL,"Dallas, TX",1700,1709,9,0,1700-1759,1805,1810,5,1800-1859,0,,65,61,247,1,,,,,,
10,23,3,UA,N68817,257,14771,SFO,"San Francisco, CA",12892,LAX,"Los Angeles, CA",2245,2239,0,0,2200-2259,0019,0002,0,0001-0559,0,,94,83,337,2,,,,,,
10,18,5,AA,N954UW,2173,10721,BOS,"Boston, MA",11278,DCA,"Washington, DC",0800,0757,0,0,0800-0859,0946,0942,0,0900-0959,0,,106,105,399,2,,,,,,
10,2,3,YX,N422YX,4421,11042,CLE,"Cleveland, OH",13303,MIA,"Miami, FL",0535,0528,0,0,0001-0559,0836,0809,0,0800-0859,0,,181,161,1080,5,,,,,,
10,24,4,DL,N373DX,2922,13487,MSP,"Minneapolis, MN",14635,RSW,"Fort Myers, FL",1047,1044,0,0,1000-1059,1505,1457,0,1500-1559,0,,198,193,1416,6,,,,,,
10,2,3,WN,N404WN,2240,13198,MCI,"Kansas City, MO",12892,LAX,"Los Angeles, CA",1845,1842,0,0,1800-1859,2020,2036,16,2000-2059,0,,215,234,1363,6,0,0,16,0,0,
10,3,4,AA,N544UW,2670,10821,BWI,"Baltimore, MD",11057,CLT,"Charlotte, NC",0708,0702,0,0,0700-0759,0846,0836,0,0800-0859,0,,98,94,361,2,,,,,,
10,2,3,WN,N709SW,1159,12191,HOU,"Houston, TX",11292,DEN,"Denver, CO",1815,1814,0,0,1800-1859,1940,1920,0,1900-1959,0,,145,126,883,4,,,,,,
10,28,1,WN,N7840A,276,11292,DEN,"Denver, CO",13796,OAK,"Oakland, CA",0600,0558,0,0,0600-0659,0735,0828,53,0700-0759,0,,155,210,957,4,0,0,53,0,0,
10,24,4,EV,N16559,4225,11042,CLE,"Cleveland, OH",12953,LGA,"New York, NY",0616,0607,0,0,0600-0659,0800,0741,0,0800-0859,0,,104,94,419,2,,,,,,
10,25,5,WN,N413WN,2525,14679,SAN,"San Diego, CA",12191,HOU,"Houston, TX",1220,1230,10,0,1200-1259,1720,1729,9,1700-1759,0,,180,179,1313,6,,,,,,
10,6,7,UA,N418UA,238,11278,DCA,"Washington, DC",13930,ORD,"Chicago, IL",1750,1747,0,0,1700-1759,1909,1836,0,1900-1959,0,,139,109,612,3,,,,,,
10,15,2,WN,N774SW,1681,15304,TPA,"Tampa, FL",10599,BHM,"Birmingham, AL",0810,0805,0,0,0800-0859,0830,0823,0,0800-0859,0,,80,78,459,2,,,,,,
10,5,6,OO,N784SK,5457,14771,SFO,"San Francisco, CA",14908,SNA,"Santa Ana, CA",1605,1557,0,0,1600-1659,1747,1720,0,1700-1759,0,,102,83,372,2,,,,,,
10,24,4,OH,N581NN,5492,11057,CLT,"Charlotte, NC",11042,CLE,"Cleveland, OH",1459,1448,0,0,1400-1459,1642,1613,0,1600-1659,0,,103,85,430,2,,,,,,
10,23,3,WN,N724SW,818,11697,FLL,"Fort Lauderdale, FL",10693,BNA,"Nashville, TN",1550,1607,17,1,1500-1559,1710,1713,3,1700-1759,0,,140,126,793,4,,,,,,
10,27,7,YX,N733YX,3607,12266,IAH,"Houston, TX",13198,MCI,"Kansas City, MO",2145,2140,0,0,2100-2159,2346,2317,0,2300-2359,0,,121,97,643,3,,,,,,
10,13,7,WN,N7883A,3874,13204,MCO,"Orlando, FL",12191,HOU,"Houston, TX",1520,1519,0,0,1500-1559,1645,1636,0,1600-1659,0,,145,137,849,4,,,,,,
10,26,6,YX,N746YX,3491,11292,DEN,"Denver, CO",11921,GJT,"Grand Junction, CO",1854,1849,0,0,1800-1859,2000,1957,0,2000-2059,0,,66,68,212,1,,,,,,
10,17,4,DL,N309DE,916,10397,ATL,"Atlanta, GA",13232,MDW,"Chicago, IL",1959,1957,0,0,1900-1959,2053,2047,0,2000-2059,0,,114,110,591,3,,,,,,
10,4,5,DL,N376NW,2616,13204,MCO,"Orlando, FL",14492,RDU,"Raleigh/Durham, NC",1645,1641,0,0,1600-1659,1829,1810,0,1800-1859,0,,104,89,534,3,,,,,,
10,3,4,DL,N989DN,1108,13342,MKE,"Milwaukee, WI",11433,DTW,"Detroit, MI",0914,0905,0,0,0900-0959,1130,1111,0,1100-1159,0,,76,66,237,1,,,,,,
10,9,3,DL,N388DN,2007,14771,SFO,"San Francisco, CA",12892,LAX,"Los Angeles, CA",0600,1333,453,1,0600-0659,0726,1457,451,0700-0759,0,,86,84,337,2,451,0,0,0,0,
10,13,7,WN,N7719A,2583,12191,HOU,"Houston, TX",10693,BNA,"Nashville, TN",1835,1834,0,0,1800-1859,2025,2009,0,2000-2059,0,,110,95,670,3,,,,,,
10,18,5,AA,N983NN,711,12889,LAS,"Las Vegas, NV",14107,PHX,"Phoenix, AZ",0955,0950,0,0,0900-0959,1108,1100,0,1100-1159,0,,73,70,255,2,,,,,,
10,7,1,DL,N301NB,434,14869,SLC,"Salt Lake City, UT",10423,AUS,"Austin, TX",1453,1447,0,0,1400-1459,1834,1824,0,1800-1859,0,,161,157,1086,5,,,,,,
10,12,6,OO,N982SW,5501,12992,LIT,"Little Rock, AR",13930,ORD,"Chicago, IL",0610,0823,133,1,0600-0659,0812,1012,120,0800-0859,0,,122,109,552,3,120,0,0,0,0,
10,27,7,DL,N983AT,2115,14100,PHL,"Philadelphia, PA",13487,MSP,"Minneapolis, MN",1115,1108,0,0,1100-1159,1308,1307,0,1300-1359,0,,173,179,980,4,,,,,,
10,17,4,NK,N671NK,301,10821,BWI,"Baltimore, MD",11697,FLL,"Fort Lauderdale, FL",0700,0656,0,0,0700-0759,0934,0916,0,0900-0959,0,,154,140,925,4,,,,,,
10,1,2,F9,N723FR,754,14107,PHX,"Phoenix, AZ",11292,DEN,"Denver, CO",0951,0948,0,0,0900-0959,1247,1214,0,1200-1259,0,,116,86,602,3,,,,,,
10,31,4,NK,N606NK,329,11298,DFW,"Dallas/Fort Worth, TX",13495,MSY,"New Orleans, LA",1439,1434,0,0,1400-1459,1609,1600,0,1600-1659,0,,90,86,447,2,,,,,,
10,4,5,YX,N861RW,3403,11618,EWR,"Newark, NJ",13871,OMA,"Omaha, NE",0600,0550,0,0,0600-0659,0816,0803,0,0800-0859,0,,196,193,1134,5,,,,,,
10,24,4,WN,N7712G,1409,13495,MSY,"New Orleans, LA",15304,TPA,"Tampa, FL",2005,2022,17,1,2000-2059,2230,2247,17,2200-2259,0,,85,85,488,2,0,0,0,0,17,
10,24,4,UA,N28457,1583,12889,LAS,"Las Vegas, NV",11618,EWR,"Newark, NJ",2345,2350,5,0,2300-2359,0730,0723,0,0700-0759,0,,285,273,2227,9,,,,,,
10,9,3,9E,N582CA,3370,12945,LEX,"Lexington, KY",13487,MSP,"Minneapolis, MN",0649,0641,0,0,0600-0659,0815,0749,0,0800-0859,0,,146,128,650,3,,,,,,
10,6,7,DL,N551NW,1838,13198,MCI,"Kansas City, MO",10397,ATL,"Atlanta, GA",1711,1710,0,0,1700-1759,2009,2014,5,2000-2059,0,,118,124,692,3,,,,,,
10,18,5,NK,N620NK,161,10529,BDL,"Hartford, CT",11697,FLL,"Fort Lauderdale, FL",1754,1756,2,0,1700-1759,2102,2048,0,2100-2159,0,,188,172,1173,5,,,,,,
10,16,3,WN,N7847A,2065,13796,OAK,"Oakland, CA",12889,LAS,"Las Vegas, NV",1815,1810,0,0,1800-1859,1945,1929,0,1900-1959,0,,90,79,407,2,,,,,,
10,27,7,DL,N990AT,2464,15304,TPA,"Tampa, FL",12478,JFK,"New York, NY",0754,0755,1,0,0700-0759,1040,1031,0,1000-1059,0,,166,156,1005,5,,,,,,
10,27,7,YX,N752YX,3666,12264,IAD,"Washington, DC",10397,ATL,"Atlanta, GA",2215,2210,0,0,2200-2259,0015,0001,0,0001-0559,0,,120,111,534,3,,,,,,
10,26,6,YX,N134HQ,4648,11624,EYW,"Key West, FL",11057,CLT,"Charlotte, NC",1707,1657,0,0,1700-1759,1917,1920,3,1900-1959,0,,130,143,736,3,,,,,,
10,5,6,MQ,N615AE,3525,13930,ORD,"Chicago, IL",10685,BMI,"Bloomington/Normal, IL",0843,0839,0,0,0800-0859,0937,0941,4,0900-0959,0,,54,62,116,1,,,,,,
10,23,3,DL,N908DA,811,14307,PVD,"Providence, RI",10397,ATL,"Atlanta, GA",1818,1812,0,0,1800-1859,2104,2055,0,2100-2159,0,,166,163,903,4,,,,,,
10,31,4,G4,337NV,131,10666,BLI,"Bellingham, WA",12889,LAS,"Las Vegas, NV",1715,1709,0,0,1700-1759,1947,1929,0,1900-1959,0,,152,140,954,4,,,,,,
10,8,2,AA,N177XF,1897,14107,PHX,"Phoenix, AZ",10140,ABQ,"Albuquerque, NM",0930,0928,0,0,0900-0959,1146,1128,0,1100-1159,0,,76,60,328,2,,,,,,
10,3,4,DL,N357NB,882,14869,SLC,"Salt Lake City, UT",13342,MKE,"Milwaukee, WI",1508,1501,0,0,1500-1559,1900,1838,0,1900-1959,0,,172,157,1247,5,,,,,,
10,24,4,DL,N832DN,1578,10397,ATL,"Atlanta, GA",11042,CLE,"Cleveland, OH",1839,1830,0,0,1800-1859,2020,1957,0,2000-2059,0,,101,87,554,3,,,,,,
10,10,4,DL,N373DX,1662,13487,MSP,"Minneapolis, MN",14107,PHX,"Phoenix, AZ",0914,0909,0,0,0900-0959,1039,1052,13,1000-1059,0,,205,223,1276,6,,,,,,
10,7,1,YX,N207JQ,5877,14986,SRQ,"Sarasota/Bradenton, FL",12953,LGA,"New York, NY",1434,1426,0,0,1400-1459,1730,1706,0,1700-1759,0,,176,160,1047,5,,,,,,
10,21,1,DL,N386DA,1508,15304,TPA,"Tampa, FL",11193,CVG,"Cincinnati, OH",1220,1355,95,1,1200-1259,1427,1555,88,1400-1459,0,,127,120,773,4,0,0,0,0,88,
10,12,6,WN,N7729A,3807,14307,PVD,"Providence, RI",11278,DCA,"Washington, DC",1645,1642,0,0,1600-1659,1820,1802,0,1800-1859,0,,95,80,356,2,,,,,,
10,27,7,DL,N3745B,436,11697,FLL,"Fort Lauderdale, FL",11193,CVG,"Cincinnati, OH",1315,1315,0,0,1300-1359,1544,1543,0,1500-1559,0,,149,148,932,4,,,,,,
10,24,4,AS,N286VA,1402,14747,SEA,"Seattle, WA",14057,PDX,"Portland, OR",2315,2319,4,0,2300-2359,0005,0001,0,0001-0559,0,,50,42,129,1,,,,,,
10,13,7,EV,N17108,3995,12266,IAH,"Houston, TX",15624,VPS,"Valparaiso, FL",1228,1221,0,0,1200-1259,1420,1357,0,1400-1459,0,,112,96,528,3,,,,,,
10,1,2,DL,N377NW,1987,10397,ATL,"Atlanta, GA",13303,MIA,"Miami, FL",0843,0838,0,0,0800-0859,1031,1020,0,1000-1059,0,,108,102,594,3,,,,,,
10,12,6,OO,N708SK,3090,11603,EUG,"Eugene, OR",12892,LAX,"Los Angeles, CA",1640,1633,0,0,1600-1659,1857,1840,0,1800-1859,0,,137,127,748,3,,,,,,
10,8,2,WN,N417WN,41,14730,SDF,"Louisville, KY",11259,DAL,"Dallas, TX",1440,1443,3,0,1400-1459,1550,1552,2,1500-1559,0,,130,129,725,3,,,,,,
10,31,4,AA,N954NN,1630,11298,DFW,"Dallas/Fort Worth, TX",10397,ATL,"Atlanta, GA",1224,1303,39,1,1200-1259,1530,1605,35,1500-1559,0,,126,122,731,3,35,0,0,0,0,
10,9,3,9E,N133EV,5177,11057,CLT,"Charlotte, NC",12953,LGA,"New York, NY",1800,1940,100,1,1800-1859,2014,2212,118,2000-2059,0,,134,152,544,3,0,0,66,0,52,
10,28,1,9E,N924EV,3285,12953,LGA,"New York, NY",14321,PWM,"Portland, ME",1010,1019,9,0,1000-1059,1145,1148,3,1100-1159,0,,95,89,269,2,,,,,,
10,20,7,9E,N195PQ,5252,14492,RDU,"Raleigh/Durham, NC",12953,LGA,"New York, NY",1905,1952,47,1,1900-1959,2109,2236,87,2100-2159,0,,124,164,431,2,0,0,80,0,7,
10,9,3,MQ,N831AE,3394,11298,DFW,"Dallas/Fort Worth, TX",13277,MGM,"Montgomery, AL",1101,1058,0,0,1100-1159,1301,1253,0,1300-1359,0,,120,115,622,3,,,,,,
10,27,7,AA,N802AW,1897,10140,ABQ,"Albuquerque, NM",14107,PHX,"Phoenix, AZ",1232,1228,0,0,1200-1259,1255,1247,0,1200-1259,0,,83,79,328,2,,,,,,
10,10,4,MQ,N612AE,3758,12278,ICT,"Wichita, KS",13930,ORD,"Chicago, IL",1221,1325,64,1,1200-1259,1422,1511,49,1400-1459,0,,121,106,588,3,6,0,0,0,43,
10,26,6,EV,N14907,3979,11481,ECP,"Panama City, FL",12266,IAH,"Houston, TX",0645,0751,66,1,0600-0659,0845,1005,80,0800-0859,0,,120,134,572,3,0,0,80,0,0,
10,2,3,OO,N873AS,3878,11433,DTW,"Detroit, MI",11003,CID,"Cedar Rapids/Iowa City, IA",1215,1214,0,0,1200-1259,1252,1259,7,1200-1259,0,,97,105,430,2,,,,,,
10,1,2,B6,N809JB,1333,10721,BOS,"Boston, MA",14771,SFO,"San Francisco, CA",1100,1059,0,0,1100-1159,1435,1428,0,1400-1459,0,,395,389,2704,11,,,,,,
10,13,7,YX,N108HQ,4516,11278,DCA,"Washington, DC",13296,MHT,"Manchester, NH",2220,2220,0,0,2200-2259,2351,2341,0,2300-2359,0,,91,81,406,2,,,,,,
10,8,2,OO,N926EV,4162,10397,ATL,"Atlanta, GA",15323,TRI,"Bristol/Johnson City/Kingsport, TN",1635,1646,11,0,1600-1659,1742,1741,0,1700-1759,0,,67,55,227,1,,,,,,
10,22,2,OO,N699BR,5211,10140,ABQ,"Albuquerque, NM",11292,DEN,"Denver, CO",1117,1118,1,0,1100-1159,1245,1242,0,1200-1259,0,,88,84,349,2,,,,,,
10,22,2,AA,N170US,2661,14100,PHL,"Philadelphia, PA",11057,CLT,"Charlotte, NC",0835,0831,0,0,0800-0859,1038,1028,0,1000-1059,0,,123,117,449,2,,,,,,
10,17,4,9E,N8918B,3392,11433,DTW,"Detroit, MI",15412,TYS,"Knoxville, TN",2010,2015,5,0,2000-2059,2150,2151,1,2100-2159,0,,100,96,443,2,,,,,,
10,31,4,OH,N545PB,5210,10980,CHA,"Chattanooga, TN",11057,CLT,"Charlotte, NC",1622,1626,4,0,1600-1659,1747,1926,99,1700-1759,0,,85,180,241,1,4,0,95,0,0,
10,23,3,MQ,N841AE,4205,10136,ABI,"Abilene, TX",11298,DFW,"Dallas/Fort Worth, TX",1406,1404,0,0,1400-1459,1516,1454,0,1500-1559,0,,70,50,158,1,,,,,,
10,22,2,YV,N928LR,5716,10279,AMA,"Amarillo, TX",11298,DFW,"Dallas/Fort Worth, TX",1205,1158,0,0,1200-1259,1322,1310,0,1300-1359,0,,77,72,312,2,,,,,,
10,21,1,YX,N135HQ,4399,12339,IND,"Indianapolis, IN",11057,CLT,"Charlotte, NC",1155,1206,11,0,1100-1159,1335,1351,16,1300-1359,0,,100,105,427,2,0,0,5,0,11,
10,16,3,UA,N75425,626,13930,ORD,"Chicago, IL",14100,PHL,"Philadelphia, PA",1810,1838,28,1,1800-1859,2118,2159,41,2100-2159,0,,128,141,678,3,0,0,41,0,0,
10,31,4,OO,N269SY,3761,12953,LGA,"New York, NY",15096,SYR,"Syracuse, NY",1200,1159,0,0,1200-1259,1320,1258,0,1300-1359,0,,80,59,198,1,,,,,,
10,3,4,UA,N27421,1729,11884,GEG,"Spokane, WA",11292,DEN,"Denver, CO",0700,0655,0,0,0700-0759,1011,1004,0,1000-1059,0,,131,129,836,4,,,,,,
10,11,5,EV,N12201,4183,12266,IAH,"Houston, TX",12951,LFT,"Lafayette, LA",1020,1020,0,0,1000-1059,1125,1159,34,1100-1159,0,,65,99,201,1,0,0,34,0,0,
10,18,5,DL,N108DQ,2601,10721,BOS,"Boston, MA",12953,LGA,"New York, NY",0630,0622,0,0,0600-0659,0753,0731,0,0700-0759,0,,83,69,184,1,,,,,,
10,15,2,B6,N203JB,885,12478,JFK,"New York, NY",14492,RDU,"Raleigh/Durham, NC",0716,0847,91,1,0700-0759,0900,1022,82,0900-0959,0,,104,95,427,2,82,0,0,0,0,
10,30,3,WN,N945WN,420,10140,ABQ,"Albuquerque, NM",12892,LAX,"Los Angeles, CA",1805,1818,13,0,1800-1859,1910,1913,3,1900-1959,0,,125,115,677,3,,,,,,
10,17,4,AA,N346AN,2333,13303,MIA,"Miami, FL",14100,PHL,"Philadelphia, PA",1936,1927,0,0,1900-1959,2227,2215,0,2200-2259,0,,171,168,1013,5,,,,,,
10,9,3,UA,N212UA,300,14771,SFO,"San Francisco, CA",12173,HNL,"Honolulu, HI",1410,1406,0,0,1400-1459,1634,1621,0,1600-1659,0,,324,315,2398,10,,,,,,
10,6,7,YV,N953LR,5854,12896,LBB,"Lubbock, TX",11298,DFW,"Dallas/Fort Worth, TX",1623,1916,173,1,1600-1659,1742,2029,167,1700-1759,0,,79,73,282,2,0,0,167,0,0,
10,28,1,NK,N652NK,332,10397,ATL,"Atlanta, GA",10158,ACY,"Atlantic City, NJ",1514,1544,30,1,1500-1559,1707,1722,15,1700-1759,0,,113,98,679,3,0,0,0,0,15,
10,7,1,WN,N257WN,1970,10800,BUR,"Burbank, CA",14831,SJC,"San Jose, CA",0715,0717,2,0,0700-0759,0825,0821,0,0800-0859,0,,70,64,296,2,,,,,,
10,20,7,WN,N949WN,5774,15376,TUS,"Tucson, AZ",12892,LAX,"Los Angeles, CA",1125,1146,21,1,1100-1159,1305,1311,6,1300-1359,0,,100,85,451,2,,,,,,
10,18,5,9E,N136EV,5394,11996,GSP,"Greer, SC",12953,LGA,"New York, NY",1720,1828,68,1,1700-1759,1917,2028,71,1900-1959,0,,117,120,610,3,0,0,65,0,6,
10,27,7,YX,N633RW,3571,13198,MCI,"Kansas City, MO",12266,IAH,"Houston, TX",1832,1852,20,1,1800-1859,2045,2044,0,2000-2059,0,,133,112,643,3,,,,,,
10,6,7,AA,N906AN,1607,11298,DFW,"Dallas/Fort Worth, TX",11042,CLE,"Cleveland, OH",2026,2033,7,0,2000-2059,0001,0018,17,0001-0559,0,,155,165,1021,5,7,0,10,0,0,
10,31,4,WN,N437WN,2479,13296,MHT,"Manchester, NH",10821,BWI,"Baltimore, MD",1645,1720,35,1,1600-1659,1815,1844,29,1800-1859,0,,90,84,377,2,7,0,0,0,22,
10,6,7,AA,N153AN,1161,10721,BOS,"Boston, MA",12892,LAX,"Los Angeles, CA",1210,1208,0,0,1200-1259,1536,1537,1,1500-1559,0,,386,389,2611,11,,,,,,
10,4,5,UA,N595UA,1871,11618,EWR,"Newark, NJ",12892,LAX,"Los Angeles, CA",1900,1855,0,0,1900-1959,2202,2206,4,2200-2259,0,,362,371,2454,10,,,,,,
10,9,3,AA,N966NN,1140,13303,MIA,"Miami, FL",13930,ORD,"Chicago, IL",1015,1014,0,0,1000-1059,1235,1250,15,1200-1259,0,,200,216,1197,5,0,0,15,0,0,
10,20,7,DL,N986AT,699,12217,HSV,"Huntsville, AL",10397,ATL,"Atlanta, GA",1417,1405,0,0,1400-1459,1615,1607,0,1600-1659,0,,58,62,151,1,,,,,,
10,2,3,OH,N534AE,5341,11146,CRW,"Charleston/Dunbar, WV",11057,CLT,"Charlotte, NC",1207,1158,0,0,1200-1259,1324,1311,0,1300-1359,0,,77,73,221,1,,,,,,
10,11,5,AA,N931AM,1744,14107,PHX,"Phoenix, AZ",11298,DFW,"Dallas/Fort Worth, TX",1655,1810,75,1,1600-1659,2118,2230,72,2100-2159,0,,143,140,868,4,2,0,0,0,70,
10,12,6,YV,N87339,6277,12264,IAD,"Washington, DC",14492,RDU,"Raleigh/Durham, NC",1730,1728,0,0,1700-1759,1852,1838,0,1800-1859,0,,82,70,224,1,,,,,,
10,16,3,YX,N856RW,3444,11042,CLE,"Cleveland, OH",13930,ORD,"Chicago, IL",1630,1621,0,0,1600-1659,1708,1635,0,1700-1759,0,,98,74,315,2,,,,,,
10,4,5,YV,N957LR,5992,11298,DFW,"Dallas/Fort Worth, TX",14730,SDF,"Louisville, KY",1829,1831,2,0,1800-1859,2135,2133,0,2100-2159,0,,126,122,733,3,,,,,,
10,9,3,AA,N832AW,542,14893,SMF,"Sacramento, CA",14107,PHX,"Phoenix, AZ",1622,1622,0,0,1600-1659,1810,1806,0,1800-1859,0,,108,104,647,3,,,,,,
10,13,7,HA,N490HA,194,12982,LIH,"Lihue, HI",12173,HNL,"Honolulu, HI",1052,1102,10,0,1000-1059,1130,1148,18,1100-1159,0,,38,46,102,1,8,0,9,0,1,
10,22,2,YV,N518LR,6020,15096,SYR,"Syracuse, NY",12264,IAD,"Washington, DC",1441,1438,0,0,1400-1459,1600,1605,5,1600-1659,0,,79,87,296,2,,,,,,
10,21,1,WN,N8567Z,1301,13232,MDW,"Chicago, IL",14869,SLC,"Salt Lake City, UT",1940,1956,16,1,1900-1959,2205,2208,3,2200-2259,0,,205,192,1259,6,,,,,,
10,17,4,UA,N845UA,1486,10140,ABQ,"Albuquerque, NM",11292,DEN,"Denver, CO",1802,1744,0,0,1800-1859,1925,1934,9,1900-1959,0,,83,110,349,2,,,,,,
10,26,6,UA,N78524,782,13930,ORD,"Chicago, IL",11298,DFW,"Dallas/Fort Worth, TX",1955,2003,8,0,1900-1959,2228,2240,12,2200-2259,0,,153,157,801,4,,,,,,
10,21,1,WN,N8324A,1879,14831,SJC,"San Jose, CA",13830,OGG,"Kahului, HI",1240,1235,0,0,1200-1259,1505,1439,0,1500-1559,0,,325,304,2355,10,,,,,,
10,20,7,YV,N946LR,5724,11298,DFW,"Dallas/Fort Worth, TX",10994,CHS,"Charleston, SC",1430,1512,42,1,1400-1459,1758,1828,30,1700-1759,0,,148,136,987,4,30,0,0,0,0,
10,13,7,OO,N244SY,3984,14252,PSC,"Pasco/Kennewick/Richland, WA",13487,MSP,"Minneapolis, MN",0700,0654,0,0,0700-0759,1204,1150,0,1200-1259,0,,184,176,1254,6,,,,,,
10,7,1,AS,N635VA,1674,14747,SEA,"Seattle, WA",11292,DEN,"Denver, CO",1145,1143,0,0,1100-1159,1530,1520,0,1500-1559,0,,165,157,1024,5,,,,,,
10,14,1,AA,N971NN,797,12892,LAX,"Los Angeles, CA",10423,AUS,"Austin, TX",1140,1145,5,0,1100-1159,1640,1627,0,1600-1659,0,,180,162,1242,5,,,,,,
10,14,1,OO,N932EV,5769,14771,SFO,"San Francisco, CA",14487,RDD,"Redding, CA",2235,2230,0,0,2200-2259,2342,2335,0,2300-2359,0,,67,65,199,1,,,,,,
10,23,3,AA,N930NN,2351,11278,DCA,"Washington, DC",11298,DFW,"Dallas/Fort Worth, TX",2051,2042,0,0,2000-2059,2323,2300,0,2300-2359,0,,212,198,1192,5,,,,,,
10,9,3,WN,N468WN,858,14107,PHX,"Phoenix, AZ",14831,SJC,"San Jose, CA",0825,0824,0,0,0800-0859,1020,1022,2,1000-1059,0,,115,118,621,3,,,,,,
11,26,2,UA,N899UA,2411,11618,EWR,"Newark, NJ",14893,SMF,"Sacramento, CA",1845,1842,0,0,1800-1859,2205,2225,20,2200-2259,0,,380,403,2500,11,0,0,20,0,0,
11,6,3,AS,N618AS,164,10299,ANC,"Anchorage, AK",10165,ADK,"Adak Island, AK",1330,1325,0,0,1300-1359,1541,1523,0,1500-1559,0,,191,178,1192,5,,,,,,
11,9,6,B6,N267JB,1236,14843,SJU,"San Juan, PR",15024,STT,"Charlotte Amalie, VI",1024,1028,4,0,1000-1059,1059,1106,7,1000-1059,0,,35,38,68,1,,,,,,
11,13,3,AA,N749US,847,14100,PHL,"Philadelphia, PA",11057,CLT,"Charlotte, NC",1030,1026,0,0,1000-1059,1228,1203,0,1200-1259,0,,118,97,449,2,,,,,,
11,3,7,MQ,N612AE,3996,13930,ORD,"Chicago, IL",10685,BMI,"Bloomington/Normal, IL",1515,1508,0,0,1500-1559,1603,1555,0,1600-1659,0,,48,47,116,1,,,,,,
11,1,5,MQ,N276NN,3304,10781,BTR,"Baton Rouge, LA",11298,DFW,"Dallas/Fort Worth, TX",0617,0648,31,1,0600-0659,0749,0844,55,0700-0759,0,,92,116,383,2,0,31,24,0,0,
11,12,2,MQ,N233NN,3305,10781,BTR,"Baton Rouge, LA",11298,DFW,"Dallas/Fort Worth, TX",0750,0750,0,0,0700-0759,0926,0921,0,0900-0959,0,,96,91,383,2,,,,,,
11,2,6,YV,N509MJ,6210,12451,JAX,"Jacksonville, FL",12264,IAD,"Washington, DC",1400,1622,142,1,1400-1459,1553,1802,129,1500-1559,0,,113,100,630,3,0,0,0,0,129,
11,14,4,YX,N409YX,4546,11057,CLT,"Charlotte, NC",11278,DCA,"Washington, DC",2219,2216,0,0,2200-2259,2345,2346,1,2300-2359,0,,86,90,331,2,,,,,,
11,1,5,WN,N482WN,965,14107,PHX,"Phoenix, AZ",12278,ICT,"Wichita, KS",1215,1208,0,0,1200-1259,1625,1600,0,1600-1659,0,,130,112,870,4,,,,,,
11,30,6,AA,N509AY,1807,14492,RDU,"Raleigh/Durham, NC",11057,CLT,"Charlotte, NC",1109,1104,0,0,1100-1159,1223,1224,1,1200-1259,0,,74,80,130,1,,,,,,
11,25,1,WN,N8528Q,932,12889,LAS,"Las Vegas, NV",15304,TPA,"Tampa, FL",1730,1725,0,0,1700-1759,0040,0017,0,0001-0559,0,,250,232,1984,8,,,,,,
11,15,5,AA,N701UW,2584,13303,MIA,"Miami, FL",15304,TPA,"Tampa, FL",1050,1055,5,0,1000-1059,1158,1209,11,1100-1159,0,,68,74,204,1,,,,,,
11,1,5,B6,N641JB,1210,12451,JAX,"Jacksonville, FL",10721,BOS,"Boston, MA",0935,1048,73,1,0900-0959,1203,1303,60,1200-1259,0,,148,135,1010,5,8,0,0,0,52,
11,7,4,WN,N8517F,1521,14307,PVD,"Providence, RI",13204,MCO,"Orlando, FL",1310,1314,4,0,1300-1359,1625,1609,0,1600-1659,0,,195,175,1072,5,,,,,,
11,8,5,MQ,N698CB,3643,13930,ORD,"Chicago, IL",15048,SUX,"Sioux City, IA",1020,1015,0,0,1000-1059,1204,1201,0,1200-1259,0,,104,106,436,2,,,,,,
11,11,1,9E,N933XJ,5247,13487,MSP,"Minneapolis, MN",13871,OMA,"Omaha, NE",1740,1739,0,0,1700-1759,1915,1849,0,1900-1959,0,,95,70,282,2,,,,,,
11,28,4,AA,N987AN,1841,12266,IAH,"Houston, TX",13303,MIA,"Miami, FL",0722,0714,0,0,0700-0759,1054,1036,0,1000-1059,0,,152,142,964,4,,,,,,
11,20,3,9E,N922XJ,5197,10397,ATL,"Atlanta, GA",10135,ABE,"Allentown/Bethlehem/Easton, PA",1510,1509,0,0,1500-1559,1720,1715,0,1700-1759,0,,130,126,692,3,,,,,,
11,12,2,B6,N203JB,796,10397,ATL,"Atlanta, GA",10721,BOS,"Boston, MA",1955,2034,39,1,1900-1959,2224,2300,36,2200-2259,0,,149,146,946,4,5,0,0,0,31,
11,12,2,OO,N289SY,3627,15096,SYR,"Syracuse, NY",12953,LGA,"New York, NY",0550,0701,71,1,0001-0559,0716,0905,109,0700-0759,0,,86,124,198,1,0,71,38,0,0,
11,20,3,AA,N712US,1735,14307,PVD,"Providence, RI",14100,PHL,"Philadelphia, PA",0747,0742,0,0,0700-0759,0914,0848,0,0900-0959,0,,87,66,237,1,,,,,,
11,25,1,WN,N940WN,1264,13232,MDW,"Chicago, IL",12191,HOU,"Houston, TX",0700,0657,0,0,0700-0759,0950,0949,0,0900-0959,0,,170,172,937,4,,,,,,
11,7,4,WN,N744SW,945,13204,MCO,"Orlando, FL",14576,ROC,"Rochester, NY",0845,0937,52,1,0800-0859,1130,1204,34,1100-1159,0,,165,147,1033,5,1,0,0,0,33,
11,9,6,DL,N875DN,2233,14893,SMF,"Sacramento, CA",10397,ATL,"Atlanta, GA",0655,0653,0,0,0600-0659,1419,1415,0,1400-1459,0,,264,262,2092,9,,,,,,
11,3,7,NK,N651NK,425,13930,ORD,"Chicago, IL",11697,FLL,"Fort Lauderdale, FL",1630,1627,0,0,1600-1659,2037,2034,0,2000-2059,0,,187,187,1182,5,,,,,,
11,10,7,AA,N117AN,300,12478,JFK,"New York, NY",12892,LAX,"Los Angeles, CA",2000,1953,0,0,2000-2059,2334,2248,0,2300-2359,0,,394,355,2475,10,,,,,,
11,4,1,UA,N2644U,452,14771,SFO,"San Francisco, CA",11292,DEN,"Denver, CO",0636,0629,0,0,0600-0659,1010,1006,0,1000-1059,0,,154,157,967,4,,,,,,
11,30,6,OH,N554NN,5034,10980,CHA,"Chattanooga, TN",11057,CLT,"Charlotte, NC",0521,0521,0,0,0001-0559,0640,0630,0,0600-0659,0,,79,69,241,1,,,,,,
11,21,4,WN,N762SW,350,11259,DAL,"Dallas, TX",13244,MEM,"Memphis, TN",1730,1743,13,0,1700-1759,1855,1856,1,1800-1859,0,,85,73,423,2,,,,,,
11,10,7,WN,N7740A,6135,10397,ATL,"Atlanta, GA",12451,JAX,"Jacksonville, FL",2025,2022,0,0,2000-2059,2135,2126,0,2100-2159,0,,70,64,270,2,,,,,,
11,9,6,YV,N511MJ,6210,12451,JAX,"Jacksonville, FL",12264,IAD,"Washington, DC",1400,1350,0,0,1400-1459,1553,1531,0,1500-1559,0,,113,101,630,3,,,,,,
11,8,5,MQ,N809AE,3749,12478,JFK,"New York, NY",13931,ORF,"Norfolk, VA",1929,1921,0,0,1900-1959,2103,2041,0,2100-2159,0,,94,80,290,2,,,,,,
11,8,5,OO,N150SY,5958,11433,DTW,"Detroit, MI",13930,ORD,"Chicago, IL",0835,0826,0,0,0800-0859,0916,0848,0,0900-0959,0,,101,82,235,1,,,,,,
11,8,5,WN,N8550Q,2558,12889,LAS,"Las Vegas, NV",15370,TUL,"Tulsa, OK",1015,1029,14,0,1000-1059,1445,1503,18,1400-1459,0,,150,154,1076,5,14,0,4,0,0,
11,25,1,DL,N333NW,1909,14869,SLC,"Salt Lake City, UT",14679,SAN,"San Diego, CA",2229,2243,14,0,2200-2259,2323,2345,22,2300-2359,0,,114,122,626,3,14,0,8,0,0,
11,8,5,OO,N132SY,5284,11921,GJT,"Grand Junction, CO",11292,DEN,"Denver, CO",0600,0558,0,0,0600-0659,0710,0700,0,0700-0759,0,,70,62,212,1,,,,,,
11,3,7,OO,N923EV,3784,10980,CHA,"Chattanooga, TN",10397,ATL,"Atlanta, GA",1155,1155,0,0,1100-1159,1251,1234,0,1200-1259,0,,56,39,106,1,,,,,,
11,10,7,AS,N619AS,61,12523,JNU,"Juneau, AK",15991,YAK,"Yakutat, AK",1010,0947,0,0,1000-1059,1108,1053,0,1100-1159,0,,58,66,198,1,,,,,,
11,22,5,UA,N36472,238,13930,ORD,"Chicago, IL",13487,MSP,"Minneapolis, MN",2145,2138,0,0,2100-2159,2312,2301,0,2300-2359,0,,87,83,334,2,,,,,,
11,13,3,MQ,N253NN,3974,11986,GRR,"Grand Rapids, MI",13930,ORD,"Chicago, IL",0610,0609,0,0,0600-0659,0617,0606,0,0600-0659,0,,67,57,137,1,,,,,,
11,28,4,9E,N197PQ,5130,10685,BMI,"Bloomington/Normal, IL",10397,ATL,"Atlanta, GA",0600,0559,0,0,0600-0659,0854,0836,0,0800-0859,0,,114,97,533,3,,,,,,
11,17,7,YV,N506MJ,6100,10994,CHS,"Charleston, SC",12264,IAD,"Washington, DC",1500,1450,0,0,1500-1559,1625,1629,4,1600-1659,0,,85,99,441,2,,,,,,
11,20,3,YV,N913FJ,5746,14107,PHX,"Phoenix, AZ",11540,ELP,"El Paso, TX",1646,1641,0,0,1600-1659,1756,1824,28,1700-1759,0,,70,103,347,2,0,0,28,0,0,
11,9,6,DL,N658DL,1210,14771,SFO,"San Francisco, CA",10397,ATL,"Atlanta, GA",0600,0814,134,1,0600-0659,1330,1543,133,1300-1359,0,,270,269,2139,9,133,0,0,0,0,
11,29,5,WN,N8607M,2728,13204,MCO,"Orlando, FL",13198,MCI,"Kansas City, MO",2145,2207,22,1,2100-2159,2340,2359,19,2300-2359,0,,175,172,1072,5,19,0,0,0,0,
11,12,2,WN,N8550Q,2187,12889,LAS,"Las Vegas, NV",11259,DAL,"Dallas, TX",1830,1829,0,0,1800-1859,2255,2258,3,2200-2259,0,,145,149,1067,5,,,,,,
11,26,2,AA,N833AW,2105,14831,SJC,"San Jose, CA",14107,PHX,"Phoenix, AZ",0957,0952,0,0,0900-0959,1249,1236,0,1200-1259,0,,112,104,621,3,,,,,,
11,24,7,EV,N14904,4449,13930,ORD,"Chicago, IL",10792,BUF,"Buffalo, NY",0745,0738,0,0,0700-0759,1030,1027,0,1000-1059,0,,105,109,473,2,,,,,,
11,22,5,UA,N38459,905,13930,ORD,"Chicago, IL",13487,MSP,"Minneapolis, MN",1430,1426,0,0,1400-1459,1602,1542,0,1600-1659,0,,92,76,334,2,,,,,,
11,23,6,WN,N751SW,5705,10821,BWI,"Baltimore, MD",14683,SAT,"San Antonio, TX",1020,1020,0,0,1000-1059,1320,1320,0,1300-1359,0,,240,240,1407,6,,,,,,
11,7,4,AA,N649AW,591,11057,CLT,"Charlotte, NC",14321,PWM,"Portland, ME",0956,0952,0,0,0900-0959,1216,1204,0,1200-1259,0,,140,132,813,4,,,,,,
11,2,6,WN,N234WN,3526,12278,ICT,"Wichita, KS",12889,LAS,"Las Vegas, NV",1045,1057,12,0,1000-1059,1130,1123,0,1100-1159,0,,165,146,986,4,,,,,,
11,9,6,WN,N900WN,5093,10693,BNA,"Nashville, TN",14107,PHX,"Phoenix, AZ",0935,,,,0900-0959,1225,,,1200-1259,1,A,230,,1449,6,,,,,,
11,27,3,OO,N290SY,3864,13930,ORD,"Chicago, IL",12478,JFK,"New York, NY",0929,0927,0,0,0900-0959,1243,1249,6,1200-1259,0,,134,142,740,3,,,,,,
11,29,5,UA,N13750,1442,13930,ORD,"Chicago, IL",11003,CID,"Cedar Rapids/Iowa City, IA",2032,2022,0,0,2000-2059,2138,2119,0,2100-2159,0,,66,57,196,1,,,,,,
11,22,5,DL,N917DU,1594,10397,ATL,"Atlanta, GA",13342,MKE,"Milwaukee, WI",1959,1949,0,0,1900-1959,2102,2042,0,2100-2159,0,,123,113,669,3,,,,,,
11,28,4,WN,N500WR,3616,12191,HOU,"Houston, TX",15016,STL,"St. Louis, MO",1615,1610,0,0,1600-1659,1810,1752,0,1800-1859,0,,115,102,687,3,,,,,,
11,6,3,OO,N718SK,3218,11042,CLE,"Cleveland, OH",13930,ORD,"Chicago, IL",2015,2006,0,0,2000-2059,2048,2052,4,2000-2059,0,,93,106,315,2,,,,,,
11,27,3,MQ,N687JS,3671,11003,CID,"Cedar Rapids/Iowa City, IA",13930,ORD,"Chicago, IL",0735,0728,0,0,0700-0759,0854,0841,0,0800-0859,0,,79,73,196,1,,,,,,
11,6,3,AA,N835AW,2159,10721,BOS,"Boston, MA",11278,DCA,"Washington, DC",0600,0552,0,0,0600-0659,0748,0726,0,0700-0759,0,,108,94,399,2,,,,,,
11,24,7,UA,N61886,389,10721,BOS,"Boston, MA",12264,IAD,"Washington, DC",0555,0549,0,0,0001-0559,0735,0719,0,0700-0759,0,,100,90,413,2,,,,,,
11,11,1,DL,N961DL,517,11995,GSO,"Greensboro/High Point, NC",10397,ATL,"Atlanta, GA",1854,1845,0,0,1800-1859,2024,1958,0,2000-2059,0,,90,73,306,2,,,,,,
11,27,3,DL,N892DN,1505,13487,MSP,"Minneapolis, MN",14771,SFO,"San Francisco, CA",1810,1808,0,0,1800-1859,2038,2048,10,2000-2059,0,,268,280,1589,7,,,,,,
11,2,6,DL,N849DN,1634,14869,SLC,"Salt Lake City, UT",10721,BOS,"Boston, MA",0958,0953,0,0,0900-0959,1635,1622,0,1600-1659,0,,277,269,2105,9,,,,,,
11,30,6,MQ,N845AE,4056,11042,CLE,"Cleveland, OH",12953,LGA,"New York, NY",0916,0912,0,0,0900-0959,1108,1052,0,1100-1159,0,,112,100,419,2,,,,,,
11,28,4,YX,N138HQ,4295,10785,BTV,"Burlington, VT",14100,PHL,"Philadelphia, PA",0825,0819,0,0,0800-0859,1005,0953,0,1000-1059,0,,100,94,335,2,,,,,,
11,27,3,UA,N846UA,1037,11618,EWR,"Newark, NJ",11298,DFW,"Dallas/Fort Worth, TX",0959,0957,0,0,0900-0959,1308,1317,9,1300-1359,0,,249,260,1372,6,,,,,,
11,20,3,HA,N476HA,140,12982,LIH,"Lihue, HI",13830,OGG,"Kahului, HI",1001,0951,0,0,1000-1059,1050,1038,0,1000-1059,0,,49,47,201,1,,,,,,
11,3,7,AA,N903NN,2594,10423,AUS,"Austin, TX",11298,DFW,"Dallas/Fort Worth, TX",2001,1953,0,0,2000-2059,2111,2102,0,2100-2159,0,,70,69,190,1,,,,,,
11,29,5,DL,N6712B,1067,10397,ATL,"Atlanta, GA",14635,RSW,"Fort Myers, FL",1227,1219,0,0,1200-1259,1405,1354,0,1400-1459,0,,98,95,515,3,,,,,,
11,18,1,AA,N914NN,2790,11298,DFW,"Dallas/Fort Worth, TX",12266,IAH,"Houston, TX",2251,2249,0,0,2200-2259,0002,2348,0,0001-0559,0,,71,59,224,1,,,,,,
11,12,2,DL,N361DN,415,10397,ATL,"Atlanta, GA",11433,DTW,"Detroit, MI",2159,2218,19,1,2100-2159,2352,0005,13,2300-2359,0,,113,107,594,3,,,,,,
11,22,5,WN,N7848A,64,12191,HOU,"Houston, TX",11259,DAL,"Dallas, TX",2200,2200,0,0,2200-2259,2310,2304,0,2300-2359,0,,70,64,239,1,,,,,,
11,27,3,AA,N652AW,1808,12889,LAS,"Las Vegas, NV",14107,PHX,"Phoenix, AZ",0630,0625,0,0,0600-0659,0846,0831,0,0800-0859,0,,76,66,255,2,,,,,,
11,24,7,WN,N447WN,6227,11884,GEG,"Spokane, WA",13796,OAK,"Oakland, CA",1655,1652,0,0,1600-1659,1905,1845,0,1900-1959,0,,130,113,723,3,,,,,,
11,8,5,WN,N8610A,1343,11259,DAL,"Dallas, TX",11278,DCA,"Washington, DC",1140,1136,0,0,1100-1159,1525,1504,0,1500-1559,0,,165,148,1184,5,,,,,,
11,20,3,UA,N470UA,667,13930,ORD,"Chicago, IL",14107,PHX,"Phoenix, AZ",0819,0814,0,0,0800-0859,1110,1056,0,1100-1159,0,,231,222,1440,6,,,,,,
11,14,4,MQ,N818AE,3851,12953,LGA,"New York, NY",11066,CMH,"Columbus, OH",1659,1807,68,1,1600-1659,1858,2002,64,1800-1859,0,,119,115,479,2,0,0,0,0,64,
11,16,6,OH,N520DC,5071,11057,CLT,"Charlotte, NC",12945,LEX,"Lexington, KY",1147,1259,72,1,1100-1159,1313,1413,60,1300-1359,0,,86,74,281,2,60,0,0,0,0,
11,2,6,MQ,N664MS,3394,13277,MGM,"Montgomery, AL",11298,DFW,"Dallas/Fort Worth, TX",1327,1324,0,0,1300-1359,1534,1537,3,1500-1559,0,,127,133,622,3,,,,,,
11,25,1,WN,N7839A,258,12953,LGA,"New York, NY",13232,MDW,"Chicago, IL",1155,1245,50,1,1100-1159,1340,1405,25,1300-1359,0,,165,140,725,3,25,0,0,0,0,
11,20,3,WN,N8608N,1509,14843,SJU,"San Juan, PR",12191,HOU,"Houston, TX",1735,1736,1,0,1700-1759,2025,2035,10,2000-2059,0,,290,299,1997,8,,,,,,
11,25,1,UA,N45440,616,14771,SFO,"San Francisco, CA",13930,ORD,"Chicago, IL",0700,0655,0,0,0700-0759,1313,1256,0,1300-1359,0,,253,241,1846,8,,,,,,
11,2,6,DL,N925DZ,1110,13495,MSY,"New Orleans, LA",10397,ATL,"Atlanta, GA",1350,1350,0,0,1300-1359,1618,1611,0,1600-1659,0,,88,81,425,2,,,,,,
11,16,6,9E,N147PQ,5042,12264,IAD,"Washington, DC",12478,JFK,"New York, NY",1530,1527,0,0,1500-1559,1658,1632,0,1600-1659,0,,88,65,228,1,,,,,,
11,16,6,B6,N279JB,34,12478,JFK,"New York, NY",10785,BTV,"Burlington, VT",1210,1200,0,0,1200-1259,1322,1306,0,1300-1359,0,,72,66,266,2,,,,,,
11,24,7,UA,N68842,515,13930,ORD,"Chicago, IL",14893,SMF,"Sacramento, CA",1945,1942,0,0,1900-1959,2225,2232,7,2200-2259,0,,280,290,1781,8,,,,,,
11,25,1,AS,N519AS,559,14908,SNA,"Santa Ana, CA",14057,PDX,"Portland, OR",1250,1237,0,0,1200-1259,1521,1523,2,1500-1559,0,,151,166,859,4,,,,,,
11,12,2,YX,N635RW,3505,12266,IAH,"Houston, TX",14730,SDF,"Louisville, KY",1000,0955,0,0,1000-1059,1316,1322,6,1300-1359,0,,136,147,788,4,,,,,,
11,11,1,DL,N351NW,607,15304,TPA,"Tampa, FL",10721,BOS,"Boston, MA",0700,0725,25,1,0700-0759,1000,1016,16,1000-1059,0,,180,171,1185,5,16,0,0,0,0,
11,7,4,OO,N907EV,3127,11612,EVV,"Evansville, IN",13930,ORD,"Chicago, IL",1810,1800,0,0,1800-1859,1944,1938,0,1900-1959,0,,94,98,272,2,,,,,,
11,12,2,YX,N112HQ,4598,12953,LGA,"New York, NY",11433,DTW,"Detroit, MI",2029,2112,43,1,2000-2059,2239,2323,44,2200-2259,0,,130,131,502,3,0,0,1,0,43,
11,26,2,HA,N481HA,537,12758,KOA,"Kona, HI",12173,HNL,"Honolulu, HI",1940,1945,5,0,1900-1959,2028,2033,5,2000-2059,0,,48,48,163,1,,,,,,
11,27,3,9E,N926XJ,5131,10397,ATL,"Atlanta, GA",10208,AGS,"Augusta, GA",1137,1130,0,0,1100-1159,1233,1216,0,1200-1259,0,,56,46,143,1,,,,,,
11,30,6,AA,N959NN,2258,12889,LAS,"Las Vegas, NV",13930,ORD,"Chicago, IL",0525,0522,0,0,0001-0559,1107,1108,1,1100-1159,0,,222,226,1514,7,,,,,,
11,2,6,AA,N147AA,386,12892,LAX,"Los Angeles, CA",11298,DFW,"Dallas/Fort Worth, TX",0600,0558,0,0,0600-0659,1109,1052,0,1100-1159,0,,189,174,1235,5,,,,,,
11,18,1,AA,N109UW,2031,11057,CLT,"Charlotte, NC",12953,LGA,"New York, NY",2153,2328,95,1,2100-2159,2349,0106,77,2300-2359,0,,116,98,544,3,0,0,77,0,0,
11,13,3,OH,N524AE,5452,11057,CLT,"Charlotte, NC",10599,BHM,"Birmingham, AL",0720,0812,52,1,0700-0759,0746,0843,57,0700-0759,0,,86,91,350,2,52,0,5,0,0,
11,30,6,MQ,N259NN,3408,11298,DFW,"Dallas/Fort Worth, TX",13256,MFE,"Mission/McAllen/Edinburg, TX",1355,1353,0,0,1300-1359,1527,1526,0,1500-1559,0,,92,93,469,2,,,,,,
11,26,2,OH,N523AE,5522,11057,CLT,"Charlotte, NC",13871,OMA,"Omaha, NE",0930,0923,0,0,0900-0959,1131,1108,0,1100-1159,0,,181,165,913,4,,,,,,
11,27,3,AA,N810NN,1074,13303,MIA,"Miami, FL",10721,BOS,"Boston, MA",1814,1815,1,0,1800-1859,2129,2150,21,2100-2159,0,,195,215,1258,6,1,0,20,0,0,
11,15,5,DL,N365DN,994,10721,BOS,"Boston, MA",13487,MSP,"Minneapolis, MN",0810,0807,0,0,0800-0859,1025,1024,0,1000-1059,0,,195,197,1124,5,,,,,,
11,2,6,AA,N942NN,1622,11292,DEN,"Denver, CO",11298,DFW,"Dallas/Fort Worth, TX",1046,1039,0,0,1000-1059,1346,1319,0,1300-1359,0,,120,100,641,3,,,,,,
11,13,3,HA,N477HA,223,12173,HNL,"Honolulu, HI",12982,LIH,"Lihue, HI",1022,1016,0,0,1000-1059,1103,1055,0,1100-1159,0,,41,39,102,1,,,,,,
11,25,1,B6,N565JB,438,13204,MCO,"Orlando, FL",10529,BDL,"Hartford, CT",0951,0943,0,0,0900-0959,1229,1228,0,1200-1259,0,,158,165,1050,5,,,,,,
11,15,5,WN,N7711N,1856,10721,BOS,"Boston, MA",10821,BWI,"Baltimore, MD",0825,0823,0,0,0800-0859,1010,0956,0,1000-1059,0,,105,93,369,2,,,,,,
11,22,5,WN,N7889A,1910,11292,DEN,"Denver, CO",12892,LAX,"Los Angeles, CA",0815,0818,3,0,0800-0859,0950,0951,1,0900-0959,0,,155,153,862,4,,,,,,
11,6,3,AA,N358PW,2255,11298,DFW,"Dallas/Fort Worth, TX",14908,SNA,"Santa Ana, CA",0656,0648,0,0,0600-0659,0815,0753,0,0800-0859,0,,199,185,1205,5,,,,,,
11,9,6,UA,N411UA,367,11278,DCA,"Washington, DC",12266,IAH,"Houston, TX",0759,0754,0,0,0700-0759,1030,1009,0,1000-1059,0,,211,195,1208,5,,,,,,
11,13,3,WN,N935WN,485,11292,DEN,"Denver, CO",11259,DAL,"Dallas, TX",1200,1156,0,0,1200-1259,1450,1437,0,1400-1459,0,,110,101,651,3,,,,,,
11,7,4,DL,N989AT,2987,10721,BOS,"Boston, MA",14492,RDU,"Raleigh/Durham, NC",1430,1428,0,0,1400-1459,1639,1633,0,1600-1659,0,,129,125,612,3,,,,,,
11,22,5,AS,N563AS,783,11618,EWR,"Newark, NJ",14831,SJC,"San Jose, CA",1825,1911,46,1,1800-1859,2209,2201,0,2200-2259,0,,404,350,2548,11,,,,,,
11,9,6,AS,N363VA,1302,14771,SFO,"San Francisco, CA",13204,MCO,"Orlando, FL",0700,0653,0,0,0700-0759,1517,1516,0,1500-1559,0,,317,323,2446,10,,,,,,
11,4,1,YV,N950LR,5824,14107,PHX,"Phoenix, AZ",12266,IAH,"Houston, TX",1006,1119,73,1,1000-1059,1350,1450,60,1300-1359,0,,164,151,1009,5,60,0,0,0,0,
11,14,4,EV,N14542,4161,12266,IAH,"Houston, TX",12915,LCH,"Lake Charles, LA",1620,1616,0,0,1600-1659,1719,1705,0,1700-1759,0,,59,49,127,1,,,,,,
11,4,1,AA,N344PP,2667,14492,RDU,"Raleigh/Durham, NC",13930,ORD,"Chicago, IL",1118,1112,0,0,1100-1159,1245,1223,0,1200-1259,0,,147,131,646,3,,,,,,
11,15,5,DL,N3757D,1039,10874,CAK,"Akron, OH",10397,ATL,"Atlanta, GA",0600,0558,0,0,0600-0659,0753,0754,1,0700-0759,0,,113,116,528,3,,,,,,
11,23,6,WN,N774SW,3556,10397,ATL,"Atlanta, GA",10821,BWI,"Baltimore, MD",1825,1832,7,0,1800-1859,2015,2005,0,2000-2059,0,,110,93,577,3,,,,,,
11,13,3,OO,N108SY,5719,11292,DEN,"Denver, CO",11603,EUG,"Eugene, OR",0935,0954,19,1,0900-0959,1136,1151,15,1100-1159,0,,181,177,996,4,15,0,0,0,0,
11,5,2,AS,N839VA,1926,14771,SFO,"San Francisco, CA",12892,LAX,"Los Angeles, CA",1200,1155,0,0,1200-1259,1340,1311,0,1300-1359,0,,100,76,337,2,,,,,,
11,4,1,WN,N7866A,1744,12892,LAX,"Los Angeles, CA",14831,SJC,"San Jose, CA",1105,1101,0,0,1100-1159,1220,1200,0,1200-1259,0,,75,59,308,2,,,,,,
11,10,7,DL,N6714Q,2488,10721,BOS,"Boston, MA",14771,SFO,"San Francisco, CA",0710,0703,0,0,0700-0759,1117,1101,0,1100-1159,0,,427,418,2704,11,,,,,,
11,18,1,UA,N891UA,1849,11618,EWR,"Newark, NJ",10397,ATL,"Atlanta, GA",1100,1051,0,0,1100-1159,1327,1315,0,1300-1359,0,,147,144,746,3,,,,,,
11,1,5,DL,N860DN,1072,10397,ATL,"Atlanta, GA",14122,PIT,"Pittsburgh, PA",2159,2156,0,0,2100-2159,2337,2326,0,2300-2359,0,,98,90,526,3,,,,,,
11,23,6,AA,N509AY,1678,11057,CLT,"Charlotte, NC",14107,PHX,"Phoenix, AZ",0724,0723,0,0,0700-0759,1014,1011,0,1000-1059,0,,290,288,1773,8,,,,,,
11,26,2,WN,N752SW,456,13495,MSY,"New Orleans, LA",15304,TPA,"Tampa, FL",1340,1340,0,0,1300-1359,1610,1607,0,1600-1659,0,,90,87,488,2,,,,,,
11,15,5,DL,N915DU,1641,14869,SLC,"Salt Lake City, UT",10397,ATL,"Atlanta, GA",2359,2349,0,0,2300-2359,0526,0516,0,0001-0559,0,,207,207,1590,7,,,,,,
11,21,4,MQ,N670AE,3987,13303,MIA,"Miami, FL",13931,ORF,"Norfolk, VA",2132,2120,0,0,2100-2159,2355,2346,0,2300-2359,0,,143,146,802,4,,,,,,
11,6,3,WN,N464WN,241,10821,BWI,"Baltimore, MD",10529,BDL,"Hartford, CT",1945,1942,0,0,1900-1959,2055,2039,0,2000-2059,0,,70,57,283,2,,,,,,
11,27,3,F9,N347FR,227,10821,BWI,"Baltimore, MD",11292,DEN,"Denver, CO",1658,1650,0,0,1600-1659,1909,1933,24,1900-1959,0,,251,283,1491,6,0,0,24,0,0,
11,23,6,OH,N598NN,5227,11057,CLT,"Charlotte, NC",13342,MKE,"Milwaukee, WI",1615,1609,0,0,1600-1659,1723,1716,0,1700-1759,0,,128,127,651,3,,,,,,
11,18,1,UA,N1902U,399,11292,DEN,"Denver, CO",12339,IND,"Indianapolis, IN",1730,1720,0,0,1700-1759,2150,2130,0,2100-2159,0,,140,130,977,4,,,,,,
11,12,2,UA,N38458,513,11292,DEN,"Denver, CO",11618,EWR,"Newark, NJ",1055,1159,64,1,1000-1059,1628,1736,68,1600-1659,0,,213,217,1605,7,0,0,68,0,0,
11,15,5,AS,N453AS,980,14747,SEA,"Seattle, WA",11298,DFW,"Dallas/Fort Worth, TX",2320,2319,0,0,2300-2359,0500,0440,0,0001-0559,0,,220,201,1660,7,,,,,,
11,25,1,OH,N593NN,5559,11057,CLT,"Charlotte, NC",10431,AVL,"Asheville, NC",0741,0736,0,0,0700-0759,0842,0831,0,0800-0859,0,,61,55,91,1,,,,,,
11,25,1,AA,N9016,2928,11298,DFW,"Dallas/Fort Worth, TX",12451,JAX,"Jacksonville, FL",0700,0651,0,0,0700-0759,1014,0956,0,1000-1059,0,,134,125,918,4,,,,,,
11,29,5,UA,N439UA,2377,14771,SFO,"San Francisco, CA",12266,IAH,"Houston, TX",0055,0042,0,0,0001-0559,0633,0633,0,0600-0659,0,,218,231,1635,7,,,,,,
11,2,6,OH,N237PS,5075,13931,ORF,"Norfolk, VA",14100,PHL,"Philadelphia, PA",1012,1028,16,1,1000-1059,1124,1130,6,1100-1159,0,,72,62,212,1,,,,,,
11,30,6,MQ,N265NN,3505,13495,MSY,"New Orleans, LA",11298,DFW,"Dallas/Fort Worth, TX",1602,1635,33,1,1600-1659,1744,1813,29,1700-1759,0,,102,98,447,2,29,0,0,0,0,
11,19,2,WN,N7885A,2002,13232,MDW,"Chicago, IL",10397,ATL,"Atlanta, GA",1705,1705,0,0,1700-1759,1955,1937,0,1900-1959,0,,110,92,591,3,,,,,,
11,6,3,AA,N725UW,609,10821,BWI,"Baltimore, MD",11057,CLT,"Charlotte, NC",0820,0816,0,0,0800-0859,1014,1003,0,1000-1059,0,,114,107,361,2,,,,,,
11,21,4,OH,N546FF,5129,10990,CHO,"Charlottesville, VA",11057,CLT,"Charlotte, NC",1747,1745,0,0,1700-1759,1914,1852,0,1900-1959,0,,87,67,245,1,,,,,,
11,10,7,DL,N366NW,1177,14492,RDU,"Raleigh/Durham, NC",10397,ATL,"Atlanta, GA",1236,1233,0,0,1200-1259,1405,1348,0,1400-1459,0,,89,75,356,2,,,,,,
11,3,7,F9,N324FR,458,11292,DEN,"Denver, CO",13487,MSP,"Minneapolis, MN",0606,0609,3,0,0600-0659,0908,0900,0,0900-0959,0,,122,111,680,3,,,,,,
11,13,3,WN,N7744A,366,10721,BOS,"Boston, MA",10821,BWI,"Baltimore, MD",2255,2250,0,0,2200-2259,0030,0008,0,0001-0559,0,,95,78,369,2,,,,,,
11,5,2,OO,N907SW,3706,13487,MSP,"Minneapolis, MN",13029,LNK,"Lincoln, NE",1944,1940,0,0,1900-1959,2125,2102,0,2100-2159,0,,101,82,331,2,,,,,,
11,26,2,WN,N296WN,1989,11292,DEN,"Denver, CO",12889,LAS,"Las Vegas, NV",2255,2314,19,1,2200-2259,2345,0021,36,2300-2359,0,,110,127,628,3,19,0,17,0,0,
11,9,6,UA,N78438,346,11292,DEN,"Denver, CO",13891,ONT,"Ontario, CA",1915,1908,0,0,1900-1959,2033,2013,0,2000-2059,0,,138,125,819,4,,,,,,
11,26,2,EV,N606UX,4025,13930,ORD,"Chicago, IL",11193,CVG,"Cincinnati, OH",1545,1542,0,0,1500-1559,1808,1811,3,1800-1859,0,,83,89,264,2,,,,,,
11,17,7,UA,N54711,1851,12266,IAH,"Houston, TX",10821,BWI,"Baltimore, MD",1945,1942,0,0,1900-1959,2340,2325,0,2300-2359,0,,175,163,1235,5,,,,,,
11,20,3,MQ,N840AE,3843,14842,SJT,"San Angelo, TX",11298,DFW,"Dallas/Fort Worth, TX",1426,1415,0,0,1400-1459,1538,1525,0,1500-1559,0,,72,70,229,1,,,,,,
11,13,3,AA,N9008U,1445,11298,DFW,"Dallas/Fort Worth, TX",15624,VPS,"Valparaiso, FL",1854,1901,7,0,1800-1859,2047,2043,0,2000-2059,0,,113,102,641,3,,,,,,
11,8,5,WN,N8652B,1881,14683,SAT,"San Antonio, TX",12889,LAS,"Las Vegas, NV",0710,0706,0,0,0700-0759,0805,0750,0,0800-0859,0,,175,164,1069,5,,,,,,
11,24,7,YX,N418YX,4564,14321,PWM,"Portland, ME",11278,DCA,"Washington, DC",0554,0549,0,0,0001-0559,0800,0741,0,0800-0859,0,,126,112,482,2,,,,,,
11,28,4,DL,N973DL,342,10208,AGS,"Augusta, GA",10397,ATL,"Atlanta, GA",0700,0655,0,0,0700-0759,0801,0753,0,0800-0859,0,,61,58,143,1,,,,,,
11,19,2,YX,N647RW,3496,13871,OMA,"Omaha, NE",11292,DEN,"Denver, CO",1655,1647,0,0,1600-1659,1738,1805,27,1700-1759,0,,103,138,472,2,0,0,27,0,0,
11,3,7,WN,N437WN,3811,14831,SJC,"San Jose, CA",10800,BUR,"Burbank, CA",1325,1331,6,0,1300-1359,1435,1431,0,1400-1459,0,,70,60,296,2,,,,,,
11,26,2,OH,N531EG,5671,14100,PHL,"Philadelphia, PA",14685,SAV,"Savannah, GA",2039,2031,0,0,2000-2059,2245,2222,0,2200-2259,0,,126,111,629,3,,,,,,
11,21,4,DL,N683DA,2556,10397,ATL,"Atlanta, GA",13198,MCI,"Kansas City, MO",1633,1631,0,0,1600-1659,1748,1735,0,1700-1759,0,,135,124,692,3,,,,,,
11,20,3,OO,N154SY,5665,13486,MSO,"Missoula, MT",11292,DEN,"Denver, CO",0800,0750,0,0,0800-0859,1008,1004,0,1000-1059,0,,128,134,679,3,,,,,,
11,18,1,UA,N38467,1195,13930,ORD,"Chicago, IL",11618,EWR,"Newark, NJ",0805,0801,0,0,0800-0859,1111,1105,0,1100-1159,0,,126,124,719,3,,,,,,
11,22,5,OO,N449SW,3653,15607,VLD,"Valdosta, GA",10397,ATL,"Atlanta, GA",1644,1639,0,0,1600-1659,1804,1744,0,1800-1859,0,,80,65,208,1,,,,,,
11,21,4,YX,N725YX,3595,11618,EWR,"Newark, NJ",14576,ROC,"Rochester, NY",0815,0802,0,0,0800-0859,0939,0926,0,0900-0959,0,,84,84,246,1,,,,,,
11,22,5,AA,N954NN,1360,11298,DFW,"Dallas/Fort Worth, TX",11278,DCA,"Washington, DC",1240,1308,28,1,1200-1259,1629,1646,17,1600-1659,0,,169,158,1192,5,17,0,0,0,0,
11,17,7,9E,N927EV,5414,13930,ORD,"Chicago, IL",11193,CVG,"Cincinnati, OH",1210,1201,0,0,1200-1259,1430,1414,0,1400-1459,0,,80,73,264,2,,,,,,
11,9,6,AA,N163US,1030,13930,ORD,"Chicago, IL",11057,CLT,"Charlotte, NC",2023,2022,0,0,2000-2059,2320,2301,0,2300-2359,0,,117,99,599,3,,,,,,
11,2,6,WN,N965WN,4531,11278,DCA,"Washington, DC",12191,HOU,"Houston, TX",1705,1709,4,0,1700-1759,1925,1941,16,1900-1959,0,,200,212,1218,5,0,0,16,0,0,
11,17,7,YX,N118HQ,4437,11066,CMH,"Columbus, OH",14100,PHL,"Philadelphia, PA",1034,1031,0,0,1000-1059,1203,1205,2,1200-1259,0,,89,94,406,2,,,,,,
11,13,3,OH,N245PS,5473,11996,GSP,"Greer, SC",11278,DCA,"Washington, DC",1559,1602,3,0,1500-1559,1725,1721,0,1700-1759,0,,86,79,396,2,,,,,,
11,12,2,AA,N958UW,708,14492,RDU,"Raleigh/Durham, NC",12953,LGA,"New York, NY",0532,0530,0,0,0001-0559,0710,0650,0,0700-0759,0,,98,80,431,2,,,,,,
11,6,3,YV,N904FJ,5722,14107,PHX,"Phoenix, AZ",14262,PSP,"Palm Springs, CA",1428,1420,0,0,1400-1459,1436,1427,0,1400-1459,0,,68,67,261,2,,,,,,
11,11,1,WN,N921WN,748,12191,HOU,"Houston, TX",12339,IND,"Indianapolis, IN",1610,1610,0,0,1600-1659,1920,1906,0,1900-1959,0,,130,116,861,4,,,,,,
11,25,1,DL,N914DN,2382,14730,SDF,"Louisville, KY",10397,ATL,"Atlanta, GA",0810,0801,0,0,0800-0859,0944,0927,0,0900-0959,0,,94,86,321,2,,,,,,
11,14,4,MQ,N827AE,3646,12953,LGA,"New York, NY",11042,CLE,"Cleveland, OH",2205,2224,19,1,2200-2259,2353,2400,7,2300-2359,0,,108,96,419,2,,,,,,
11,9,6,NK,N656NK,389,10821,BWI,"Baltimore, MD",13204,MCO,"Orlando, FL",0605,0601,0,0,0600-0659,0828,0815,0,0800-0859,0,,143,134,787,4,,,,,,
11,19,2,WN,N418WN,1438,14492,RDU,"Raleigh/Durham, NC",11259,DAL,"Dallas, TX",1140,1140,0,0,1100-1159,1350,1328,0,1300-1359,0,,190,168,1052,5,,,,,,
11,15,5,DL,N306DN,1499,13244,MEM,"Memphis, TN",10397,ATL,"Atlanta, GA",0619,0609,0,0,0600-0659,0836,0905,29,0800-0859,0,,77,116,332,2,0,0,29,0,0,
11,5,2,F9,N354FR,2151,14107,PHX,"Phoenix, AZ",12889,LAS,"Las Vegas, NV",1551,1550,0,0,1500-1559,1606,1555,0,1600-1659,0,,75,65,255,2,,,,,,
11,24,7,EV,N14542,4116,14576,ROC,"Rochester, NY",11618,EWR,"Newark, NJ",1230,1233,3,0,1200-1259,1400,1348,0,1400-1459,0,,90,75,246,1,,,,,,
11,4,1,OH,N557NN,5564,14100,PHL,"Philadelphia, PA",14193,PNS,"Pensacola, FL",1820,1815,0,0,1800-1859,2017,2053,36,2000-2059,0,,177,218,935,4,0,0,36,0,0,
11,25,1,AA,N660AW,2834,13931,ORF,"Norfolk, VA",11057,CLT,"Charlotte, NC",1531,1526,0,0,1500-1559,1701,1700,0,1700-1759,0,,90,94,290,2,,,,,,
11,25,1,DL,N371NB,3003,10423,AUS,"Austin, TX",11433,DTW,"Detroit, MI",1516,1508,0,0,1500-1559,1904,1856,0,1900-1959,0,,168,168,1149,5,,,,,,
11,21,4,WN,N263WN,2346,10423,AUS,"Austin, TX",10140,ABQ,"Albuquerque, NM",1625,1648,23,1,1600-1659,1715,1737,22,1700-1759,0,,110,109,619,3,1,0,0,0,21,
11,23,6,MQ,N696AE,4022,12217,HSV,"Huntsville, AL",13930,ORD,"Chicago, IL",0600,0559,0,0,0600-0659,0759,0755,0,0700-0759,0,,119,116,510,3,,,,,,
11,9,6,WN,N7710A,3155,10529,BDL,"Hartford, CT",10821,BWI,"Baltimore, MD",1610,1617,7,0,1600-1659,1730,1726,0,1700-1759,0,,80,69,283,2,,,,,,
11,29,5,DL,N911DA,2892,13244,MEM,"Memphis, TN",10397,ATL,"Atlanta, GA",0720,0718,0,0,0700-0759,0941,0929,0,0900-0959,0,,81,71,332,2,,,,,,
11,5,2,AA,N852NN,462,14107,PHX,"Phoenix, AZ",10397,ATL,"Atlanta, GA",1321,1314,0,0,1300-1359,1856,1843,0,1800-1859,0,,215,209,1587,7,,,,,,
11,6,3,AA,N388AA,2571,14100,PHL,"Philadelphia, PA",13303,MIA,"Miami, FL",1545,1552,7,0,1500-1559,1849,1843,0,1800-1859,0,,184,171,1013,5,,,,,,
11,8,5,DL,N3747D,720,14570,RNO,"Reno, NV",14869,SLC,"Salt Lake City, UT",1330,1325,0,0,1300-1359,1552,1541,0,1500-1559,0,,82,76,422,2,,,,,,
11,24,7,NK,N519NK,900,10397,ATL,"Atlanta, GA",15304,TPA,"Tampa, FL",0620,0617,0,0,0600-0659,0745,0738,0,0700-0759,0,,85,81,406,2,,,,,,
11,6,3,WN,N8520Q,931,12889,LAS,"Las Vegas, NV",14570,RNO,"Reno, NV",1315,1311,0,0,1300-1359,1440,1426,0,1400-1459,0,,85,75,345,2,,,,,,
11,19,2,DL,N893AT,2987,10721,BOS,"Boston, MA",14492,RDU,"Raleigh/Durham, NC",1430,1423,0,0,1400-1459,1639,1619,0,1600-1659,0,,129,116,612,3,,,,,,
11,14,4,OH,N531EG,5064,13851,OKC,"Oklahoma City, OK",11057,CLT,"Charlotte, NC",1721,1715,0,0,1700-1759,2059,2049,0,2000-2059,0,,158,154,940,4,,,,,,
11,25,1,UA,N893UA,255,10423,AUS,"Austin, TX",12264,IAD,"Washington, DC",1215,1202,0,0,1200-1259,1616,1546,0,1600-1659,0,,181,164,1297,6,,,,,,
11,12,2,DL,N904DN,2061,14100,PHL,"Philadelphia, PA",10397,ATL,"Atlanta, GA",0700,0657,0,0,0700-0759,0912,0909,0,0900-0959,0,,132,132,666,3,,,,,,
11,19,2,DL,N934AT,456,15249,TLH,"Tallahassee, FL",10397,ATL,"Atlanta, GA",0700,0653,0,0,0700-0759,0810,0806,0,0800-0859,0,,70,73,223,1,,,,,,
11,6,3,OH,N226JS,5318,11278,DCA,"Washington, DC",11986,GRR,"Grand Rapids, MI",1150,1141,0,0,1100-1159,1347,1359,12,1300-1359,0,,117,138,524,3,,,,,,
11,3,7,9E,N8946A,5120,12478,JFK,"New York, NY",10785,BTV,"Burlington, VT",1215,1208,0,0,1200-1259,1334,1318,0,1300-1359,0,,79,70,266,2,,,,,,
11,28,4,DL,N344NW,1576,12892,LAX,"Los Angeles, CA",11298,DFW,"Dallas/Fort Worth, TX",0700,0659,0,0,0700-0759,1204,1145,0,1200-1259,0,,184,166,1235,5,,,,,,
11,24,7,DL,N350DN,2299,12953,LGA,"New York, NY",10397,ATL,"Atlanta, GA",1559,1615,16,1,1500-1559,1835,1830,0,1800-1859,0,,156,135,762,4,,,,,,
11,21,4,G4,310NV,2102,14761,SFB,"Sanford, FL",10257,ALB,"Albany, NY",1654,1720,26,1,1600-1659,1924,1955,31,1900-1959,0,,150,155,1049,5,0,0,5,0,26,
11,20,3,WN,N452WN,945,13204,MCO,"Orlando, FL",14576,ROC,"Rochester, NY",0845,0841,0,0,0800-0859,1130,1119,0,1100-1159,0,,165,158,1033,5,,,,,,
11,23,6,WN,N8534Z,5732,12191,HOU,"Houston, TX",10397,ATL,"Atlanta, GA",2050,2048,0,0,2000-2059,2345,2322,0,2300-2359,0,,115,94,696,3,,,,,,
11,13,3,WN,N7727A,2011,11066,CMH,"Columbus, OH",10693,BNA,"Nashville, TN",0620,0618,0,0,0600-0659,0645,0638,0,0600-0659,0,,85,80,337,2,,,,,,
11,24,7,WN,N928WN,4731,14683,SAT,"San Antonio, TX",12889,LAS,"Las Vegas, NV",2020,2027,7,0,2000-2059,2115,2115,0,2100-2159,0,,175,168,1069,5,,,,,,
11,20,3,YX,N210JQ,5947,13495,MSY,"New Orleans, LA",12953,LGA,"New York, NY",0615,0609,0,0,0600-0659,1016,1005,0,1000-1059,0,,181,176,1183,5,,,,,,
11,22,5,WN,N729SW,1932,12889,LAS,"Las Vegas, NV",14771,SFO,"San Francisco, CA",1835,1918,43,1,1800-1859,2010,2032,22,2000-2059,0,,95,74,414,2,0,0,0,0,22,
11,11,1,WN,N777QC,4451,12191,HOU,"Houston, TX",12892,LAX,"Los Angeles, CA",2205,2248,43,1,2200-2259,2345,0012,27,2300-2359,0,,220,204,1390,6,27,0,0,0,0,
11,6,3,AA,N539UW,2647,11057,CLT,"Charlotte, NC",14492,RDU,"Raleigh/Durham, NC",0920,0914,0,0,0900-0959,1019,1002,0,1000-1059,0,,59,48,130,1,,,,,,
11,14,4,OO,N937EV,5743,10713,BOI,"Boise, ID",14771,SFO,"San Francisco, CA",1700,1658,0,0,1700-1759,1800,1756,0,1800-1859,0,,120,118,522,3,,,,,,
11,12,2,OH,N609NN,5522,11057,CLT,"Charlotte, NC",13871,OMA,"Omaha, NE",0926,1044,78,1,0900-0959,1127,1220,53,1100-1159,0,,181,156,913,4,0,0,0,0,53,
11,7,4,AA,N982AN,1784,13930,ORD,"Chicago, IL",11057,CLT,"Charlotte, NC",0525,0519,0,0,0001-0559,0825,0806,0,0800-0859,0,,120,107,599,3,,,,,,
11,19,2,WN,N7706A,979,14122,PIT,"Pittsburgh, PA",14635,RSW,"Fort Myers, FL",1520,1514,0,0,1500-1559,1800,1730,0,1800-1859,0,,160,136,966,4,,,,,,
11,21,4,OH,N260JS,5598,10874,CAK,"Akron, OH",12953,LGA,"New York, NY",0618,0613,0,0,0600-0659,0759,0735,0,0700-0759,0,,101,82,397,2,,,,,,
11,13,3,YX,N122HQ,4487,12266,IAH,"Houston, TX",14100,PHL,"Philadelphia, PA",0640,0642,2,0,0600-0659,1102,1116,14,1100-1159,0,,202,214,1325,6,,,,,,
11,1,5,MQ,N243NN,3882,15919,XNA,"Fayetteville, AR",11298,DFW,"Dallas/Fort Worth, TX",0854,0847,0,0,0800-0859,1018,1007,0,1000-1059,0,,84,80,280,2,,,,,,
11,3,7,OH,N552NN,5043,10994,CHS,"Charleston, SC",11057,CLT,"Charlotte, NC",1249,1236,0,0,1200-1259,1403,1342,0,1400-1459,0,,74,66,168,1,,,,,,
11,29,5,UA,N73291,249,12264,IAD,"Washington, DC",12266,IAH,"Houston, TX",1710,1718,8,0,1700-1759,1931,1923,0,1900-1959,0,,201,185,1190,5,,,,,,
11,8,5,AA,N896NN,2773,12478,JFK,"New York, NY",11278,DCA,"Washington, DC",0631,0623,0,0,0600-0659,0759,0742,0,0700-0759,0,,88,79,213,1,,,,,,
11,13,3,YV,N927LR,5948,12448,JAN,"Jackson/Vicksburg, MS",11298,DFW,"Dallas/Fort Worth, TX",1625,1612,0,0,1600-1659,1803,1803,0,1800-1859,0,,98,111,408,2,,,,,,
11,17,7,DL,N384DA,2384,12892,LAX,"Los Angeles, CA",14771,SFO,"San Francisco, CA",0830,0828,0,0,0800-0859,1007,0940,0,1000-1059,0,,97,72,337,2,,,,,,
11,29,5,AS,N926VA,6,12892,LAX,"Los Angeles, CA",11278,DCA,"Washington, DC",1255,1251,0,0,1200-1259,2049,2005,0,2000-2059,0,,294,254,2311,10,,,,,,
11,1,5,AA,N105UW,1806,15304,TPA,"Tampa, FL",14100,PHL,"Philadelphia, PA",0700,0652,0,0,0700-0759,0934,0916,0,0900-0959,0,,154,144,920,4,,,,,,
11,22,5,OO,N863AS,5698,11267,DAY,"Dayton, OH",13930,ORD,"Chicago, IL",1805,1759,0,0,1800-1859,1827,1827,0,1800-1859,0,,82,88,240,1,,,,,,
11,7,4,OH,N562NN,5250,11057,CLT,"Charlotte, NC",11996,GSP,"Greer, SC",1817,1910,53,1,1800-1859,1909,1958,49,1900-1959,0,,52,48,75,1,23,0,0,0,26,
11,21,4,DL,N363DN,1650,11433,DTW,"Detroit, MI",10397,ATL,"Atlanta, GA",1352,1402,10,0,1300-1359,1553,1553,0,1500-1559,0,,121,111,594,3,,,,,,
11,13,3,DL,N1612T,1115,10397,ATL,"Atlanta, GA",14747,SEA,"Seattle, WA",1915,1920,5,0,1900-1959,2150,2153,3,2100-2159,0,,335,333,2182,9,,,,,,
11,18,1,B6,N510JB,1567,12197,HPN,"White Plains, NY",14027,PBI,"West Palm Beach/Palm Beach, FL",1130,1122,0,0,1100-1159,1428,1417,0,1400-1459,0,,178,175,1056,5,,,,,,
11,13,3,UA,N815UA,1990,13930,ORD,"Chicago, IL",13230,MDT,"Harrisburg, PA",1400,1354,0,0,1400-1459,1648,1637,0,1600-1659,0,,108,103,594,3,,,,,,
11,2,6,F9,N213FR,2043,14100,PHL,"Philadelphia, PA",12451,JAX,"Jacksonville, FL",0540,0534,0,0,0001-0559,0809,0753,0,0800-0859,0,,149,139,742,3,,,,,,
11,21,4,WN,N946WN,1744,12892,LAX,"Los Angeles, CA",14831,SJC,"San Jose, CA",1105,1101,0,0,1100-1159,1220,1211,0,1200-1259,0,,75,70,308,2,,,,,,
11,22,5,OO,N873AS,4292,14869,SLC,"Salt Lake City, UT",12003,GTF,"Great Falls, MT",1000,0958,0,0,1000-1059,1149,1126,0,1100-1159,0,,109,88,463,2,,,,,,
11,26,2,G4,262NV,1803,12339,IND,"Indianapolis, IN",11697,FLL,"Fort Lauderdale, FL",0947,0944,0,0,0900-0959,1222,1231,9,1200-1259,0,,155,167,1005,5,,,,,,
11,4,1,G4,234NV,768,14112,PIE,"St. Petersburg, FL",10685,BMI,"Bloomington/Normal, IL",0620,0612,0,0,0600-0659,0747,0737,0,0700-0759,0,,147,145,936,4,,,,,,
11,8,5,DL,N172DN,454,12478,JFK,"New York, NY",12892,LAX,"Los Angeles, CA",2129,2128,0,0,2100-2159,0050,2400,0,0001-0559,0,,381,332,2475,10,,,,,,
11,10,7,WN,N787SA,3582,10397,ATL,"Atlanta, GA",11292,DEN,"Denver, CO",1835,1832,0,0,1800-1859,1955,1945,0,1900-1959,0,,200,193,1199,5,,,,,,
11,23,6,UA,N899UA,793,12264,IAD,"Washington, DC",10693,BNA,"Nashville, TN",0830,0827,0,0,0800-0859,0928,0930,2,0900-0959,0,,118,123,542,3,,,,,,
11,17,7,HA,N223HA,70,12173,HNL,"Honolulu, HI",12954,LGB,"Long Beach, CA",1255,1309,14,0,1200-1259,2020,2057,37,2000-2059,0,,325,348,2569,11,37,0,0,0,0,
11,24,7,UA,N434UA,1573,12266,IAH,"Houston, TX",12953,LGA,"New York, NY",0810,0802,0,0,0800-0859,1231,1223,0,1200-1259,0,,201,201,1416,6,,,,,,
11,8,5,WN,N8543Z,2214,13232,MDW,"Chicago, IL",10721,BOS,"Boston, MA",1645,1645,0,0,1600-1659,1955,1942,0,1900-1959,0,,130,117,861,4,,,,,,
11,25,1,AA,N401AN,675,12173,HNL,"Honolulu, HI",14107,PHX,"Phoenix, AZ",2235,2223,0,0,2200-2259,0732,0741,9,0700-0759,0,,357,378,2917,11,,,,,,
11,1,5,AA,N909AN,1944,12451,JAX,"Jacksonville, FL",11057,CLT,"Charlotte, NC",1204,1202,0,0,1200-1259,1335,1317,0,1300-1359,0,,91,75,328,2,,,,,,
11,12,2,YV,N93305,6326,11433,DTW,"Detroit, MI",12266,IAH,"Houston, TX",1643,1815,92,1,1600-1659,1900,1954,54,1900-1959,0,,197,159,1075,5,0,0,0,0,54,
11,27,3,B6,N623JB,43,14570,RNO,"Reno, NV",12954,LGB,"Long Beach, CA",1316,1343,27,1,1300-1359,1438,1507,29,1400-1459,0,,82,84,402,2,0,0,2,0,27,
11,30,6,DL,N947AT,842,13487,MSP,"Minneapolis, MN",10529,BDL,"Hartford, CT",0850,1207,197,1,0800-0859,1229,1542,193,1200-1259,0,,159,155,1050,5,0,13,0,0,180,
11,12,2,AA,N309PC,1624,14679,SAN,"San Diego, CA",11298,DFW,"Dallas/Fort Worth, TX",1810,1802,0,0,1800-1859,2308,2248,0,2300-2359,0,,178,166,1171,5,,,,,,
11,12,2,WN,N8646B,2465,10821,BWI,"Baltimore, MD",11292,DEN,"Denver, CO",0955,1008,13,0,0900-0959,1210,1157,0,1200-1259,0,,255,229,1491,6,,,,,,
11,20,3,9E,N176PQ,5236,10397,ATL,"Atlanta, GA",11973,GPT,"Gulfport/Biloxi, MS",1340,1337,0,0,1300-1359,1404,1352,0,1400-1459,0,,84,75,352,2,,,,,,
11,8,5,AA,N926UW,1862,11057,CLT,"Charlotte, NC",12953,LGA,"New York, NY",1303,1305,2,0,1300-1359,1500,1451,0,1500-1559,0,,117,106,544,3,,,,,,
11,10,7,AA,N918AN,2788,11109,COS,"Colorado Springs, CO",11298,DFW,"Dallas/Fort Worth, TX",0623,0614,0,0,0600-0659,0923,0852,0,0900-0959,0,,120,98,592,3,,,,,,
11,30,6,MQ,N664MS,4167,13930,ORD,"Chicago, IL",13290,MHK,"Manhattan/Ft. Riley, KS",1455,1550,55,1,1400-1459,1641,1740,59,1600-1659,0,,106,110,501,3,0,0,4,0,55,
11,15,5,OO,N726SK,3074,10140,ABQ,"Albuquerque, NM",14107,PHX,"Phoenix, AZ",1840,1831,0,0,1800-1859,2015,2000,0,2000-2059,0,,95,89,328,2,,,,,,
11,24,7,YV,N912FJ,5943,11298,DFW,"Dallas/Fort Worth, TX",13158,MAF,"Midland/Odessa, TX",1429,1424,0,0,1400-1459,1542,1535,0,1500-1559,0,,73,71,309,2,,,,,,
11,4,1,OO,N153SY,5274,10713,BOI,"Boise, ID",13930,ORD,"Chicago, IL",0830,0823,0,0,0800-0859,1315,1238,0,1300-1359,0,,225,195,1437,6,,,,,,
11,14,4,NK,N628NK,596,11697,FLL,"Fort Lauderdale, FL",13487,MSP,"Minneapolis, MN",2212,2206,0,0,2200-2259,0059,0049,0,0001-0559,0,,227,223,1487,6,,,,,,
11,8,5,WN,N427WN,995,11066,CMH,"Columbus, OH",10693,BNA,"Nashville, TN",1845,1850,5,0,1800-1859,1905,1902,0,1900-1959,0,,80,72,337,2,,,,,,
11,19,2,9E,N138EV,5086,10781,BTR,"Baton Rouge, LA",10397,ATL,"Atlanta, GA",0928,0928,0,0,0900-0959,1200,1153,0,1200-1259,0,,92,85,448,2,,,,,,
11,22,5,DL,N665DN,2264,13204,MCO,"Orlando, FL",10397,ATL,"Atlanta, GA",1625,1622,0,0,1600-1659,1759,1749,0,1700-1759,0,,94,87,404,2,,,,,,
11,23,6,DL,N107DU,1470,14747,SEA,"Seattle, WA",14771,SFO,"San Francisco, CA",1115,1112,0,0,1100-1159,1330,1310,0,1300-1359,0,,135,118,679,3,,,,,,
11,24,7,MQ,N925AE,3533,13485,MSN,"Madison, WI",13930,ORD,"Chicago, IL",2019,2018,0,0,2000-2059,2119,2110,0,2100-2159,0,,60,52,109,1,,,,,,
11,14,4,DL,N586NW,1668,11697,FLL,"Fort Lauderdale, FL",11433,DTW,"Detroit, MI",1115,1113,0,0,1100-1159,1417,1417,0,1400-1459,0,,182,184,1127,5,,,,,,
11,22,5,UA,N428UA,1905,11292,DEN,"Denver, CO",14057,PDX,"Portland, OR",1715,1724,9,0,1700-1759,1900,1849,0,1900-1959,0,,165,145,991,4,,,,,,
11,29,5,UA,N75861,1749,14771,SFO,"San Francisco, CA",13830,OGG,"Kahului, HI",1758,1750,0,0,1700-1759,2128,2129,1,2100-2159,0,,330,339,2338,10,,,,,,
11,11,1,YV,N925FJ,5785,14107,PHX,"Phoenix, AZ",14570,RNO,"Reno, NV",1442,1439,0,0,1400-1459,1537,1528,0,1500-1559,0,,115,109,601,3,,,,,,
11,13,3,NK,N611NK,1618,13495,MSY,"New Orleans, LA",13204,MCO,"Orlando, FL",1305,1255,0,0,1300-1359,1553,1536,0,1500-1559,0,,108,101,551,3,,,,,,
11,26,2,DL,N892DN,2329,10397,ATL,"Atlanta, GA",14747,SEA,"Seattle, WA",1413,1419,6,0,1400-1459,1650,1632,0,1600-1659,0,,337,313,2182,9,,,,,,
11,4,1,MQ,N668HH,3834,11066,CMH,"Columbus, OH",13303,MIA,"Miami, FL",1732,1725,0,0,1700-1759,2019,2004,0,2000-2059,0,,167,159,990,4,,,,,,
11,26,2,UA,N75854,2350,10721,BOS,"Boston, MA",11292,DEN,"Denver, CO",1840,1852,12,0,1800-1859,2124,2138,14,2100-2159,0,,284,286,1754,8,,,,,,
11,26,2,DL,N867DN,2625,10397,ATL,"Atlanta, GA",12339,IND,"Indianapolis, IN",1909,1905,0,0,1900-1959,2040,2028,0,2000-2059,0,,91,83,432,2,,,,,,
11,26,2,OO,N243SY,4020,14869,SLC,"Salt Lake City, UT",10800,BUR,"Burbank, CA",1506,1517,11,0,1500-1559,1612,1628,16,1600-1659,0,,126,131,574,3,11,0,5,0,0,
11,3,7,YV,N502MJ,6266,14986,SRQ,"Sarasota/Bradenton, FL",12264,IAD,"Washington, DC",0930,0928,0,0,0900-0959,1143,1127,0,1100-1159,0,,133,119,849,4,,,,,,
11,25,1,9E,N302PQ,5024,11298,DFW,"Dallas/Fort Worth, TX",11193,CVG,"Cincinnati, OH",0929,0923,0,0,0900-0959,1239,1230,0,1200-1259,0,,130,127,812,4,,,,,,
11,22,5,AA,N177US,623,11057,CLT,"Charlotte, NC",14107,PHX,"Phoenix, AZ",1129,1126,0,0,1100-1159,1408,1408,0,1400-1459,0,,279,282,1773,8,,,,,,
11,19,2,AA,N117UW,2479,15304,TPA,"Tampa, FL",11057,CLT,"Charlotte, NC",1530,1529,0,0,1500-1559,1717,1713,0,1700-1759,0,,107,104,507,3,,,,,,
11,18,1,DL,N302DN,1130,10397,ATL,"Atlanta, GA",13487,MSP,"Minneapolis, MN",2253,2252,0,0,2200-2259,0030,0024,0,0001-0559,0,,157,152,907,4,,,,,,
11,21,4,OO,N710SK,3097,10372,ASE,"Aspen, CO",11298,DFW,"Dallas/Fort Worth, TX",1046,,,,1000-1059,1354,,,1300-1359,1,B,128,,701,3,,,,,,
11,5,2,DL,N325DN,2233,10397,ATL,"Atlanta, GA",11278,DCA,"Washington, DC",1420,1417,0,0,1400-1459,1601,1551,0,1600-1659,0,,101,94,547,3,,,,,,
11,9,6,WN,N8504G,4120,10821,BWI,"Baltimore, MD",10257,ALB,"Albany, NY",1110,1108,0,0,1100-1159,1225,1212,0,1200-1259,0,,75,64,289,2,,,,,,
11,23,6,UA,N899UA,2256,10693,BNA,"Nashville, TN",12266,IAH,"Houston, TX",1110,1105,0,0,1100-1159,1327,1313,0,1300-1359,0,,137,128,657,3,,,,,,
11,13,3,AA,N109NN,292,12892,LAX,"Los Angeles, CA",12478,JFK,"New York, NY",0035,0028,0,0,0001-0559,0855,0855,0,0800-0859,0,,320,327,2475,10,,,,,,
11,25,1,F9,N939FR,2127,12889,LAS,"Las Vegas, NV",14679,SAN,"San Diego, CA",1702,1938,156,1,1700-1759,1813,2047,154,1800-1859,0,,71,69,258,2,51,0,0,0,103,
11,14,4,AA,N9010R,2686,11995,GSO,"Greensboro/High Point, NC",11298,DFW,"Dallas/Fort Worth, TX",0731,0725,0,0,0700-0759,0950,0944,0,0900-0959,0,,199,199,999,4,,,,,,
11,22,5,HA,N494HA,208,12173,HNL,"Honolulu, HI",12758,KOA,"Kona, HI",0932,0948,16,1,0900-0959,1020,1037,17,1000-1059,0,,48,49,163,1,1,0,0,0,16,
11,17,7,F9,N341FR,2519,12391,ISP,"Islip, NY",15304,TPA,"Tampa, FL",0655,0649,0,0,0600-0659,1004,0955,0,1000-1059,0,,189,186,1034,5,,,,,,
11,17,7,OO,N452SW,4321,10135,ABE,"Allentown/Bethlehem/Easton, PA",11433,DTW,"Detroit, MI",0555,0555,0,0,0001-0559,0750,0729,0,0700-0759,0,,115,94,425,2,,,,,,
11,11,1,WN,N745SW,1654,12889,LAS,"Las Vegas, NV",10800,BUR,"Burbank, CA",2045,2115,30,1,2000-2059,2145,2210,25,2100-2159,0,,60,55,223,1,6,0,0,0,19,
11,25,1,DL,N925DZ,1073,11433,DTW,"Detroit, MI",10397,ATL,"Atlanta, GA",0700,0656,0,0,0700-0759,0911,0844,0,0900-0959,0,,131,108,594,3,,,,,,
11,24,7,AA,N145AN,313,11298,DFW,"Dallas/Fort Worth, TX",14679,SAN,"San Diego, CA",0857,0851,0,0,0800-0859,1013,0956,0,1000-1059,0,,196,185,1171,5,,,,,,
11,19,2,B6,N784JB,329,12478,JFK,"New York, NY",14635,RSW,"Fort Myers, FL",0729,0723,0,0,0700-0759,1042,1019,0,1000-1059,0,,193,176,1074,5,,,,,,
11,21,4,WN,N948WN,3284,13796,OAK,"Oakland, CA",14057,PDX,"Portland, OR",1030,1028,0,0,1000-1059,1215,1211,0,1200-1259,0,,105,103,543,3,,,,,,
11,8,5,AA,N172AJ,969,12889,LAS,"Las Vegas, NV",12478,JFK,"New York, NY",1156,1242,46,1,1100-1159,1959,2044,45,1900-1959,0,,303,302,2248,9,22,0,0,0,23,
11,10,7,9E,N924XJ,5209,10693,BNA,"Nashville, TN",12953,LGA,"New York, NY",1859,1854,0,0,1800-1859,2219,2158,0,2200-2259,0,,140,124,764,4,,,,,,
11,6,3,WN,N7719A,1600,12264,IAD,"Washington, DC",11292,DEN,"Denver, CO",1035,1109,34,1,1000-1059,1245,1328,43,1200-1259,0,,250,259,1452,6,1,0,9,0,33,
11,21,4,WN,N443WN,652,11697,FLL,"Fort Lauderdale, FL",13342,MKE,"Milwaukee, WI",1700,1718,18,1,1700-1759,1915,1934,19,1900-1959,0,,195,196,1243,5,18,0,1,0,0,
11,20,3,YV,N85352,6273,12266,IAH,"Houston, TX",13244,MEM,"Memphis, TN",1435,1425,0,0,1400-1459,1614,1547,0,1600-1659,0,,99,82,468,2,,,,,,
11,24,7,B6,N954JB,199,12953,LGA,"New York, NY",13204,MCO,"Orlando, FL",0947,0935,0,0,0900-0959,1250,1227,0,1200-1259,0,,183,172,950,4,,,,,,
11,1,5,DL,N322DN,1255,13487,MSP,"Minneapolis, MN",14107,PHX,"Phoenix, AZ",1132,1128,0,0,1100-1159,1254,1247,0,1200-1259,0,,202,199,1276,6,,,,,,
11,13,3,OO,N768SK,3002,13930,ORD,"Chicago, IL",11042,CLE,"Cleveland, OH",0738,0735,0,0,0700-0759,1004,0944,0,1000-1059,0,,86,69,315,2,,,,,,
11,2,6,DL,N351NW,1368,11278,DCA,"Washington, DC",13487,MSP,"Minneapolis, MN",0620,0616,0,0,0600-0659,0756,0752,0,0700-0759,0,,156,156,931,4,,,,,,
11,25,1,AS,N536AS,882,13830,OGG,"Kahului, HI",12892,LAX,"Los Angeles, CA",1655,1639,0,0,1600-1659,0006,0012,6,0001-0559,0,,311,333,2486,10,,,,,,
11,10,7,B6,N947JB,687,10721,BOS,"Boston, MA",12892,LAX,"Los Angeles, CA",1540,1535,0,0,1500-1559,1910,1855,0,1900-1959,0,,390,380,2611,11,,,,,,
11,30,6,F9,N701FR,110,14100,PHL,"Philadelphia, PA",14843,SJU,"San Juan, PR",0600,0556,0,0,0600-0659,1121,1047,0,1100-1159,0,,261,231,1576,7,,,,,,
11,27,3,DL,N921AT,1654,10397,ATL,"Atlanta, GA",13577,MYR,"Myrtle Beach, SC",1712,1705,0,0,1700-1759,1818,1809,0,1800-1859,0,,66,64,317,2,,,,,,
11,8,5,UA,N897UA,639,13930,ORD,"Chicago, IL",12953,LGA,"New York, NY",1600,1552,0,0,1600-1659,1914,1919,5,1900-1959,0,,134,147,733,3,,,,,,
11,11,1,DL,N546US,1827,11697,FLL,"Fort Lauderdale, FL",10397,ATL,"Atlanta, GA",1410,1406,0,0,1400-1459,1601,1547,0,1600-1659,0,,111,101,581,3,,,,,,
11,14,4,DL,N906DN,1817,14771,SFO,"San Francisco, CA",13487,MSP,"Minneapolis, MN",1600,1552,0,0,1600-1659,2135,2115,0,2100-2159,0,,215,203,1589,7,,,,,,
11,30,6,DL,N962DN,1987,10397,ATL,"Atlanta, GA",13303,MIA,"Miami, FL",0835,0832,0,0,0800-0859,1032,1011,0,1000-1059,0,,117,99,594,3,,,,,,
11,13,3,AA,N934NN,1567,10397,ATL,"Atlanta, GA",11298,DFW,"Dallas/Fort Worth, TX",0752,0758,6,0,0700-0759,0928,0924,0,0900-0959,0,,156,146,731,3,,,,,,
11,27,3,AA,N196UW,371,11298,DFW,"Dallas/Fort Worth, TX",10693,BNA,"Nashville, TN",1434,1428,0,0,1400-1459,1618,1606,0,1600-1659,0,,104,98,631,3,,,,,,
11,3,7,OO,N468CA,3529,13422,MOB,"Mobile, AL",10397,ATL,"Atlanta, GA",1145,1206,21,1,1100-1159,1410,1425,15,1400-1459,0,,85,79,302,2,0,0,0,0,15,
11,10,7,YV,N916FJ,5840,12217,HSV,"Huntsville, AL",11298,DFW,"Dallas/Fort Worth, TX",1910,1905,0,0,1900-1959,2120,2106,0,2100-2159,0,,130,121,603,3,,,,,,
11,8,5,AS,N448AS,549,12892,LAX,"Los Angeles, CA",14747,SEA,"Seattle, WA",0850,0939,49,1,0800-0859,1149,1224,35,1100-1159,0,,179,165,954,4,0,0,35,0,0,
11,17,7,UA,N455UA,658,14683,SAT,"San Antonio, TX",11292,DEN,"Denver, CO",1950,1941,0,0,1900-1959,2109,2100,0,2100-2159,0,,139,139,794,4,,,,,,
11,21,4,UA,N839UA,229,14679,SAN,"San Diego, CA",14771,SFO,"San Francisco, CA",1309,1302,0,0,1300-1359,1445,1428,0,1400-1459,0,,96,86,447,2,,,,,,
11,23,6,OO,N404SY,3392,14771,SFO,"San Francisco, CA",14262,PSP,"Palm Springs, CA",1810,1801,0,0,1800-1859,1940,1931,0,1900-1959,0,,90,90,421,2,,,,,,
11,30,6,WN,N709SW,3194,11292,DEN,"Denver, CO",11540,ELP,"El Paso, TX",1130,1127,0,0,1100-1159,1320,1311,0,1300-1359,0,,110,104,563,3,,,,,,
11,30,6,DL,N311DN,1499,13244,MEM,"Memphis, TN",10397,ATL,"Atlanta, GA",0619,0619,0,0,0600-0659,0836,0846,10,0800-0859,0,,77,87,332,2,,,,,,
11,27,3,UA,N66803,1446,11292,DEN,"Denver, CO",14747,SEA,"Seattle, WA",2210,2204,0,0,2200-2259,0011,2342,0,0001-0559,0,,181,158,1024,5,,,,,,
11,7,4,MQ,N678AE,4144,11637,FAR,"Fargo, ND",13930,ORD,"Chicago, IL",1545,1556,11,0,1500-1559,1744,1738,0,1700-1759,0,,119,102,557,3,,,,,,
11,21,4,OO,N701BR,5545,13851,OKC,"Oklahoma City, OK",11292,DEN,"Denver, CO",1400,1359,0,0,1400-1459,1458,1447,0,1400-1459,0,,118,108,495,2,,,,,,
11,20,3,YX,N821MD,5988,10721,BOS,"Boston, MA",14100,PHL,"Philadelphia, PA",0616,0606,0,0,0600-0659,0802,0741,0,0800-0859,0,,106,95,280,2,,,,,,
11,14,4,OH,N708PS,5077,11278,DCA,"Washington, DC",11193,CVG,"Cincinnati, OH",1500,1520,20,1,1500-1559,1640,1657,17,1600-1659,0,,100,97,411,2,0,0,0,0,17,
11,15,5,WN,N784SW,2279,14679,SAN,"San Diego, CA",14107,PHX,"Phoenix, AZ",1830,1832,2,0,1800-1859,2040,2039,0,2000-2059,0,,70,67,304,2,,,,,,
11,2,6,B6,N661JB,525,12478,JFK,"New York, NY",15304,TPA,"Tampa, FL",0727,0724,0,0,0700-0759,1027,1014,0,1000-1059,0,,180,170,1005,5,,,,,,
11,17,7,OO,N625CA,3803,11433,DTW,"Detroit, MI",11066,CMH,"Columbus, OH",2236,2231,0,0,2200-2259,2336,2325,0,2300-2359,0,,60,54,155,1,,,,,,
11,23,6,9E,N605LR,3463,15096,SYR,"Syracuse, NY",12478,JFK,"New York, NY",1908,1854,0,0,1900-1959,2049,1958,0,2000-2059,0,,101,64,209,1,,,,,,
11,16,6,OO,N135SY,5247,10713,BOI,"Boise, ID",12892,LAX,"Los Angeles, CA",0746,0739,0,0,0700-0759,0913,0842,0,0900-0959,0,,147,123,674,3,,,,,,
11,5,2,UA,N801UA,2193,13930,ORD,"Chicago, IL",11618,EWR,"Newark, NJ",0900,0855,0,0,0900-0959,1206,1147,0,1200-1259,0,,126,112,719,3,,,,,,
11,5,2,AA,N978UY,1880,14771,SFO,"San Francisco, CA",14107,PHX,"Phoenix, AZ",1231,1227,0,0,1200-1259,1535,1526,0,1500-1559,0,,124,119,651,3,,,,,,
11,19,2,UA,N26210,1825,13930,ORD,"Chicago, IL",14771,SFO,"San Francisco, CA",0935,0928,0,0,0900-0959,1222,1217,0,1200-1259,0,,287,289,1846,8,,,,,,
11,24,7,AA,N748UW,1152,11057,CLT,"Charlotte, NC",12266,IAH,"Houston, TX",1745,1738,0,0,1700-1759,1935,1913,0,1900-1959,0,,170,155,912,4,,,,,,
11,20,3,WN,N7844A,3884,10423,AUS,"Austin, TX",11259,DAL,"Dallas, TX",1100,1100,0,0,1100-1159,1205,1155,0,1200-1259,0,,65,55,189,1,,,,,,
11,20,3,OH,N589NN,5277,11057,CLT,"Charlotte, NC",14730,SDF,"Louisville, KY",1610,1602,0,0,1600-1659,1739,1725,0,1700-1759,0,,89,83,335,2,,,,,,
11,11,1,DL,N925DZ,813,10397,ATL,"Atlanta, GA",14100,PHL,"Philadelphia, PA",2233,2236,3,0,2200-2259,0030,0021,0,0001-0559,0,,117,105,666,3,,,,,,
11,16,6,OO,N110SY,5423,13495,MSY,"New Orleans, LA",12266,IAH,"Houston, TX",1415,1408,0,0,1400-1459,1538,1521,0,1500-1559,0,,83,73,305,2,,,,,,
11,11,1,OH,N228PS,5514,11278,DCA,"Washington, DC",10581,BGR,"Bangor, ME",1442,1435,0,0,1400-1459,1626,1622,0,1600-1659,0,,104,107,590,3,,,,,,
11,18,1,AA,N880NN,2680,13930,ORD,"Chicago, IL",14679,SAN,"San Diego, CA",1005,1001,0,0,1000-1059,1235,1240,5,1200-1259,0,,270,279,1723,7,,,,,,
11,29,5,OO,N809SK,3656,13487,MSP,"Minneapolis, MN",11337,DLH,"Duluth, MN",1950,1949,0,0,1900-1959,2055,2031,0,2000-2059,0,,65,42,144,1,,,,,,
11,30,6,UA,N76010,1835,12266,IAH,"Houston, TX",11618,EWR,"Newark, NJ",1600,1552,0,0,1600-1659,2021,2004,0,2000-2059,0,,201,192,1400,6,,,,,,
11,21,4,9E,N8836A,5242,10397,ATL,"Atlanta, GA",10990,CHO,"Charlottesville, VA",0919,0915,0,0,0900-0959,1055,1033,0,1000-1059,0,,96,78,457,2,,,,,,
11,14,4,G4,230NV,2508,11193,CVG,"Cincinnati, OH",14685,SAV,"Savannah, GA",1938,1947,9,0,1900-1959,2111,2116,5,2100-2159,0,,93,89,515,3,,,,,,
11,8,5,B6,N804JB,1374,10994,CHS,"Charleston, SC",12478,JFK,"New York, NY",1712,1734,22,1,1700-1759,1908,1922,14,1900-1959,0,,116,108,636,3,,,,,,
11,14,4,OO,N273SY,4626,12478,JFK,"New York, NY",10792,BUF,"Buffalo, NY",1330,1316,0,0,1300-1359,1500,1452,0,1500-1559,0,,90,96,301,2,,,,,,
11,2,6,WN,N7820L,3245,13232,MDW,"Chicago, IL",12191,HOU,"Houston, TX",0650,0649,0,0,0600-0659,0925,0927,2,0900-0959,0,,155,158,937,4,,,,,,
11,11,1,UA,N68801,2004,14057,PDX,"Portland, OR",13930,ORD,"Chicago, IL",0700,1520,500,1,0700-0759,1251,2102,491,1200-1259,0,,231,222,1739,7,0,0,491,0,0,
11,10,7,AS,N474AS,9,13204,MCO,"Orlando, FL",14747,SEA,"Seattle, WA",0715,0719,4,0,0700-0759,1047,1041,0,1000-1059,0,,392,382,2554,11,,,,,,
11,2,6,DL,N342NB,1089,10423,AUS,"Austin, TX",13487,MSP,"Minneapolis, MN",1405,1359,0,0,1400-1459,1639,1636,0,1600-1659,0,,154,157,1042,5,,,,,,
11,12,2,OO,N973SW,5027,14025,PBG,"Plattsburgh, NY",12264,IAD,"Washington, DC",0930,,,,0900-0959,1124,,,1100-1159,1,B,114,,444,2,,,,,,
11,20,3,WN,N8532S,2409,10397,ATL,"Atlanta, GA",11292,DEN,"Denver, CO",1330,1325,0,0,1300-1359,1455,1429,0,1400-1459,0,,205,184,1199,5,,,,,,
11,7,4,B6,N294JB,1251,12197,HPN,"White Plains, NY",14635,RSW,"Fort Myers, FL",0651,0643,0,0,0600-0659,1004,0940,0,1000-1059,0,,193,177,1102,5,,,,,,
11,13,3,AA,N927NN,1015,11278,DCA,"Washington, DC",13930,ORD,"Chicago, IL",1929,1923,0,0,1900-1959,2047,2058,11,2000-2059,0,,138,155,612,3,,,,,,
11,9,6,UA,N37252,1836,15376,TUS,"Tucson, AZ",11292,DEN,"Denver, CO",1245,1425,100,1,1200-1259,1443,1610,87,1400-1459,0,,118,105,639,3,10,0,0,0,77,
11,3,7,UA,N15712,673,11298,DFW,"Dallas/Fort Worth, TX",12266,IAH,"Houston, TX",1740,1736,0,0,1700-1759,1854,1849,0,1800-1859,0,,74,73,224,1,,,,,,
11,29,5,AA,N752US,1345,14107,PHX,"Phoenix, AZ",13930,ORD,"Chicago, IL",1030,1102,32,1,1000-1059,1501,1457,0,1500-1559,0,,211,175,1440,6,,,,,,
11,10,7,WN,N447WN,5833,15016,STL,"St. Louis, MO",10397,ATL,"Atlanta, GA",1740,1736,0,0,1700-1759,2010,2003,0,2000-2059,0,,90,87,484,2,,,,,,
11,10,7,WN,N256WN,6400,13232,MDW,"Chicago, IL",11042,CLE,"Cleveland, OH",1555,1551,0,0,1500-1559,1810,1755,0,1800-1859,0,,75,64,307,2,,,,,,
11,10,7,OO,N751SK,3197,11267,DAY,"Dayton, OH",13930,ORD,"Chicago, IL",0602,0557,0,0,0600-0659,0624,0600,0,0600-0659,0,,82,63,240,1,,,,,,
11,2,6,DL,N977AT,958,10397,ATL,"Atlanta, GA",13360,MLB,"Melbourne, FL",1946,1942,0,0,1900-1959,2114,2101,0,2100-2159,0,,88,79,442,2,,,,,,
11,29,5,WN,N797MX,6741,10693,BNA,"Nashville, TN",13198,MCI,"Kansas City, MO",0815,0810,0,0,0800-0859,1000,0941,0,1000-1059,0,,105,91,491,2,,,,,,
11,2,6,WN,N7860A,35,13204,MCO,"Orlando, FL",12191,HOU,"Houston, TX",1545,1540,0,0,1500-1559,1720,1704,0,1700-1759,0,,155,144,849,4,,,,,,
11,25,1,NK,N507NK,891,13487,MSP,"Minneapolis, MN",13495,MSY,"New Orleans, LA",1355,1344,0,0,1300-1359,1636,1608,0,1600-1659,0,,161,144,1039,5,,,,,,
11,30,6,WN,N947WN,3476,10599,BHM,"Birmingham, AL",11259,DAL,"Dallas, TX",1845,1947,62,1,1800-1859,2040,2141,61,2000-2059,0,,115,114,587,3,3,0,0,0,58,
11,24,7,MQ,N681AE,3407,13303,MIA,"Miami, FL",11996,GSP,"Greer, SC",1730,1722,0,0,1700-1759,1931,1929,0,1900-1959,0,,121,127,637,3,,,,,,
11,27,3,WN,N735SA,1768,11292,DEN,"Denver, CO",14679,SAN,"San Diego, CA",1710,1735,25,1,1700-1759,1840,1914,34,1800-1859,0,,150,159,853,4,8,0,9,0,17,
11,4,1,OH,N510AE,5428,11278,DCA,"Washington, DC",10529,BDL,"Hartford, CT",2255,2246,0,0,2200-2259,0013,2352,0,0001-0559,0,,78,66,313,2,,,,,,
11,29,5,WN,N7824A,2337,11292,DEN,"Denver, CO",11259,DAL,"Dallas, TX",0950,0950,0,0,0900-0959,1245,1257,12,1200-1259,0,,115,127,651,3,,,,,,
11,4,1,AS,N633VA,1630,14747,SEA,"Seattle, WA",12889,LAS,"Las Vegas, NV",1150,1151,1,0,1100-1159,1420,1454,34,1400-1459,0,,150,183,867,4,0,0,34,0,0,
11,28,4,F9,N337FR,706,11292,DEN,"Denver, CO",12206,HRL,"Harlingen/San Benito, TX",1003,0954,0,0,1000-1059,1345,1350,5,1300-1359,0,,162,176,1023,5,,,,,,
11,18,1,WN,N905WN,2426,11066,CMH,"Columbus, OH",11278,DCA,"Washington, DC",0700,0655,0,0,0700-0759,0825,0807,0,0800-0859,0,,85,72,323,2,,,,,,
11,19,2,DL,N821DN,523,10397,ATL,"Atlanta, GA",11986,GRR,"Grand Rapids, MI",1859,1851,0,0,1800-1859,2052,2058,6,2000-2059,0,,113,127,640,3,,,,,,
11,16,6,UA,N37420,2200,12266,IAH,"Houston, TX",13930,ORD,"Chicago, IL",1540,1537,0,0,1500-1559,1822,1810,0,1800-1859,0,,162,153,925,4,,,,,,
11,13,3,AA,N881NN,806,10423,AUS,"Austin, TX",11057,CLT,"Charlotte, NC",1406,1359,0,0,1400-1459,1748,1720,0,1700-1759,0,,162,141,1032,5,,,,,,
11,28,4,WN,N901WN,5034,14831,SJC,"San Jose, CA",14679,SAN,"San Diego, CA",1725,1721,0,0,1700-1759,1845,1836,0,1800-1859,0,,80,75,417,2,,,,,,
11,7,4,WN,N258WN,1264,13244,MEM,"Memphis, TN",15304,TPA,"Tampa, FL",1300,1300,0,0,1300-1359,1545,1535,0,1500-1559,0,,105,95,655,3,,,,,,
11,27,3,OO,N765SK,3282,11298,DFW,"Dallas/Fort Worth, TX",10781,BTR,"Baton Rouge, LA",2031,2029,0,0,2000-2059,2201,2146,0,2200-2259,0,,90,77,383,2,,,,,,
11,19,2,NK,N616NK,562,12889,LAS,"Las Vegas, NV",13796,OAK,"Oakland, CA",0835,0829,0,0,0800-0859,1006,0950,0,1000-1059,0,,91,81,407,2,,,,,,
11,9,6,B6,N329JB,2601,10792,BUF,"Buffalo, NY",12478,JFK,"New York, NY",1734,1721,0,0,1700-1759,1900,1846,0,1900-1959,0,,86,85,301,2,,,,,,
11,20,3,YX,N874RW,5889,12953,LGA,"New York, NY",11278,DCA,"Washington, DC",0600,0557,0,0,0600-0659,0714,0711,0,0700-0759,0,,74,74,214,1,,,,,,
11,30,6,OO,N904EV,5228,13891,ONT,"Ontario, CA",14771,SFO,"San Francisco, CA",1210,,,,1200-1259,1342,,,1300-1359,1,B,92,,363,2,,,,,,
11,4,1,OH,N547NN,5313,14100,PHL,"Philadelphia, PA",11146,CRW,"Charleston/Dunbar, WV",1016,1010,0,0,1000-1059,1143,1138,0,1100-1159,0,,87,88,356,2,,,,,,
11,25,1,MQ,N679AE,4190,13930,ORD,"Chicago, IL",15412,TYS,"Knoxville, TN",1535,1527,0,0,1500-1559,1811,1814,3,1800-1859,0,,96,107,475,2,,,,,,
11,8,5,MQ,N606AE,3483,13303,MIA,"Miami, FL",12339,IND,"Indianapolis, IN",0835,0827,0,0,0800-0859,1133,1126,0,1100-1159,0,,178,179,1020,5,,,,,,
11,15,5,F9,N353FR,187,12278,ICT,"Wichita, KS",11292,DEN,"Denver, CO",2053,2117,24,1,2000-2059,2130,2204,34,2100-2159,0,,97,107,420,2,0,0,10,0,24,
11,19,2,AA,N958UW,1620,14122,PIT,"Pittsburgh, PA",11278,DCA,"Washington, DC",0542,0531,0,0,0001-0559,0659,0629,0,0600-0659,0,,77,58,204,1,,,,,,
11,22,5,OO,N925SW,5507,11292,DEN,"Denver, CO",12896,LBB,"Lubbock, TX",1051,1055,4,0,1000-1059,1320,1405,45,1300-1359,0,,89,130,456,2,0,0,41,0,4,
11,13,3,AA,N110AN,341,12478,JFK,"New York, NY",12892,LAX,"Los Angeles, CA",1430,1424,0,0,1400-1459,1748,1740,0,1700-1759,0,,378,376,2475,10,,,,,,
11,13,3,NK,N637NK,1403,10397,ATL,"Atlanta, GA",11697,FLL,"Fort Lauderdale, FL",1959,2034,35,1,1900-1959,2151,2216,25,2100-2159,0,,112,102,581,3,25,0,0,0,0,
11,1,5,OO,N710SK,3198,13930,ORD,"Chicago, IL",11423,DSM,"Des Moines, IA",1856,1909,13,0,1800-1859,2029,2029,0,2000-2059,0,,93,80,299,2,,,,,,
11,1,5,WN,N940WN,946,11193,CVG,"Cincinnati, OH",10821,BWI,"Baltimore, MD",1040,1051,11,0,1000-1059,1210,1201,0,1200-1259,0,,90,70,430,2,,,,,,
11,8,5,MQ,N908AE,3565,11995,GSO,"Greensboro/High Point, NC",13303,MIA,"Miami, FL",0732,0722,0,0,0700-0759,0954,0934,0,0900-0959,0,,142,132,710,3,,,,,,
11,4,1,AA,N840NN,1989,11278,DCA,"Washington, DC",13303,MIA,"Miami, FL",1532,1531,0,0,1500-1559,1826,1834,8,1800-1859,0,,174,183,919,4,,,,,,
11,26,2,AA,N948UW,1794,14100,PHL,"Philadelphia, PA",10423,AUS,"Austin, TX",1115,1106,0,0,1100-1159,1432,1403,0,1400-1459,0,,257,237,1430,6,,,,,,
11,23,6,AA,N108UW,373,11057,CLT,"Charlotte, NC",12323,ILM,"Wilmington, NC",1938,1949,11,0,1900-1959,2037,2109,32,2000-2059,0,,59,80,185,1,0,0,21,0,11,
11,17,7,AA,N551UW,598,12953,LGA,"New York, NY",11057,CLT,"Charlotte, NC",1300,1253,0,0,1300-1359,1520,1447,0,1500-1559,0,,140,114,544,3,,,,,,
11,4,1,AA,N989NN,2502,10693,BNA,"Nashville, TN",11298,DFW,"Dallas/Fort Worth, TX",1320,1314,0,0,1300-1359,1534,1518,0,1500-1559,0,,134,124,631,3,,,,,,
11,27,3,OH,N247JS,5401,12197,HPN,"White Plains, NY",11278,DCA,"Washington, DC",1720,1712,0,0,1700-1759,1844,1830,0,1800-1859,0,,84,78,234,1,,,,,,
11,16,6,DL,N995AT,2486,12953,LGA,"New York, NY",13930,ORD,"Chicago, IL",1010,1007,0,0,1000-1059,1157,1156,0,1100-1159,0,,167,169,733,3,,,,,,
11,2,6,OO,N762SK,3290,15380,TVC,"Traverse City, MI",13930,ORD,"Chicago, IL",1910,1852,0,0,1900-1959,1930,1904,0,1900-1959,0,,80,72,224,1,,,,,,
11,24,7,YX,N815MD,5954,11066,CMH,"Columbus, OH",12953,LGA,"New York, NY",1624,1619,0,0,1600-1659,1810,1801,0,1800-1859,0,,106,102,479,2,,,,,,
11,8,5,WN,N8317M,1312,14893,SMF,"Sacramento, CA",13204,MCO,"Orlando, FL",0605,0605,0,0,0600-0659,1400,1408,8,1400-1459,0,,295,303,2408,10,,,,,,
11,21,4,EV,N15910,4197,12266,IAH,"Houston, TX",13061,LRD,"Laredo, TX",1010,1002,0,0,1000-1059,1135,1121,0,1100-1159,0,,85,79,301,2,,,,,,
11,9,6,OH,N517AE,5132,11278,DCA,"Washington, DC",14685,SAV,"Savannah, GA",1155,1146,0,0,1100-1159,1353,1319,0,1300-1359,0,,118,93,519,3,,,,,,
11,8,5,HA,N484HA,574,12982,LIH,"Lihue, HI",12173,HNL,"Honolulu, HI",2156,2158,2,0,2100-2159,2231,2232,1,2200-2259,0,,35,34,102,1,,,,,,
11,19,2,YX,N432YX,4628,10693,BNA,"Nashville, TN",11278,DCA,"Washington, DC",1315,1308,0,0,1300-1359,1559,1540,0,1500-1559,0,,104,92,562,3,,,,,,
11,29,5,B6,N975JT,722,14027,PBI,"West Palm Beach/Palm Beach, FL",10721,BOS,"Boston, MA",1020,1004,0,0,1000-1059,1317,1317,0,1300-1359,0,,177,193,1197,5,,,,,,
11,25,1,OO,N726SK,3049,14107,PHX,"Phoenix, AZ",14262,PSP,"Palm Springs, CA",1430,1424,0,0,1400-1459,1439,1646,,1400-1459,0,,69,,261,2,,,,,,
11,19,2,DL,N348NW,2844,10397,ATL,"Atlanta, GA",11278,DCA,"Washington, DC",2033,2030,0,0,2000-2059,2214,2205,0,2200-2259,0,,101,95,547,3,,,,,,
11,7,4,YV,N935LR,5833,14107,PHX,"Phoenix, AZ",13158,MAF,"Midland/Odessa, TX",2010,2010,0,0,2000-2059,2247,2247,0,2200-2259,0,,97,97,581,3,,,,,,
11,19,2,NK,N660NK,615,10721,BOS,"Boston, MA",11697,FLL,"Fort Lauderdale, FL",2004,2022,18,1,2000-2059,2325,2329,4,2300-2359,0,,201,187,1237,5,,,,,,
11,25,1,DL,N923DN,2029,11481,ECP,"Panama City, FL",10397,ATL,"Atlanta, GA",1000,0953,0,0,1000-1059,1208,1152,0,1200-1259,0,,68,59,240,1,,,,,,
11,10,7,F9,N310FR,1895,10423,AUS,"Austin, TX",14747,SEA,"Seattle, WA",1841,1831,0,0,1800-1859,2123,2117,0,2100-2159,0,,282,286,1770,8,,,,,,
11,21,4,AA,N925AN,1104,11298,DFW,"Dallas/Fort Worth, TX",14908,SNA,"Santa Ana, CA",0655,0651,0,0,0600-0659,0815,0814,0,0800-0859,0,,200,203,1205,5,,,,,,
11,23,6,AA,N540UW,1489,11618,EWR,"Newark, NJ",11057,CLT,"Charlotte, NC",1430,1435,5,0,1400-1459,1638,1636,0,1600-1659,0,,128,121,529,3,,,,,,
11,29,5,AA,N925NN,2231,15016,STL,"St. Louis, MO",11057,CLT,"Charlotte, NC",1837,1830,0,0,1800-1859,2130,2119,0,2100-2159,0,,113,109,575,3,,,,,,
11,8,5,YV,N920FJ,5913,10140,ABQ,"Albuquerque, NM",11298,DFW,"Dallas/Fort Worth, TX",0505,0518,13,0,0001-0559,0752,0802,10,0700-0759,0,,107,104,569,3,,,,,,
11,3,7,OO,N863AS,5399,14696,SBN,"South Bend, IN",13930,ORD,"Chicago, IL",0800,0757,0,0,0800-0859,0810,0751,0,0800-0859,0,,70,54,84,1,,,,,,
11,20,3,9E,N601LR,5396,13487,MSP,"Minneapolis, MN",14524,RIC,"Richmond, VA",1245,1243,0,0,1200-1259,1630,1552,0,1600-1659,0,,165,129,970,4,,,,,,
11,20,3,YV,N506MJ,6373,14492,RDU,"Raleigh/Durham, NC",12264,IAD,"Washington, DC",1500,1452,0,0,1500-1559,1606,1555,0,1600-1659,0,,66,63,224,1,,,,,,
11,7,4,B6,N976JT,416,14771,SFO,"San Francisco, CA",12478,JFK,"New York, NY",1138,1126,0,0,1100-1159,2015,2002,0,2000-2059,0,,337,336,2586,11,,,,,,
11,20,3,NK,N616NK,1650,15304,TPA,"Tampa, FL",10693,BNA,"Nashville, TN",1050,1045,0,0,1000-1059,1148,1140,0,1100-1159,0,,118,115,612,3,,,,,,
11,12,2,AA,N702UW,494,11057,CLT,"Charlotte, NC",14492,RDU,"Raleigh/Durham, NC",2259,2251,0,0,2200-2259,2359,2338,0,2300-2359,0,,60,47,130,1,,,,,,
11,12,2,9E,N132EV,3281,12451,JAX,"Jacksonville, FL",14492,RDU,"Raleigh/Durham, NC",0600,0558,0,0,0600-0659,0721,0729,8,0700-0759,0,,81,91,407,2,,,,,,
11,25,1,DL,N918DE,1983,10397,ATL,"Atlanta, GA",14685,SAV,"Savannah, GA",1509,1502,0,0,1500-1559,1614,1556,0,1600-1659,0,,65,54,214,1,,,,,,
11,27,3,DL,N989AT,2662,12478,JFK,"New York, NY",11057,CLT,"Charlotte, NC",1945,1943,0,0,1900-1959,2217,2140,0,2200-2259,0,,152,117,541,3,,,,,,
11,8,5,UA,N69838,848,13930,ORD,"Chicago, IL",13204,MCO,"Orlando, FL",1143,1138,0,0,1100-1159,1525,1508,0,1500-1559,0,,162,150,1005,5,,,,,,
11,15,5,WN,N738CB,933,14570,RNO,"Reno, NV",14107,PHX,"Phoenix, AZ",0630,0630,0,0,0600-0659,0915,0908,0,0900-0959,0,,105,98,601,3,,,,,,
11,22,5,OO,N868AS,5997,14262,PSP,"Palm Springs, CA",14771,SFO,"San Francisco, CA",0745,0740,0,0,0700-0759,0929,0941,12,0900-0959,0,,104,121,421,2,,,,,,
11,28,4,F9,N238FR,639,14193,PNS,"Pensacola, FL",11292,DEN,"Denver, CO",1456,1448,0,0,1400-1459,1712,1638,0,1700-1759,0,,196,170,1179,5,,,,,,
11,12,2,AA,N814AW,1627,10397,ATL,"Atlanta, GA",13930,ORD,"Chicago, IL",1654,1829,95,1,1600-1659,1812,1934,82,1800-1859,0,,138,125,606,3,6,0,0,0,76,
11,22,5,WN,N291WN,764,14492,RDU,"Raleigh/Durham, NC",11292,DEN,"Denver, CO",0920,0914,0,0,0900-0959,1120,1057,0,1100-1159,0,,240,223,1436,6,,,,,,
11,19,2,NK,N918NK,1961,10693,BNA,"Nashville, TN",11697,FLL,"Fort Lauderdale, FL",1410,1408,0,0,1400-1459,1738,1720,0,1700-1759,0,,148,132,793,4,,,,,,
11,8,5,OO,N918SW,5317,12892,LAX,"Los Angeles, CA",11109,COS,"Colorado Springs, CO",1937,1929,0,0,1900-1959,2304,2248,0,2300-2359,0,,147,139,833,4,,,,,,
11,27,3,AA,N946AN,1864,14100,PHL,"Philadelphia, PA",11697,FLL,"Fort Lauderdale, FL",2040,2040,0,0,2000-2059,2325,2311,0,2300-2359,0,,165,151,992,4,,,,,,
11,26,2,AA,N184AN,2528,15024,STT,"Charlotte Amalie, VI",14100,PHL,"Philadelphia, PA",1354,1349,0,0,1300-1359,1704,1705,1,1700-1759,0,,250,256,1605,7,,,,,,
11,30,6,DL,N949AT,303,12953,LGA,"New York, NY",13930,ORD,"Chicago, IL",1810,1836,26,1,1800-1859,2001,2046,45,2000-2059,0,,171,190,733,3,0,0,45,0,0,
11,26,2,OO,N882AS,3852,10397,ATL,"Atlanta, GA",12007,GTR,"Columbus, MS",0930,0938,8,0,0900-0959,0941,0951,10,0900-0959,0,,71,73,241,1,,,,,,
11,10,7,NK,N662NK,847,13930,ORD,"Chicago, IL",11292,DEN,"Denver, CO",1251,1249,0,0,1200-1259,1438,1432,0,1400-1459,0,,167,163,888,4,,,,,,
11,21,4,OO,N936EV,3518,12007,GTR,"Columbus, MS",10397,ATL,"Atlanta, GA",1711,1707,0,0,1700-1759,1934,1916,0,1900-1959,0,,83,69,241,1,,,,,,
11,1,5,DL,N380DA,742,10693,BNA,"Nashville, TN",12892,LAX,"Los Angeles, CA",0700,0659,0,0,0700-0759,0932,0917,0,0900-0959,0,,272,258,1797,8,,,,,,
11,16,6,DL,N67171,2341,12478,JFK,"New York, NY",10397,ATL,"Atlanta, GA",0600,0556,0,0,0600-0659,0820,0759,0,0800-0859,0,,140,123,760,4,,,,,,
11,20,3,YV,N87360,6301,12264,IAD,"Washington, DC",11298,DFW,"Dallas/Fort Worth, TX",0845,0843,0,0,0800-0859,1121,1112,0,1100-1159,0,,216,209,1172,5,,,,,,
11,4,1,DL,N992AT,327,11433,DTW,"Detroit, MI",14307,PVD,"Providence, RI",2223,2217,0,0,2200-2259,0010,2355,0,0001-0559,0,,107,98,615,3,,,,,,
11,6,3,OO,N186SY,3322,12892,LAX,"Los Angeles, CA",11259,DAL,"Dallas, TX",0845,0930,45,1,0800-0859,1358,1438,40,1300-1359,0,,193,188,1246,5,0,0,0,0,40,
11,14,4,HA,N488HA,106,12173,HNL,"Honolulu, HI",13830,OGG,"Kahului, HI",0520,0514,0,0,0001-0559,0559,0548,0,0001-0559,0,,39,34,100,1,,,,,,
11,2,6,WN,N7827A,3021,15304,TPA,"Tampa, FL",12191,HOU,"Houston, TX",1440,1435,0,0,1400-1459,1555,1549,0,1500-1559,0,,135,134,781,4,,,,,,
11,14,4,AA,N942AN,1826,15096,SYR,"Syracuse, NY",11057,CLT,"Charlotte, NC",1154,1147,0,0,1100-1159,1418,1402,0,1400-1459,0,,144,135,603,3,,,,,,
11,10,7,DL,N356DN,992,10721,BOS,"Boston, MA",13204,MCO,"Orlando, FL",1144,1150,6,0,1100-1159,1456,1450,0,1400-1459,0,,192,180,1121,5,,,,,,
11,15,5,OO,N803SK,3950,11433,DTW,"Detroit, MI",10792,BUF,"Buffalo, NY",1600,1554,0,0,1600-1659,1715,1707,0,1700-1759,0,,75,73,241,1,,,,,,
11,22,5,DL,N927DN,1193,10397,ATL,"Atlanta, GA",13871,OMA,"Omaha, NE",0822,0817,0,0,0800-0859,0947,0939,0,0900-0959,0,,145,142,821,4,,,,,,
11,24,7,AA,N909AM,260,13204,MCO,"Orlando, FL",13303,MIA,"Miami, FL",1134,1128,0,0,1100-1159,1241,1223,0,1200-1259,0,,67,55,192,1,,,,,,
11,16,6,G4,310NV,2104,14761,SFB,"Sanford, FL",10135,ABE,"Allentown/Bethlehem/Easton, PA",0800,0758,0,0,0800-0859,1022,1009,0,1000-1059,0,,142,131,882,4,,,,,,
11,14,4,B6,N564JB,1454,14843,SJU,"San Juan, PR",11697,FLL,"Fort Lauderdale, FL",0930,0926,0,0,0900-0959,1112,1110,0,1100-1159,0,,162,164,1046,5,,,,,,
11,8,5,UA,N38479,1205,12758,KOA,"Kona, HI",12892,LAX,"Los Angeles, CA",1400,1353,0,0,1400-1459,2123,2105,0,2100-2159,0,,323,312,2504,11,,,,,,
11,25,1,B6,N337JB,626,10821,BWI,"Baltimore, MD",10721,BOS,"Boston, MA",1048,1412,204,1,1000-1059,1207,1523,196,1200-1259,0,,79,71,369,2,196,0,0,0,0,
11,10,7,AS,N530VA,1790,14747,SEA,"Seattle, WA",14771,SFO,"San Francisco, CA",0700,0720,20,1,0700-0759,0920,0911,0,0900-0959,0,,140,111,679,3,,,,,,
11,20,3,WN,N258WN,2155,10821,BWI,"Baltimore, MD",14027,PBI,"West Palm Beach/Palm Beach, FL",0635,0629,0,0,0600-0659,0915,0845,0,0900-0959,0,,160,136,883,4,,,,,,
11,18,1,UA,N26910,735,11292,DEN,"Denver, CO",14771,SFO,"San Francisco, CA",1615,1614,0,0,1600-1659,1758,1743,0,1700-1759,0,,163,149,967,4,,,,,,
11,6,3,YV,N906FJ,5838,10599,BHM,"Birmingham, AL",11298,DFW,"Dallas/Fort Worth, TX",1929,1924,0,0,1900-1959,2142,2139,0,2100-2159,0,,133,135,597,3,,,,,,
11,21,4,AA,N188US,1352,11057,CLT,"Charlotte, NC",13303,MIA,"Miami, FL",2249,2258,9,0,2200-2259,0057,0055,0,0001-0559,0,,128,117,650,3,,,,,,
11,18,1,B6,N266JB,548,15304,TPA,"Tampa, FL",12197,HPN,"White Plains, NY",1812,1808,0,0,1800-1859,2050,2039,0,2000-2059,0,,158,151,1032,5,,,,,,
11,3,7,WN,N954WN,5214,13204,MCO,"Orlando, FL",13495,MSY,"New Orleans, LA",0720,0715,0,0,0700-0759,0810,0803,0,0800-0859,0,,110,108,551,3,,,,,,
11,23,6,OO,N8884E,4084,10397,ATL,"Atlanta, GA",11641,FAY,"Fayetteville, NC",1054,1054,0,0,1000-1059,1211,1220,9,1200-1259,0,,77,86,331,2,,,,,,
11,10,7,B6,N190JB,1216,10792,BUF,"Buffalo, NY",10721,BOS,"Boston, MA",1653,1657,4,0,1600-1659,1819,1808,0,1800-1859,0,,86,71,395,2,,,,,,
11,22,5,DL,N349DX,1872,13487,MSP,"Minneapolis, MN",14107,PHX,"Phoenix, AZ",0650,0648,0,0,0600-0659,0917,0858,0,0900-0959,0,,207,190,1276,6,,,,,,
11,6,3,OO,N8965E,4579,11823,FWA,"Fort Wayne, IN",10397,ATL,"Atlanta, GA",0700,0659,0,0,0700-0759,0905,0850,0,0900-0959,0,,125,111,508,3,,,,,,
11,25,1,WN,N7831B,3755,11259,DAL,"Dallas, TX",13204,MCO,"Orlando, FL",1800,1756,0,0,1800-1859,2115,2110,0,2100-2159,0,,135,134,973,4,,,,,,
11,27,3,DL,N842DN,2636,11042,CLE,"Cleveland, OH",10397,ATL,"Atlanta, GA",0544,0544,0,0,0001-0559,0734,0739,5,0700-0759,0,,110,115,554,3,,,,,,
11,17,7,YV,N248LR,5773,14814,SHV,"Shreveport, LA",11298,DFW,"Dallas/Fort Worth, TX",1024,1016,0,0,1000-1059,1131,1139,8,1100-1159,0,,67,83,190,1,,,,,,
11,4,1,OH,N577NN,5675,13296,MHT,"Manchester, NH",11057,CLT,"Charlotte, NC",0800,0754,0,0,0800-0859,1058,1036,0,1000-1059,0,,178,162,737,3,,,,,,
11,4,1,UA,N832UA,2118,11292,DEN,"Denver, CO",13487,MSP,"Minneapolis, MN",1325,1318,0,0,1300-1359,1621,1600,0,1600-1659,0,,116,102,680,3,,,,,,
11,13,3,B6,N794JB,494,11292,DEN,"Denver, CO",10721,BOS,"Boston, MA",1000,0950,0,0,1000-1059,1544,1520,0,1500-1559,0,,224,210,1754,8,,,,,,
11,16,6,UA,N76254,779,11292,DEN,"Denver, CO",14489,RDM,"Bend/Redmond, OR",1914,1911,0,0,1900-1959,2056,2048,0,2000-2059,0,,162,157,898,4,,,,,,
11,9,6,UA,N73256,1126,13930,ORD,"Chicago, IL",12266,IAH,"Houston, TX",1803,1802,0,0,1800-1859,2050,2025,0,2000-2059,0,,167,143,925,4,,,,,,
11,19,2,WN,N744SW,63,11540,ELP,"El Paso, TX",11259,DAL,"Dallas, TX",1850,1848,0,0,1800-1859,2125,2122,0,2100-2159,0,,95,94,562,3,,,,,,
11,25,1,G4,249NV,2260,15295,TOL,"Toledo, OH",14761,SFB,"Sanford, FL",2045,2026,0,0,2000-2059,2301,2225,0,2300-2359,0,,136,119,895,4,,,,,,
11,10,7,YV,N87318,6341,12264,IAD,"Washington, DC",13851,OKC,"Oklahoma City, OK",1730,1725,0,0,1700-1759,1954,1938,0,1900-1959,0,,204,193,1136,5,,,,,,
11,22,5,EV,N15910,4006,12266,IAH,"Houston, TX",13256,MFE,"Mission/McAllen/Edinburg, TX",1825,1834,9,0,1800-1859,1951,2016,25,1900-1959,0,,86,102,316,2,0,0,16,0,9,
11,25,1,OO,N423SW,5043,11027,CKB,"Clarksburg/Fairmont, WV",13930,ORD,"Chicago, IL",1400,1350,0,0,1400-1459,1455,1500,5,1400-1459,0,,115,130,444,2,,,,,,
11,11,1,B6,N228JB,2760,14100,PHL,"Philadelphia, PA",10721,BOS,"Boston, MA",2100,2133,33,1,2100-2159,2215,2244,29,2200-2259,0,,75,71,280,2,24,0,0,0,5,
11,7,4,AA,N949NN,2255,14908,SNA,"Santa Ana, CA",11298,DFW,"Dallas/Fort Worth, TX",0900,0902,2,0,0900-0959,1401,1345,0,1400-1459,0,,181,163,1205,5,,,,,,
11,23,6,9E,N134EV,3322,11193,CVG,"Cincinnati, OH",12953,LGA,"New York, NY",1500,1512,12,0,1500-1559,1659,1655,0,1600-1659,0,,119,103,585,3,,,,,,
11,24,7,NK,N910NK,163,11298,DFW,"Dallas/Fort Worth, TX",10397,ATL,"Atlanta, GA",0640,0633,0,0,0600-0659,0945,0947,2,0900-0959,0,,125,134,731,3,,,,,,
11,26,2,AA,N747UW,1380,14492,RDU,"Raleigh/Durham, NC",12892,LAX,"Los Angeles, CA",1905,2009,64,1,1900-1959,2200,2325,85,2200-2259,0,,355,376,2239,9,0,0,21,0,64,
11,20,3,DL,N6710E,2297,10397,ATL,"Atlanta, GA",12451,JAX,"Jacksonville, FL",1445,1444,0,0,1400-1459,1555,1545,0,1500-1559,0,,70,61,270,2,,,,,,
11,13,3,AA,N128AN,144,12173,HNL,"Honolulu, HI",12892,LAX,"Los Angeles, CA",2311,2304,0,0,2300-2359,0637,0618,0,0600-0659,0,,326,314,2556,11,,,,,,
11,4,1,WN,N8555Z,2063,14831,SJC,"San Jose, CA",14747,SEA,"Seattle, WA",1700,1701,1,0,1700-1759,1910,1855,0,1900-1959,0,,130,114,696,3,,,,,,
11,30,6,AA,N121UW,850,10721,BOS,"Boston, MA",14100,PHL,"Philadelphia, PA",0500,0452,0,0,0001-0559,0636,0611,0,0600-0659,0,,96,79,280,2,,,,,,
11,25,1,WN,N215WN,172,10423,AUS,"Austin, TX",11259,DAL,"Dallas, TX",1355,1358,3,0,1300-1359,1455,1449,0,1400-1459,0,,60,51,189,1,,,,,,
11,20,3,9E,N538CA,5347,13487,MSP,"Minneapolis, MN",11423,DSM,"Des Moines, IA",1431,1429,0,0,1400-1459,1551,1529,0,1500-1559,0,,80,60,232,1,,,,,,
11,14,4,DL,N388DA,1548,11193,CVG,"Cincinnati, OH",13204,MCO,"Orlando, FL",1958,1955,0,0,1900-1959,2205,2156,0,2200-2259,0,,127,121,757,4,,,,,,
11,10,7,DL,N994DL,1129,10397,ATL,"Atlanta, GA",10599,BHM,"Birmingham, AL",2111,2105,0,0,2100-2159,2105,2048,0,2100-2159,0,,54,43,134,1,,,,,,
11,7,4,MQ,N849AE,3688,11193,CVG,"Cincinnati, OH",12953,LGA,"New York, NY",1921,1920,0,0,1900-1959,2125,2125,0,2100-2159,0,,124,125,585,3,,,,,,
11,15,5,9E,N668CA,5050,12953,LGA,"New York, NY",10792,BUF,"Buffalo, NY",2159,2141,0,0,2100-2159,2330,2250,0,2300-2359,0,,91,69,292,2,,,,,,
11,21,4,YX,N657RW,3408,10994,CHS,"Charleston, SC",11618,EWR,"Newark, NJ",1600,1555,0,0,1600-1659,1815,1815,0,1800-1859,0,,135,140,628,3,,,,,,
11,18,1,AA,N306NY,2335,10140,ABQ,"Albuquerque, NM",11298,DFW,"Dallas/Fort Worth, TX",0650,0646,0,0,0600-0659,0940,0927,0,0900-0959,0,,110,101,569,3,,,,,,
11,26,2,WN,N741SA,453,14831,SJC,"San Jose, CA",14908,SNA,"Santa Ana, CA",1955,,,,1900-1959,2105,,,2100-2159,1,A,70,,342,2,,,,,,
11,1,5,MQ,N234JW,3325,11298,DFW,"Dallas/Fort Worth, TX",12323,ILM,"Wilmington, NC",1844,1838,0,0,1800-1859,2237,2208,0,2200-2259,0,,173,150,1106,5,,,,,,
11,9,6,UA,N68453,1698,14492,RDU,"Raleigh/Durham, NC",14771,SFO,"San Francisco, CA",0645,0644,0,0,0600-0659,0950,0912,0,0900-0959,0,,365,328,2400,10,,,,,,
11,27,3,F9,N220FR,2535,14307,PVD,"Providence, RI",15304,TPA,"Tampa, FL",1709,1659,0,0,1700-1759,2027,2008,0,2000-2059,0,,198,189,1136,5,,,,,,
12,14,6,WN,N8686A,6427,15304,TPA,"Tampa, FL",14683,SAT,"San Antonio, TX",1235,1236,1,0,1200-1259,1430,1414,0,1400-1459,0,,175,158,972,4,,,,,,
12,19,4,UA,N66841,653,12264,IAD,"Washington, DC",11292,DEN,"Denver, CO",2237,2232,0,0,2200-2259,0029,0011,0,0001-0559,0,,232,219,1452,6,,,,,,
12,25,3,UA,N63890,374,13930,ORD,"Chicago, IL",12266,IAH,"Houston, TX",1245,1240,0,0,1200-1259,1538,1512,0,1500-1559,0,,173,152,925,4,,,,,,
12,23,1,YV,N516LR,6097,11433,DTW,"Detroit, MI",12266,IAH,"Houston, TX",1120,1129,9,0,1100-1159,1338,1302,0,1300-1359,0,,198,153,1075,5,,,,,,
12,18,3,NK,N674NK,971,11697,FLL,"Fort Lauderdale, FL",11298,DFW,"Dallas/Fort Worth, TX",2015,2016,1,0,2000-2059,2229,2218,0,2200-2259,0,,194,182,1119,5,,,,,,
12,19,4,NK,N630NK,1650,15304,TPA,"Tampa, FL",10693,BNA,"Nashville, TN",1050,1048,0,0,1000-1059,1150,1131,0,1100-1159,0,,120,103,612,3,,,,,,
12,28,6,OH,N558NN,5589,15624,VPS,"Valparaiso, FL",11057,CLT,"Charlotte, NC",1108,1103,0,0,1100-1159,1351,1350,0,1300-1359,0,,103,107,460,2,,,,,,
12,5,4,F9,N943FR,552,14679,SAN,"San Diego, CA",11292,DEN,"Denver, CO",0625,0616,0,0,0600-0659,0956,0952,0,0900-0959,0,,151,156,853,4,,,,,,
12,4,3,YX,N119HQ,4553,13296,MHT,"Manchester, NH",14100,PHL,"Philadelphia, PA",1013,1008,0,0,1000-1059,1147,1140,0,1100-1159,0,,94,92,289,2,,,,,,
12,13,5,DL,N6703D,1710,10397,ATL,"Atlanta, GA",12892,LAX,"Los Angeles, CA",2020,2142,82,1,2000-2059,2216,2352,96,2200-2259,0,,296,310,1947,8,82,0,14,0,0,
12,8,7,YV,N930LR,5796,10279,AMA,"Amarillo, TX",11298,DFW,"Dallas/Fort Worth, TX",0500,0500,0,0,0001-0559,0624,0621,0,0600-0659,0,,84,81,312,2,,,,,,
12,25,3,OO,N293SY,3508,12889,LAS,"Las Vegas, NV",12954,LGB,"Long Beach, CA",1220,1208,0,0,1200-1259,1333,1324,0,1300-1359,0,,73,76,231,1,,,,,,
12,3,2,F9,N206FR,1594,13303,MIA,"Miami, FL",14492,RDU,"Raleigh/Durham, NC",1836,2039,123,1,1800-1859,2048,2252,124,2000-2059,0,,132,133,700,3,0,0,1,0,123,
12,28,6,NK,N519NK,549,10529,BDL,"Hartford, CT",13204,MCO,"Orlando, FL",0925,0924,0,0,0900-0959,1235,1223,0,1200-1259,0,,190,179,1050,5,,,,,,
12,14,6,OO,N880AS,5773,10434,AVP,"Scranton/Wilkes-Barre, PA",13930,ORD,"Chicago, IL",1725,1942,137,1,1700-1759,1850,2054,124,1800-1859,0,,145,132,632,3,0,0,0,0,124,
12,15,7,UA,N442UA,294,11003,CID,"Cedar Rapids/Iowa City, IA",11292,DEN,"Denver, CO",0600,0600,0,0,0600-0659,0710,0714,4,0700-0759,0,,130,134,692,3,,,,,,
12,6,5,DL,N341NW,2174,10397,ATL,"Atlanta, GA",10257,ALB,"Albany, NY",2126,2121,0,0,2100-2159,2335,2327,0,2300-2359,0,,129,126,853,4,,,,,,
12,10,2,UA,N73445,655,12264,IAD,"Washington, DC",10721,BOS,"Boston, MA",1230,1227,0,0,1200-1259,1400,1344,0,1400-1459,0,,90,77,413,2,,,,,,
12,22,7,B6,N593JB,1512,14635,RSW,"Fort Myers, FL",11618,EWR,"Newark, NJ",2038,2038,0,0,2000-2059,2326,2303,0,2300-2359,0,,168,145,1068,5,,,,,,
12,1,7,YX,N644RW,3597,11618,EWR,"Newark, NJ",11193,CVG,"Cincinnati, OH",1659,,,,1600-1659,1915,,,1900-1959,1,B,136,,569,3,,,,,,
12,1,7,OH,N606NN,5029,11066,CMH,"Columbus, OH",11057,CLT,"Charlotte, NC",1521,1533,12,0,1500-1559,1704,1704,0,1700-1759,0,,103,91,347,2,,,,,,
12,25,3,WN,N8315C,148,12173,HNL,"Honolulu, HI",12982,LIH,"Lihue, HI",1530,1539,9,0,1500-1559,1625,1626,1,1600-1659,0,,55,47,102,1,,,,,,
12,22,7,UA,N75435,545,12266,IAH,"Houston, TX",10721,BOS,"Boston, MA",1650,1644,0,0,1600-1659,2126,2123,0,2100-2159,0,,216,219,1597,7,,,,,,
12,31,2,MQ,N606AE,3624,15295,TOL,"Toledo, OH",13930,ORD,"Chicago, IL",1728,1748,20,1,1700-1759,1747,1752,5,1700-1759,0,,79,64,213,1,,,,,,
12,5,4,AA,N805AN,147,12892,LAX,"Los Angeles, CA",11298,DFW,"Dallas/Fort Worth, TX",1715,1718,3,0,1700-1759,2207,2154,0,2200-2259,0,,172,156,1235,5,,,,,,
12,1,7,OO,N908SW,5330,14696,SBN,"South Bend, IN",13930,ORD,"Chicago, IL",0600,0550,0,0,0600-0659,0610,0539,0,0600-0659,0,,70,49,84,1,,,,,,
12,28,6,AA,N830AN,8,12173,HNL,"Honolulu, HI",11298,DFW,"Dallas/Fort Worth, TX",1900,1853,0,0,1900-1959,0616,0552,0,0600-0659,0,,436,419,3784,11,,,,,,
12,9,1,WN,N900WN,249,10800,BUR,"Burbank, CA",14831,SJC,"San Jose, CA",1135,1134,0,0,1100-1159,1245,1251,6,1200-1259,0,,70,77,296,2,,,,,,
12,16,1,DL,N3743H,308,14869,SLC,"Salt Lake City, UT",13487,MSP,"Minneapolis, MN",1100,1115,15,1,1100-1159,1433,1447,14,1400-1459,0,,153,152,991,4,,,,,,
12,12,4,YX,N239JQ,5869,12339,IND,"Indianapolis, IN",10721,BOS,"Boston, MA",1125,1120,0,0,1100-1159,1346,1317,0,1300-1359,0,,141,117,818,4,,,,,,
12,20,5,DL,N827DN,1376,10397,ATL,"Atlanta, GA",14027,PBI,"West Palm Beach/Palm Beach, FL",2112,2110,0,0,2100-2159,2301,2251,0,2300-2359,0,,109,101,545,3,,,,,,
12,6,5,WN,N7883A,3195,10693,BNA,"Nashville, TN",13232,MDW,"Chicago, IL",1615,1628,13,0,1600-1659,1750,1750,0,1700-1759,0,,95,82,395,2,,,,,,
12,1,7,EV,N22909,4414,11618,EWR,"Newark, NJ",13485,MSN,"Madison, WI",1030,1024,0,0,1000-1059,1227,1142,0,1200-1259,0,,177,138,799,4,,,,,,
12,16,1,AA,N916US,447,14107,PHX,"Phoenix, AZ",13930,ORD,"Chicago, IL",0140,0133,0,0,0001-0559,0603,0528,0,0600-0659,0,,203,175,1440,6,,,,,,
12,12,4,WN,N214WN,2344,11066,CMH,"Columbus, OH",14635,RSW,"Fort Myers, FL",0900,0900,0,0,0900-0959,1135,1125,0,1100-1159,0,,155,145,930,4,,,,,,
12,20,5,AA,N917UY,631,10721,BOS,"Boston, MA",11057,CLT,"Charlotte, NC",1109,1105,0,0,1100-1159,1341,1317,0,1300-1359,0,,152,132,728,3,,,,,,
12,4,3,AA,N909AM,2770,10397,ATL,"Atlanta, GA",11298,DFW,"Dallas/Fort Worth, TX",0618,0616,0,0,0600-0659,0749,0742,0,0700-0759,0,,151,146,731,3,,,,,,
12,18,3,DL,N945AT,2664,15624,VPS,"Valparaiso, FL",10397,ATL,"Atlanta, GA",1405,1519,74,1,1400-1459,1624,1724,60,1600-1659,0,,79,65,250,2,60,0,0,0,0,
12,30,1,OO,N150SY,5765,14122,PIT,"Pittsburgh, PA",13930,ORD,"Chicago, IL",1750,2106,196,1,1700-1759,1840,2150,190,1800-1859,0,,110,104,413,2,0,0,0,0,190,
12,15,7,UA,N67134,696,12264,IAD,"Washington, DC",11292,DEN,"Denver, CO",1430,1425,0,0,1400-1459,1622,1650,28,1600-1659,0,,232,265,1452,6,0,0,28,0,0,
12,1,7,MQ,N801AE,3430,10990,CHO,"Charlottesville, VA",11057,CLT,"Charlotte, NC",1957,2019,22,1,1900-1959,2123,2147,24,2100-2159,0,,86,88,245,1,3,0,2,0,19,
12,16,1,YV,N914FJ,5801,11413,DRO,"Durango, CO",14107,PHX,"Phoenix, AZ",1905,2018,73,1,1900-1959,2030,2132,62,2000-2059,0,,85,74,351,2,0,0,0,0,62,
12,4,3,DL,N536US,2127,11697,FLL,"Fort Lauderdale, FL",10397,ATL,"Atlanta, GA",0530,0525,0,0,0001-0559,0725,0719,0,0700-0759,0,,115,114,581,3,,,,,,
12,29,7,WN,N7827A,2945,10140,ABQ,"Albuquerque, NM",11259,DAL,"Dallas, TX",1050,1105,15,1,1000-1059,1330,1346,16,1300-1359,0,,100,101,580,3,12,0,1,0,3,
12,5,4,AA,N769US,634,14107,PHX,"Phoenix, AZ",13891,ONT,"Ontario, CA",2137,2130,0,0,2100-2159,2155,2139,0,2100-2159,0,,78,69,325,2,,,,,,
12,5,4,AA,N745VJ,239,15370,TUL,"Tulsa, OK",11298,DFW,"Dallas/Fort Worth, TX",1228,1247,19,1,1200-1259,1345,1356,11,1300-1359,0,,77,69,237,1,,,,,,
12,11,3,OO,N969SW,5110,14877,SLN,"Salina, KS",12255,HYS,"Hays, KS",1255,1432,97,1,1200-1259,1339,1531,112,1300-1359,0,,44,59,88,1,0,0,15,0,97,
12,24,2,WN,N961WN,5721,10821,BWI,"Baltimore, MD",14730,SDF,"Louisville, KY",1930,2008,38,1,1900-1959,2115,2138,23,2100-2159,0,,105,90,495,2,21,0,0,0,2,
12,4,3,WN,N489WN,2033,15016,STL,"St. Louis, MO",13232,MDW,"Chicago, IL",1940,2030,50,1,1900-1959,2045,2129,44,2000-2059,0,,65,59,251,2,32,0,0,0,12,
12,28,6,YX,N208JQ,6111,11433,DTW,"Detroit, MI",12339,IND,"Indianapolis, IN",1230,1230,0,0,1200-1259,1348,1340,0,1300-1359,0,,78,70,231,1,,,,,,
12,30,1,EV,N13979,4264,12266,IAH,"Houston, TX",12915,LCH,"Lake Charles, LA",1020,1013,0,0,1000-1059,1127,1109,0,1100-1159,0,,67,56,127,1,,,,,,
12,28,6,DL,N859DN,2419,13487,MSP,"Minneapolis, MN",14771,SFO,"San Francisco, CA",1216,1228,12,0,1200-1259,1432,1434,2,1400-1459,0,,256,246,1589,7,,,,,,
12,29,7,AA,N975AN,2822,12953,LGA,"New York, NY",11298,DFW,"Dallas/Fort Worth, TX",1829,1827,0,0,1800-1859,2150,2151,1,2100-2159,0,,261,264,1389,6,,,,,,
12,27,5,WN,N438WN,585,10821,BWI,"Baltimore, MD",14321,PWM,"Portland, ME",1205,1202,0,0,1200-1259,1335,1327,0,1300-1359,0,,90,85,452,2,,,,,,
12,6,5,AA,N817NN,1178,11278,DCA,"Washington, DC",13303,MIA,"Miami, FL",0559,0559,0,0,0001-0559,0844,0827,0,0800-0859,0,,165,148,919,4,,,,,,
12,16,1,OO,N446SW,3817,14696,SBN,"South Bend, IN",11433,DTW,"Detroit, MI",0802,0801,0,0,0800-0859,0925,0855,0,0900-0959,0,,83,54,157,1,,,,,,
12,8,7,AA,N745VJ,1754,11057,CLT,"Charlotte, NC",12451,JAX,"Jacksonville, FL",1140,1133,0,0,1100-1159,1307,1300,0,1300-1359,0,,87,87,328,2,,,,,,
12,11,3,DL,N302DN,2814,10397,ATL,"Atlanta, GA",12953,LGA,"New York, NY",2130,2128,0,0,2100-2159,2338,2345,7,2300-2359,0,,128,137,762,4,,,,,,
12,19,4,MQ,N251NN,3413,12992,LIT,"Little Rock, AR",11298,DFW,"Dallas/Fort Worth, TX",2013,2004,0,0,2000-2059,2141,2135,0,2100-2159,0,,88,91,304,2,,,,,,
12,23,1,WN,N964WN,4062,14492,RDU,"Raleigh/Durham, NC",11259,DAL,"Dallas, TX",1800,1858,58,1,1800-1859,2000,2035,35,2000-2059,0,,180,157,1052,5,7,0,0,0,28,
12,24,2,AA,N965NN,1605,11298,DFW,"Dallas/Fort Worth, TX",14492,RDU,"Raleigh/Durham, NC",1726,1734,8,0,1700-1759,2102,2102,0,2100-2159,0,,156,148,1061,5,,,,,,
12,13,5,OH,N525AE,5193,14108,PIA,"Peoria, IL",11057,CLT,"Charlotte, NC",0705,0702,0,0,0700-0759,1019,1012,0,1000-1059,0,,134,130,607,3,,,,,,
12,1,7,MQ,N260NN,4219,11066,CMH,"Columbus, OH",13930,ORD,"Chicago, IL",1835,1842,7,0,1800-1859,1910,1916,6,1900-1959,0,,95,94,296,2,,,,,,
12,7,6,UA,N69829,443,12266,IAH,"Houston, TX",11618,EWR,"Newark, NJ",1440,1436,0,0,1400-1459,1905,1906,1,1900-1959,0,,205,210,1400,6,,,,,,
12,26,4,9E,N367CA,5441,12953,LGA,"New York, NY",11986,GRR,"Grand Rapids, MI",0940,0933,0,0,0900-0959,1209,1150,0,1200-1259,0,,149,137,618,3,,,,,,
12,21,6,AA,N908AA,2660,14100,PHL,"Philadelphia, PA",10721,BOS,"Boston, MA",0600,0555,0,0,0600-0659,0727,0722,0,0700-0759,0,,87,87,280,2,,,,,,
12,23,1,OO,N796SK,5343,11292,DEN,"Denver, CO",10372,ASE,"Aspen, CO",0930,0930,0,0,0900-0959,1035,1016,0,1000-1059,0,,65,46,125,1,,,,,,
12,16,1,OH,N507AE,5394,14100,PHL,"Philadelphia, PA",11996,GSP,"Greer, SC",1754,1752,0,0,1700-1759,1949,2000,11,1900-1959,0,,115,128,515,3,,,,,,
12,13,5,OO,N838SK,3551,11537,ELM,"Elmira/Corning, NY",11433,DTW,"Detroit, MI",1540,1528,0,0,1500-1559,1710,1634,0,1700-1759,0,,90,66,332,2,,,,,,
12,26,4,AA,N819NN,1614,13303,MIA,"Miami, FL",12266,IAH,"Houston, TX",0949,0949,0,0,0900-0959,1144,1126,0,1100-1159,0,,175,157,964,4,,,,,,
12,16,1,OO,N178SY,3353,13198,MCI,"Kansas City, MO",14057,PDX,"Portland, OR",1415,1409,0,0,1400-1459,1620,1608,0,1600-1659,0,,245,239,1482,6,,,,,,
12,5,4,9E,N605LR,5326,10397,ATL,"Atlanta, GA",10785,BTV,"Burlington, VT",2014,2012,0,0,2000-2059,2246,2235,0,2200-2259,0,,152,143,961,4,,,,,,
12,13,5,WN,N8515X,1355,14771,SFO,"San Francisco, CA",11292,DEN,"Denver, CO",1550,1616,26,1,1500-1559,1910,1924,14,1900-1959,0,,140,128,967,4,,,,,,
12,26,4,YX,N868RW,6072,10397,ATL,"Atlanta, GA",12124,HHH,"Hilton Head, SC",1627,1625,0,0,1600-1659,1743,1731,0,1700-1759,0,,76,66,238,1,,,,,,
12,14,6,WN,N8570W,3849,12896,LBB,"Lubbock, TX",12889,LAS,"Las Vegas, NV",1430,1423,0,0,1400-1459,1440,1441,1,1400-1459,0,,130,138,775,4,,,,,,
12,26,4,YV,N89342,6257,12264,IAD,"Washington, DC",10423,AUS,"Austin, TX",1230,1229,0,0,1200-1259,1521,1503,0,1500-1559,0,,231,214,1297,6,,,,,,
12,6,5,UA,N429UA,699,11298,DFW,"Dallas/Fort Worth, TX",14771,SFO,"San Francisco, CA",0735,0728,0,0,0700-0759,0940,0928,0,0900-0959,0,,245,240,1464,6,,,,,,
12,31,2,YX,N637RW,3507,11292,DEN,"Denver, CO",11066,CMH,"Columbus, OH",1737,1804,27,1,1700-1759,2228,2238,10,2200-2259,0,,171,154,1154,5,,,,,,
12,17,2,UA,N78524,1554,14771,SFO,"San Francisco, CA",10397,ATL,"Atlanta, GA",2235,2233,0,0,2200-2259,0609,0607,0,0600-0659,0,,274,274,2139,9,,,,,,
12,2,1,OO,N967SW,5079,12264,IAD,"Washington, DC",13832,OGS,"Ogdensburg, NY",2210,2203,0,0,2200-2259,2344,2335,0,2300-2359,0,,94,92,409,2,,,,,,
12,21,6,UA,N68823,588,15304,TPA,"Tampa, FL",13930,ORD,"Chicago, IL",0700,0652,0,0,0700-0759,0903,0828,0,0900-0959,0,,183,156,1011,5,,,,,,
12,26,4,OO,N925SW,5322,11292,DEN,"Denver, CO",12278,ICT,"Wichita, KS",1101,1100,0,0,1100-1159,1331,1344,13,1300-1359,0,,90,104,420,2,,,,,,
12,31,2,WN,N479WN,4052,12892,LAX,"Los Angeles, CA",10423,AUS,"Austin, TX",0540,0537,0,0,0001-0559,1035,1031,0,1000-1059,0,,175,174,1242,5,,,,,,
12,11,3,OO,N631SK,3751,14869,SLC,"Salt Lake City, UT",10372,ASE,"Aspen, CO",1103,1101,0,0,1100-1159,1243,1227,0,1200-1259,0,,100,86,292,2,,,,,,
12,3,2,OO,N920EV,3900,11433,DTW,"Detroit, MI",10408,ATW,"Appleton, WI",0855,0854,0,0,0800-0859,0936,0936,0,0900-0959,0,,101,102,296,2,,,,,,
12,31,2,AA,N656AW,424,13495,MSY,"New Orleans, LA",11057,CLT,"Charlotte, NC",0510,0507,0,0,0001-0559,0805,0823,18,0800-0859,0,,115,136,651,3,0,0,18,0,0,
12,21,6,B6,N354JB,1038,10423,AUS,"Austin, TX",10721,BOS,"Boston, MA",2014,2059,45,1,2000-2059,0057,0144,47,0001-0559,0,,223,225,1698,7,16,0,2,0,29,
12,23,1,OO,N297SY,3636,15389,TWF,"Twin Falls, ID",14869,SLC,"Salt Lake City, UT",1304,1431,87,1,1300-1359,1419,1518,59,1400-1459,0,,75,47,175,1,0,59,0,0,0,
12,25,3,AA,N906AA,2683,14771,SFO,"San Francisco, CA",11298,DFW,"Dallas/Fort Worth, TX",1602,1557,0,0,1600-1659,2132,2121,0,2100-2159,0,,210,204,1464,6,,,,,,
12,30,1,OO,N298SY,4067,14747,SEA,"Seattle, WA",14893,SMF,"Sacramento, CA",1530,1529,0,0,1500-1559,1726,1707,0,1700-1759,0,,116,98,605,3,,,,,,
12,28,6,AA,N842NN,2414,13303,MIA,"Miami, FL",14843,SJU,"San Juan, PR",2304,2259,0,0,2300-2359,0235,0235,0,0001-0559,0,,151,156,1045,5,,,,,,
12,24,2,OO,N120SY,5418,11977,GRB,"Green Bay, WI",13930,ORD,"Chicago, IL",0617,1004,227,1,0600-0659,0743,1134,231,0700-0759,0,,86,90,174,1,0,227,4,0,0,
12,27,5,G4,320NV,2118,14259,PSM,"Portsmouth, NH",14761,SFB,"Sanford, FL",1012,1015,3,0,1000-1059,1328,1322,0,1300-1359,0,,196,187,1144,5,,,,,,
12,28,6,WN,N8305E,5398,11259,DAL,"Dallas, TX",13232,MDW,"Chicago, IL",1205,1504,179,1,1200-1259,1420,1705,165,1400-1459,0,,135,121,793,4,165,0,0,0,0,
12,31,2,YX,N418YX,4702,10821,BWI,"Baltimore, MD",13303,MIA,"Miami, FL",0501,0459,0,0,0001-0559,0754,0747,0,0700-0759,0,,173,168,946,4,,,,,,
12,27,5,WN,N8658A,1157,11259,DAL,"Dallas, TX",11292,DEN,"Denver, CO",0855,0909,14,0,0800-0859,1005,1003,0,1000-1059,0,,130,114,651,3,,,,,,
12,6,5,OO,N740EV,3163,14674,SAF,"Santa Fe, NM",11298,DFW,"Dallas/Fort Worth, TX",1703,1655,0,0,1700-1759,1953,1936,0,1900-1959,0,,110,101,551,3,,,,,,
12,15,7,DL,N842DN,1896,14869,SLC,"Salt Lake City, UT",14492,RDU,"Raleigh/Durham, NC",0933,0932,0,0,0900-0959,1540,1505,0,1500-1559,0,,247,213,1823,8,,,,,,
12,20,5,OO,N185SY,3460,10713,BOI,"Boise, ID",14057,PDX,"Portland, OR",0600,0551,0,0,0600-0659,0631,0611,0,0600-0659,0,,91,80,344,2,,,,,,
12,30,1,NK,N523NK,403,12892,LAX,"Los Angeles, CA",10397,ATL,"Atlanta, GA",0943,0942,0,0,0900-0959,1700,1647,0,1700-1759,0,,257,245,1947,8,,,,,,
12,11,3,DL,N915DE,1311,10397,ATL,"Atlanta, GA",11995,GSO,"Greensboro/High Point, NC",1028,1027,0,0,1000-1059,1144,1128,0,1100-1159,0,,76,61,306,2,,,,,,
12,8,7,WN,N936WN,3474,11259,DAL,"Dallas, TX",13244,MEM,"Memphis, TN",1740,1739,0,0,1700-1759,1905,1857,0,1900-1959,0,,85,78,423,2,,,,,,
12,24,2,B6,N346JB,731,10721,BOS,"Boston, MA",12953,LGA,"New York, NY",0855,0916,21,1,0800-0859,1016,1018,2,1000-1059,0,,81,62,184,1,,,,,,
12,15,7,AS,N431AS,945,12892,LAX,"Los Angeles, CA",14771,SFO,"San Francisco, CA",2100,2056,0,0,2100-2159,2231,2215,0,2200-2259,0,,91,79,337,2,,,,,,
12,30,1,OO,N279SY,3930,14747,SEA,"Seattle, WA",14057,PDX,"Portland, OR",0739,0740,1,0,0700-0759,0843,0835,0,0800-0859,0,,64,55,129,1,,,,,,
12,29,7,WN,N791SW,3528,10994,CHS,"Charleston, SC",13232,MDW,"Chicago, IL",1735,1812,37,1,1700-1759,1850,1913,23,1800-1859,0,,135,121,745,3,3,0,0,0,20,
12,26,4,AA,N170US,431,13204,MCO,"Orlando, FL",11278,DCA,"Washington, DC",1033,1049,16,1,1000-1059,1237,1247,10,1200-1259,0,,124,118,759,4,,,,,,
12,23,1,DL,N921DN,1159,10397,ATL,"Atlanta, GA",10792,BUF,"Buffalo, NY",1359,1413,14,0,1300-1359,1559,1601,2,1500-1559,0,,120,108,712,3,,,,,,
12,12,4,WN,N421LV,2315,10821,BWI,"Baltimore, MD",13204,MCO,"Orlando, FL",2140,2209,29,1,2100-2159,0005,0017,12,0001-0559,0,,145,128,787,4,,,,,,
12,30,1,AA,N158AN,248,11298,DFW,"Dallas/Fort Worth, TX",14107,PHX,"Phoenix, AZ",1938,1956,18,1,1900-1959,2123,2139,16,2100-2159,0,,165,163,868,4,3,0,0,0,13,
12,27,5,AA,N909NN,367,11278,DCA,"Washington, DC",11057,CLT,"Charlotte, NC",0955,0949,0,0,0900-0959,1137,1103,0,1100-1159,0,,102,74,331,2,,,,,,
12,28,6,MQ,N838AE,3321,11298,DFW,"Dallas/Fort Worth, TX",11415,DRT,"Del Rio, TX",2050,2045,0,0,2000-2059,2227,2212,0,2200-2259,0,,97,87,335,2,,,,,,
12,19,4,UA,N826UA,729,13930,ORD,"Chicago, IL",10821,BWI,"Baltimore, MD",1400,1350,0,0,1400-1459,1648,1637,0,1600-1659,0,,108,107,621,3,,,,,,
12,11,3,WN,N473WN,2149,13204,MCO,"Orlando, FL",10792,BUF,"Buffalo, NY",2255,2342,47,1,2200-2259,0125,0206,41,0001-0559,0,,150,144,1011,5,0,0,0,0,41,
12,2,1,WN,N569WN,2499,11259,DAL,"Dallas, TX",14683,SAT,"San Antonio, TX",0720,0728,8,0,0700-0759,0835,0825,0,0800-0859,0,,75,57,247,1,,,,,,
12,30,1,MQ,N236NN,3664,15919,XNA,"Fayetteville, AR",11298,DFW,"Dallas/Fort Worth, TX",0806,0825,19,1,0800-0859,0937,0949,12,0900-0959,0,,91,84,280,2,,,,,,
12,21,6,B6,N636JB,1146,11697,FLL,"Fort Lauderdale, FL",14524,RIC,"Richmond, VA",2030,2025,0,0,2000-2059,2241,2230,0,2200-2259,0,,131,125,805,4,,,,,,
12,27,5,EV,N12540,3993,10693,BNA,"Nashville, TN",11618,EWR,"Newark, NJ",1915,1905,0,0,1900-1959,2238,2219,0,2200-2259,0,,143,134,748,3,,,,,,
12,18,3,B6,N763JB,2705,11618,EWR,"Newark, NJ",11697,FLL,"Fort Lauderdale, FL",1639,2359,440,1,1600-1659,1945,0338,473,1900-1959,0,,186,219,1065,5,0,316,33,0,124,
12,6,5,YX,N722YX,3485,14122,PIT,"Pittsburgh, PA",13930,ORD,"Chicago, IL",0755,0754,0,0,0700-0759,0845,0823,0,0800-0859,0,,110,89,413,2,,,,,,
12,12,4,AA,N342PM,2672,11292,DEN,"Denver, CO",14100,PHL,"Philadelphia, PA",0600,0556,0,0,0600-0659,1139,1114,0,1100-1159,0,,219,198,1558,7,,,,,,
12,25,3,UA,N73276,2334,11618,EWR,"Newark, NJ",13204,MCO,"Orlando, FL",1529,1521,0,0,1500-1559,1820,1814,0,1800-1859,0,,171,173,937,4,,,,,,
12,28,6,AA,N507AY,2608,13930,ORD,"Chicago, IL",14100,PHL,"Philadelphia, PA",1448,1511,23,1,1400-1459,1744,1759,15,1700-1759,0,,116,108,678,3,1,0,0,0,14,
12,2,1,MQ,N823AE,3995,13930,ORD,"Chicago, IL",14711,SCE,"State College, PA",0825,0823,0,0,0800-0859,1111,1130,19,1100-1159,0,,106,127,528,3,0,0,19,0,0,
12,15,7,AS,N323AS,655,11298,DFW,"Dallas/Fort Worth, TX",14057,PDX,"Portland, OR",1425,1418,0,0,1400-1459,1638,1633,0,1600-1659,0,,253,255,1616,7,,,,,,
12,23,1,OH,N262PS,5467,11278,DCA,"Washington, DC",10792,BUF,"Buffalo, NY",2210,2215,5,0,2200-2259,2327,2332,5,2300-2359,0,,77,77,296,2,,,,,,
12,16,1,DL,N899AT,387,13930,ORD,"Chicago, IL",11433,DTW,"Detroit, MI",0915,0917,2,0,0900-0959,1140,1151,11,1100-1159,0,,85,94,235,1,,,,,,
12,13,5,MQ,N222NS,3324,11298,DFW,"Dallas/Fort Worth, TX",15919,XNA,"Fayetteville, AR",1829,1826,0,0,1800-1859,1945,1951,6,1900-1959,0,,76,85,280,2,,,,,,
12,6,5,9E,N910XJ,5146,14492,RDU,"Raleigh/Durham, NC",12953,LGA,"New York, NY",0700,0711,11,0,0700-0759,0852,0850,0,0800-0859,0,,112,99,431,2,,,,,,
12,1,7,OH,N710PS,5347,14100,PHL,"Philadelphia, PA",14685,SAV,"Savannah, GA",1010,1006,0,0,1000-1059,1215,1221,6,1200-1259,0,,125,135,629,3,,,,,,
12,23,1,NK,N664NK,1529,11618,EWR,"Newark, NJ",11697,FLL,"Fort Lauderdale, FL",1751,1750,0,0,1700-1759,2100,2044,0,2100-2159,0,,189,174,1065,5,,,,,,
12,28,6,DL,N321US,634,12953,LGA,"New York, NY",15304,TPA,"Tampa, FL",1610,1607,0,0,1600-1659,1914,1905,0,1900-1959,0,,184,178,1010,5,,,,,,
12,19,4,OO,N702BR,4251,13127,LWS,"Lewiston, ID",14869,SLC,"Salt Lake City, UT",1652,1641,0,0,1600-1659,1935,1904,0,1900-1959,0,,103,83,461,2,,,,,,
12,9,1,UA,N68842,697,13487,MSP,"Minneapolis, MN",11292,DEN,"Denver, CO",0730,0721,0,0,0700-0759,0840,0859,19,0800-0859,0,,130,158,680,3,0,0,19,0,0,
12,31,2,UA,N441UA,480,12266,IAH,"Houston, TX",11697,FLL,"Fort Lauderdale, FL",1820,1813,0,0,1800-1859,2146,2127,0,2100-2159,0,,146,134,966,4,,,,,,
12,11,3,MQ,N607AE,3640,11986,GRR,"Grand Rapids, MI",13930,ORD,"Chicago, IL",2057,2049,0,0,2000-2059,2105,2106,1,2100-2159,0,,68,77,137,1,,,,,,
12,14,6,DL,N331DN,1254,11433,DTW,"Detroit, MI",14107,PHX,"Phoenix, AZ",1609,1611,2,0,1600-1659,1839,1849,10,1800-1859,0,,270,278,1671,7,,,,,,
12,14,6,WN,N407WN,6025,10693,BNA,"Nashville, TN",15016,STL,"St. Louis, MO",0655,0654,0,0,0600-0659,0805,0752,0,0800-0859,0,,70,58,272,2,,,,,,
12,23,1,DL,N395DZ,2400,10397,ATL,"Atlanta, GA",12953,LGA,"New York, NY",0730,0728,0,0,0700-0759,0943,0939,0,0900-0959,0,,133,131,762,4,,,,,,
12,18,3,WN,N8320J,1081,12982,LIH,"Lihue, HI",12173,HNL,"Honolulu, HI",0645,0641,0,0,0600-0659,0725,0711,0,0700-0759,0,,40,30,102,1,,,,,,
12,23,1,UA,N39416,1283,11292,DEN,"Denver, CO",13871,OMA,"Omaha, NE",2041,2103,22,1,2000-2059,2310,2317,7,2300-2359,0,,89,74,472,2,,,,,,
12,6,5,YX,N120HQ,4531,14100,PHL,"Philadelphia, PA",10792,BUF,"Buffalo, NY",0835,0827,0,0,0800-0859,1002,0956,0,1000-1059,0,,87,89,279,2,,,,,,
12,27,5,DL,N856DN,2275,10397,ATL,"Atlanta, GA",13931,ORF,"Norfolk, VA",2107,2109,2,0,2100-2159,2240,2235,0,2200-2259,0,,93,86,516,3,,,,,,
12,27,5,AS,N614AS,73,14828,SIT,"Sitka, AK",12523,JNU,"Juneau, AK",0600,0553,0,0,0600-0659,0640,0645,5,0600-0659,0,,40,52,95,1,,,,,,
12,28,6,NK,N619NK,965,11433,DTW,"Detroit, MI",10423,AUS,"Austin, TX",1840,1932,52,1,1800-1859,2106,2154,48,2100-2159,0,,206,202,1149,5,48,0,0,0,0,
12,26,4,UA,N15710,2443,12264,IAD,"Washington, DC",11618,EWR,"Newark, NJ",2215,2207,0,0,2200-2259,2332,2304,0,2300-2359,0,,77,57,212,1,,,,,,
12,12,4,DL,N964DL,1311,11995,GSO,"Greensboro/High Point, NC",10397,ATL,"Atlanta, GA",1229,1222,0,0,1200-1259,1351,1343,0,1300-1359,0,,82,81,306,2,,,,,,
12,10,2,DL,N921AT,2728,13360,MLB,"Melbourne, FL",10397,ATL,"Atlanta, GA",1115,1148,33,1,1100-1159,1258,1314,16,1200-1259,0,,103,86,442,2,0,0,0,0,16,
12,15,7,AA,N907AA,1067,11292,DEN,"Denver, CO",11298,DFW,"Dallas/Fort Worth, TX",0500,0456,0,0,0001-0559,0805,0807,2,0800-0859,0,,125,131,641,3,,,,,,
12,19,4,HA,N477HA,293,12173,HNL,"Honolulu, HI",12982,LIH,"Lihue, HI",1315,1323,8,0,1300-1359,1357,1409,12,1300-1359,0,,42,46,102,1,,,,,,
12,7,6,WN,N7879A,453,10821,BWI,"Baltimore, MD",13204,MCO,"Orlando, FL",1700,1655,0,0,1700-1759,1920,1903,0,1900-1959,0,,140,128,787,4,,,,,,
12,9,1,UA,N496UA,1256,11423,DSM,"Des Moines, IA",11292,DEN,"Denver, CO",0735,0728,0,0,0700-0759,0829,0824,0,0800-0859,0,,114,116,589,3,,,,,,
12,31,2,9E,N924XJ,5163,10994,CHS,"Charleston, SC",10397,ATL,"Atlanta, GA",1245,1242,0,0,1200-1259,1404,1400,0,1400-1459,0,,79,78,259,2,,,,,,
12,12,4,OO,N449SW,3871,10397,ATL,"Atlanta, GA",11823,FWA,"Fort Wayne, IN",2000,2032,32,1,2000-2059,2154,2159,5,2100-2159,0,,114,87,508,3,,,,,,
12,7,6,OO,N954SW,5713,14711,SCE,"State College, PA",13930,ORD,"Chicago, IL",1730,1727,0,0,1700-1759,1840,1813,0,1800-1859,0,,130,106,528,3,,,,,,
12,22,7,AA,N160AN,2630,12266,IAH,"Houston, TX",11298,DFW,"Dallas/Fort Worth, TX",1435,1432,0,0,1400-1459,1555,1547,0,1500-1559,0,,80,75,224,1,,,,,,
12,26,4,WN,N253WN,1413,14683,SAT,"San Antonio, TX",14107,PHX,"Phoenix, AZ",1000,1014,14,0,1000-1059,1130,1139,9,1100-1159,0,,150,145,843,4,,,,,,
12,1,7,AA,N701UW,2011,12266,IAH,"Houston, TX",11057,CLT,"Charlotte, NC",0646,0643,0,0,0600-0659,1019,1027,8,1000-1059,0,,153,164,912,4,,,,,,
12,2,1,UA,N590UA,751,11618,EWR,"Newark, NJ",12892,LAX,"Los Angeles, CA",1600,1556,0,0,1600-1659,1914,2005,51,1900-1959,0,,374,429,2454,10,0,0,51,0,0,
12,14,6,B6,N554JB,576,13495,MSY,"New Orleans, LA",12478,JFK,"New York, NY",1810,1837,27,1,1800-1859,2159,2227,28,2100-2159,0,,169,170,1182,5,0,0,6,0,22,
12,19,4,DL,N3765,2562,14869,SLC,"Salt Lake City, UT",14893,SMF,"Sacramento, CA",1129,1125,0,0,1100-1159,1221,1220,0,1200-1259,0,,112,115,532,3,,,,,,
12,5,4,DL,N390DN,2305,14683,SAT,"San Antonio, TX",10397,ATL,"Atlanta, GA",0800,0757,0,0,0800-0859,1112,1122,10,1100-1159,0,,132,145,874,4,,,,,,
12,5,4,DL,N660DL,1572,10397,ATL,"Atlanta, GA",15304,TPA,"Tampa, FL",0726,0724,0,0,0700-0759,0853,0849,0,0800-0859,0,,87,85,406,2,,,,,,
12,18,3,AS,N278AK,981,14869,SLC,"Salt Lake City, UT",14747,SEA,"Seattle, WA",1240,1237,0,0,1200-1259,1407,1327,0,1400-1459,0,,147,110,689,3,,,,,,
12,5,4,UA,N67845,1800,12889,LAS,"Las Vegas, NV",14771,SFO,"San Francisco, CA",1541,1541,0,0,1500-1559,1719,1714,0,1700-1759,0,,98,93,414,2,,,,,,
12,21,6,DL,N906AT,1008,10397,ATL,"Atlanta, GA",11042,CLE,"Cleveland, OH",2153,2149,0,0,2100-2159,2340,2332,0,2300-2359,0,,107,103,554,3,,,,,,
12,23,1,WN,N7702A,1372,10800,BUR,"Burbank, CA",13796,OAK,"Oakland, CA",1900,1917,17,1,1900-1959,2020,2019,0,2000-2059,0,,80,62,325,2,,,,,,
12,16,1,WN,N758SW,1772,14679,SAN,"San Diego, CA",14893,SMF,"Sacramento, CA",1100,1050,0,0,1100-1159,1240,1223,0,1200-1259,0,,100,93,480,2,,,,,,
12,8,7,DL,N374DA,1103,11618,EWR,"Newark, NJ",10397,ATL,"Atlanta, GA",0830,0828,0,0,0800-0859,1103,1052,0,1100-1159,0,,153,144,746,3,,,,,,
12,24,2,9E,N8980A,5072,11433,DTW,"Detroit, MI",11203,CWA,"Mosinee, WI",2025,,,,2000-2059,2107,,,2100-2159,1,B,102,,363,2,,,,,,
12,14,6,AA,N993NN,2285,14908,SNA,"Santa Ana, CA",13930,ORD,"Chicago, IL",0800,0757,0,0,0800-0859,1411,1343,0,1400-1459,0,,251,226,1726,7,,,,,,
12,6,5,9E,N901XJ,4925,11003,CID,"Cedar Rapids/Iowa City, IA",11433,DTW,"Detroit, MI",0630,0629,0,0,0600-0659,0920,0906,0,0900-0959,0,,110,97,430,2,,,,,,
12,28,6,AA,N839AW,1380,11638,FAT,"Fresno, CA",14107,PHX,"Phoenix, AZ",1231,1227,0,0,1200-1259,1514,1451,0,1500-1559,0,,103,84,493,2,,,,,,
12,8,7,HA,N478HA,548,12173,HNL,"Honolulu, HI",12758,KOA,"Kona, HI",1903,1925,22,1,1900-1959,1950,2012,22,1900-1959,0,,47,47,163,1,0,0,0,0,22,
12,18,3,NK,N693NK,123,13495,MSY,"New Orleans, LA",14492,RDU,"Raleigh/Durham, NC",0900,0852,0,0,0900-0959,1203,1141,0,1200-1259,0,,123,109,779,4,,,,,,
12,13,5,WN,N969WN,2033,15016,STL,"St. Louis, MO",13232,MDW,"Chicago, IL",1940,1939,0,0,1900-1959,2045,2037,0,2000-2059,0,,65,58,251,2,,,,,,
12,26,4,UA,N61882,499,13930,ORD,"Chicago, IL",14771,SFO,"San Francisco, CA",1133,1129,0,0,1100-1159,1426,1410,0,1400-1459,0,,293,281,1846,8,,,,,,
12,10,2,DL,N994DL,2472,10397,ATL,"Atlanta, GA",10994,CHS,"Charleston, SC",1347,1344,0,0,1300-1359,1501,1436,0,1500-1559,0,,74,52,259,2,,,,,,
12,26,4,WN,N778SW,402,12191,HOU,"Houston, TX",11540,ELP,"El Paso, TX",0830,0908,38,1,0800-0859,0930,0957,27,0900-0959,0,,120,109,677,3,27,0,0,0,0,
12,4,3,OO,N908EV,5560,11292,DEN,"Denver, CO",14262,PSP,"Palm Springs, CA",1410,1411,1,0,1400-1459,1534,1535,1,1500-1559,0,,144,144,776,4,,,,,,
12,28,6,DL,N344NB,1441,12478,JFK,"New York, NY",10721,BOS,"Boston, MA",1000,0959,0,0,1000-1059,1119,1106,0,1100-1159,0,,79,67,187,1,,,,,,
12,2,1,WN,N8553W,297,11259,DAL,"Dallas, TX",13232,MDW,"Chicago, IL",1645,1645,0,0,1600-1659,1900,1847,0,1900-1959,0,,135,122,793,4,,,,,,
12,15,7,WN,N7842A,4077,10693,BNA,"Nashville, TN",14193,PNS,"Pensacola, FL",1120,1119,0,0,1100-1159,1235,1227,0,1200-1259,0,,75,68,391,2,,,,,,
12,21,6,DL,N393DA,942,14747,SEA,"Seattle, WA",10299,ANC,"Anchorage, AK",1811,1809,0,0,1800-1859,2059,2034,0,2000-2059,0,,228,205,1448,6,,,,,,
12,3,2,DL,N384DN,2379,12953,LGA,"New York, NY",13204,MCO,"Orlando, FL",0805,0800,0,0,0800-0859,1104,1120,16,1100-1159,0,,179,200,950,4,0,0,16,0,0,
12,1,7,AA,N680AW,1808,12889,LAS,"Las Vegas, NV",14107,PHX,"Phoenix, AZ",0630,0626,0,0,0600-0659,0846,0829,0,0800-0859,0,,76,63,255,2,,,,,,
12,26,4,WN,N8570W,2843,13204,MCO,"Orlando, FL",13198,MCI,"Kansas City, MO",0705,0727,22,1,0700-0759,0905,0923,18,0900-0959,0,,180,176,1072,5,0,0,18,0,0,
12,23,1,OO,N163SY,5868,10423,AUS,"Austin, TX",12892,LAX,"Los Angeles, CA",1610,1608,0,0,1600-1659,1751,1737,0,1700-1759,0,,221,209,1242,5,,,,,,
12,6,5,AS,N434AS,755,13495,MSY,"New Orleans, LA",14747,SEA,"Seattle, WA",1825,1833,8,0,1800-1859,2150,2149,0,2100-2159,0,,325,316,2086,9,,,,,,
12,17,2,OO,N265SY,3743,14747,SEA,"Seattle, WA",14057,PDX,"Portland, OR",0935,0935,0,0,0900-0959,1038,1021,0,1000-1059,0,,63,46,129,1,,,,,,
12,26,4,9E,N937XJ,5424,11618,EWR,"Newark, NJ",10721,BOS,"Boston, MA",1050,1042,0,0,1000-1059,1210,1216,6,1200-1259,0,,80,94,200,1,,,,,,
12,14,6,OO,N140SY,5564,14570,RNO,"Reno, NV",13930,ORD,"Chicago, IL",1100,1139,39,1,1100-1159,1654,1709,15,1600-1659,0,,234,210,1671,7,0,0,0,0,15,
12,2,1,DL,N967AT,1852,13487,MSP,"Minneapolis, MN",14492,RDU,"Raleigh/Durham, NC",2020,2019,0,0,2000-2059,2349,2337,0,2300-2359,0,,149,138,980,4,,,,,,
12,30,1,AA,N751AN,119,11298,DFW,"Dallas/Fort Worth, TX",13830,OGG,"Kahului, HI",1120,1116,0,0,1100-1159,1558,1505,0,1500-1559,0,,518,469,3711,11,,,,,,
12,8,7,DL,N687DL,2607,10397,ATL,"Atlanta, GA",15304,TPA,"Tampa, FL",0827,0824,0,0,0800-0859,0953,0935,0,0900-0959,0,,86,71,406,2,,,,,,
12,16,1,9E,N391CA,5439,11995,GSO,"Greensboro/High Point, NC",12953,LGA,"New York, NY",1120,1110,0,0,1100-1159,1300,1232,0,1300-1359,0,,100,82,461,2,,,,,,
12,18,3,UA,N79521,554,12266,IAH,"Houston, TX",11292,DEN,"Denver, CO",0710,0708,0,0,0700-0759,0839,0835,0,0800-0859,0,,149,147,862,4,,,,,,
12,2,1,G4,334NV,2372,14112,PIE,"St. Petersburg, FL",13931,ORF,"Norfolk, VA",1811,1834,23,1,1800-1859,2003,2035,32,2000-2059,0,,112,121,726,3,16,0,9,0,7,
12,3,2,YX,N722YX,3550,12266,IAH,"Houston, TX",11278,DCA,"Washington, DC",0701,0701,0,0,0700-0759,1100,1055,0,1100-1159,0,,179,174,1208,5,,,,,,
12,1,7,F9,N229FR,2098,12889,LAS,"Las Vegas, NV",15304,TPA,"Tampa, FL",2250,2247,0,0,2200-2259,0607,0534,0,0600-0659,0,,257,227,1984,8,,,,,,
12,27,5,YV,N955LR,5757,13851,OKC,"Oklahoma City, OK",11298,DFW,"Dallas/Fort Worth, TX",2019,2013,0,0,2000-2059,2129,2106,0,2100-2159,0,,70,53,175,1,,,,,,
12,6,5,NK,N606NK,406,15304,TPA,"Tampa, FL",10529,BDL,"Hartford, CT",1230,1224,0,0,1200-1259,1511,1507,0,1500-1559,0,,161,163,1111,5,,,,,,
12,2,1,AA,N535UW,1729,10397,ATL,"Atlanta, GA",13303,MIA,"Miami, FL",1948,1943,0,0,1900-1959,2153,2122,0,2100-2159,0,,125,99,594,3,,,,,,
12,13,5,OO,N916SW,5109,11076,CMX,"Hancock/Houghton, MI",13930,ORD,"Chicago, IL",0610,0601,0,0,0600-0659,0701,0649,0,0700-0759,0,,111,108,360,2,,,,,,
12,14,6,DL,N6704Z,1001,13204,MCO,"Orlando, FL",10397,ATL,"Atlanta, GA",0920,0914,0,0,0900-0959,1057,1043,0,1000-1059,0,,97,89,404,2,,,,,,
12,13,5,HA,N480HA,537,12758,KOA,"Kona, HI",12173,HNL,"Honolulu, HI",1940,1935,0,0,1900-1959,2028,2019,0,2000-2059,0,,48,44,163,1,,,,,,
12,2,1,WN,N280WN,1600,14683,SAT,"San Antonio, TX",10821,BWI,"Baltimore, MD",1710,1708,0,0,1700-1759,2110,2120,10,2100-2159,0,,180,192,1407,6,,,,,,
12,4,3,B6,N608JB,275,10529,BDL,"Hartford, CT",14843,SJU,"San Juan, PR",0540,0548,8,0,0001-0559,1032,1041,9,1000-1059,0,,232,233,1666,7,,,,,,
12,14,6,B6,N552JB,813,12197,HPN,"White Plains, NY",11697,FLL,"Fort Lauderdale, FL",1945,2052,67,1,1900-1959,2243,2343,60,2200-2259,0,,178,171,1097,5,0,0,0,0,60,
12,17,2,DL,N608AT,2816,12953,LGA,"New York, NY",13930,ORD,"Chicago, IL",1110,1234,84,1,1100-1159,1257,1415,78,1200-1259,0,,167,161,733,3,0,0,0,0,78,
12,18,3,DL,N934DN,580,10397,ATL,"Atlanta, GA",13931,ORF,"Norfolk, VA",1447,1445,0,0,1400-1459,1620,1607,0,1600-1659,0,,93,82,516,3,,,,,,
12,17,2,MQ,N932AE,4160,15412,TYS,"Knoxville, TN",13930,ORD,"Chicago, IL",1507,1514,7,0,1500-1559,1559,1549,0,1500-1559,0,,112,95,475,2,,,,,,
12,23,1,MQ,N905JH,3655,14524,RIC,"Richmond, VA",13930,ORD,"Chicago, IL",1039,1034,0,0,1000-1059,1155,1136,0,1100-1159,0,,136,122,642,3,,,,,,
12,17,2,UA,N17753,1479,14908,SNA,"Santa Ana, CA",11618,EWR,"Newark, NJ",2115,2127,12,0,2100-2159,0508,0507,0,0001-0559,0,,293,280,2434,10,,,,,,
12,2,1,DL,N398DA,2600,12892,LAX,"Los Angeles, CA",14771,SFO,"San Francisco, CA",1029,1308,159,1,1000-1059,1207,1420,133,1200-1259,0,,98,72,337,2,0,0,133,0,0,
12,6,5,WN,N965WN,910,13796,OAK,"Oakland, CA",12191,HOU,"Houston, TX",1800,1835,35,1,1800-1859,2340,2351,11,2300-2359,0,,220,196,1642,7,,,,,,
12,6,5,YX,N860RW,5868,10721,BOS,"Boston, MA",14122,PIT,"Pittsburgh, PA",0848,0844,0,0,0800-0859,1049,1034,0,1000-1059,0,,121,110,496,2,,,,,,
12,27,5,AA,N951AA,1358,11298,DFW,"Dallas/Fort Worth, TX",14683,SAT,"San Antonio, TX",0800,0759,0,0,0800-0859,0914,0859,0,0900-0959,0,,74,60,247,1,,,,,,
12,13,5,OO,N901EV,5239,14771,SFO,"San Francisco, CA",14689,SBA,"Santa Barbara, CA",1617,1639,22,1,1600-1659,1740,1743,3,1700-1759,0,,83,64,262,2,,,,,,
12,30,1,OO,N886AS,3627,11433,DTW,"Detroit, MI",14576,ROC,"Rochester, NY",1015,1012,0,0,1000-1059,1147,1120,0,1100-1159,0,,92,68,296,2,,,,,,
12,22,7,AA,N942AN,2782,12339,IND,"Indianapolis, IN",11298,DFW,"Dallas/Fort Worth, TX",0600,0556,0,0,0600-0659,0745,0711,0,0700-0759,0,,165,135,761,4,,,,,,
12,21,6,AA,N154UW,1659,11057,CLT,"Charlotte, NC",14771,SFO,"San Francisco, CA",1500,1523,23,1,1500-1559,1749,1745,0,1700-1759,0,,349,322,2296,10,,,,,,
12,2,1,UA,N73445,418,11042,CLE,"Cleveland, OH",13930,ORD,"Chicago, IL",1415,1418,3,0,1400-1459,1442,1431,0,1400-1459,0,,87,73,315,2,,,,,,
12,24,2,YX,N654RW,3638,11292,DEN,"Denver, CO",11884,GEG,"Spokane, WA",0935,0949,14,0,0900-0959,1113,1104,0,1100-1159,0,,158,135,836,4,,,,,,
12,17,2,DL,N332NW,1404,12892,LAX,"Los Angeles, CA",14869,SLC,"Salt Lake City, UT",0735,0734,0,0,0700-0759,1023,1031,8,1000-1059,0,,108,117,590,3,,,,,,
12,29,7,UA,N13720,715,14683,SAT,"San Antonio, TX",11618,EWR,"Newark, NJ",0600,0557,0,0,0600-0659,1036,1015,0,1000-1059,0,,216,198,1569,7,,,,,,
12,7,6,WN,N933WN,3155,10821,BWI,"Baltimore, MD",14492,RDU,"Raleigh/Durham, NC",1825,1826,1,0,1800-1859,1935,1925,0,1900-1959,0,,70,59,255,2,,,,,,
12,16,1,WN,N295WN,1853,14831,SJC,"San Jose, CA",14908,SNA,"Santa Ana, CA",0630,0646,16,1,0600-0659,0750,0758,8,0700-0759,0,,80,72,342,2,,,,,,
12,23,1,AS,N533AS,741,14771,SFO,"San Francisco, CA",14747,SEA,"Seattle, WA",0600,,,,0600-0659,0820,,,0800-0859,1,A,140,,679,3,,,,,,
12,15,7,YX,N131HQ,4358,14100,PHL,"Philadelphia, PA",13198,MCI,"Kansas City, MO",2046,2036,0,0,2000-2059,2252,2304,12,2200-2259,0,,186,208,1038,5,,,,,,
12,27,5,DL,N822DN,2717,10397,ATL,"Atlanta, GA",14057,PDX,"Portland, OR",1846,1859,13,0,1800-1859,2125,2114,0,2100-2159,0,,339,315,2172,9,,,,,,
12,12,4,WN,N8633A,931,12889,LAS,"Las Vegas, NV",14570,RNO,"Reno, NV",1315,1330,15,1,1300-1359,1440,1501,21,1400-1459,0,,85,91,345,2,2,0,6,0,13,
12,2,1,AA,N508AY,2785,12892,LAX,"Los Angeles, CA",12889,LAS,"Las Vegas, NV",1930,1924,0,0,1900-1959,2039,2031,0,2000-2059,0,,69,67,236,1,,,,,,
12,1,7,UA,N836UA,2046,13930,ORD,"Chicago, IL",11884,GEG,"Spokane, WA",1955,2139,104,1,1900-1959,2159,2349,110,2100-2159,0,,244,250,1498,6,25,0,6,0,79,
12,10,2,F9,N720FR,2146,12889,LAS,"Las Vegas, NV",11057,CLT,"Charlotte, NC",1810,2013,123,1,1800-1859,0134,0305,91,0001-0559,0,,264,232,1916,8,63,0,0,0,28,
12,29,7,WN,N476WN,5375,10529,BDL,"Hartford, CT",10821,BWI,"Baltimore, MD",1000,0958,0,0,1000-1059,1115,1106,0,1100-1159,0,,75,68,283,2,,,,,,
12,19,4,WN,N484WN,382,14771,SFO,"San Francisco, CA",12892,LAX,"Los Angeles, CA",1655,1656,1,0,1600-1659,1825,1822,0,1800-1859,0,,90,86,337,2,,,,,,
12,4,3,DL,N991DL,1061,10397,ATL,"Atlanta, GA",14524,RIC,"Richmond, VA",1415,1427,12,0,1400-1459,1546,1555,9,1500-1559,0,,91,88,481,2,,,,,,
12,28,6,MQ,N817AE,3853,11298,DFW,"Dallas/Fort Worth, TX",13244,MEM,"Memphis, TN",0727,0732,5,0,0700-0759,0906,0919,13,0900-0959,0,,99,107,431,2,,,,,,
12,29,7,9E,N134EV,4891,10397,ATL,"Atlanta, GA",13029,LNK,"Lincoln, NE",1958,1953,0,0,1900-1959,2140,2112,0,2100-2159,0,,162,139,841,4,,,,,,
12,26,4,OH,N712PS,5586,14100,PHL,"Philadelphia, PA",14730,SDF,"Louisville, KY",0935,0934,0,0,0900-0959,1145,1150,5,1100-1159,0,,130,136,576,3,,,,,,
12,13,5,UA,N17133,1731,12758,KOA,"Kona, HI",11292,DEN,"Denver, CO",2057,2047,0,0,2000-2059,0636,0548,0,0600-0659,0,,399,361,3329,11,,,,,,
12,1,7,AA,N540UW,1727,14679,SAN,"San Diego, CA",11298,DFW,"Dallas/Fort Worth, TX",2245,0755,550,1,2200-2259,0340,1249,549,0001-0559,0,,175,174,1171,5,489,0,0,0,60,
12,18,3,AS,N474AS,942,12173,HNL,"Honolulu, HI",14747,SEA,"Seattle, WA",1605,1558,0,0,1600-1659,0004,2334,0,0001-0559,0,,359,336,2677,11,,,,,,
12,6,5,AA,N769US,1039,13487,MSP,"Minneapolis, MN",13930,ORD,"Chicago, IL",1925,1917,0,0,1900-1959,2059,2038,0,2000-2059,0,,94,81,334,2,,,,,,
12,9,1,OO,N152SY,5906,10693,BNA,"Nashville, TN",13930,ORD,"Chicago, IL",0700,0659,0,0,0700-0759,0852,0832,0,0800-0859,0,,112,93,409,2,,,,,,
12,31,2,EV,N14991,4068,11433,DTW,"Detroit, MI",13930,ORD,"Chicago, IL",1407,1359,0,0,1400-1459,1442,1448,6,1400-1459,0,,95,109,235,1,,,,,,
12,8,7,DL,N396DN,2151,13303,MIA,"Miami, FL",12953,LGA,"New York, NY",0700,0656,0,0,0700-0759,1000,0954,0,1000-1059,0,,180,178,1096,5,,,,,,
12,2,1,DL,N3767,1146,11252,DAB,"Daytona Beach, FL",10397,ATL,"Atlanta, GA",0705,0702,0,0,0700-0759,0834,0826,0,0800-0859,0,,89,84,366,2,,,,,,
12,9,1,WN,N8698B,2483,12191,HOU,"Houston, TX",11697,FLL,"Fort Lauderdale, FL",1605,1601,0,0,1600-1659,1925,1910,0,1900-1959,0,,140,129,957,4,,,,,,
12,23,1,OH,N539EA,5102,12448,JAN,"Jackson/Vicksburg, MS",11057,CLT,"Charlotte, NC",1018,1008,0,0,1000-1059,1307,1254,0,1300-1359,0,,109,106,562,3,,,,,,
12,2,1,WN,N410WN,1675,14869,SLC,"Salt Lake City, UT",11259,DAL,"Dallas, TX",1220,1228,8,0,1200-1259,1550,1546,0,1500-1559,0,,150,138,999,4,,,,,,
12,12,4,9E,N326PQ,5197,10135,ABE,"Allentown/Bethlehem/Easton, PA",10397,ATL,"Atlanta, GA",1752,1748,0,0,1700-1759,2019,2008,0,2000-2059,0,,147,140,692,3,,,,,,
12,20,5,OO,N907EV,5618,15370,TUL,"Tulsa, OK",11292,DEN,"Denver, CO",1706,1710,4,0,1700-1759,1810,1755,0,1800-1859,0,,124,105,541,3,,,,,,
12,19,4,AA,N128UW,1645,11057,CLT,"Charlotte, NC",14492,RDU,"Raleigh/Durham, NC",2029,2041,12,0,2000-2059,2133,2152,19,2100-2159,0,,64,71,130,1,0,0,19,0,0,
12,12,4,OO,N864AS,5110,13930,ORD,"Chicago, IL",14877,SLN,"Salina, KS",1007,0954,0,0,1000-1059,1223,1211,0,1200-1259,0,,136,137,559,3,,,,,,
12,10,2,AA,N844NN,2374,14100,PHL,"Philadelphia, PA",13930,ORD,"Chicago, IL",1648,1643,0,0,1600-1659,1816,1821,5,1800-1859,0,,148,158,678,3,,,,,,
12,26,4,WN,N7746C,195,10821,BWI,"Baltimore, MD",14683,SAT,"San Antonio, TX",0815,0820,5,0,0800-0859,1115,1102,0,1100-1159,0,,240,222,1407,6,,,,,,
12,6,5,MQ,N819AE,3574,11298,DFW,"Dallas/Fort Worth, TX",13061,LRD,"Laredo, TX",0855,0853,0,0,0800-0859,1034,1009,0,1000-1059,0,,99,76,396,2,,,,,,
12,27,5,OH,N605NN,5070,11057,CLT,"Charlotte, NC",15016,STL,"St. Louis, MO",2220,2307,47,1,2200-2259,2331,2354,23,2300-2359,0,,131,107,575,3,23,0,0,0,0,
12,6,5,DL,N3750D,1315,10721,BOS,"Boston, MA",13204,MCO,"Orlando, FL",0810,0804,0,0,0800-0859,1139,1117,0,1100-1159,0,,209,193,1121,5,,,,,,
12,22,7,AS,N587AS,476,14747,SEA,"Seattle, WA",14689,SBA,"Santa Barbara, CA",1005,1014,9,0,1000-1059,1240,1528,,1200-1259,0,,155,,908,4,,,,,,
12,2,1,9E,N295PQ,5053,15919,XNA,"Fayetteville, AR",10397,ATL,"Atlanta, GA",1130,1129,0,0,1100-1159,1419,1402,0,1400-1459,0,,109,93,589,3,,,,,,
12,5,4,HA,N480HA,208,12173,HNL,"Honolulu, HI",12758,KOA,"Kona, HI",0932,0927,0,0,0900-0959,1020,1014,0,1000-1059,0,,48,47,163,1,,,,,,
12,25,3,AA,N805AW,1745,11278,DCA,"Washington, DC",15304,TPA,"Tampa, FL",1515,1514,0,0,1500-1559,1746,1726,0,1700-1759,0,,151,132,814,4,,,,,,
12,27,5,OH,N723PS,5650,13244,MEM,"Memphis, TN",14100,PHL,"Philadelphia, PA",0605,0556,0,0,0600-0659,0929,0915,0,0900-0959,0,,144,139,875,4,,,,,,
12,20,5,YV,N916FJ,5828,10599,BHM,"Birmingham, AL",11298,DFW,"Dallas/Fort Worth, TX",1436,1435,0,0,1400-1459,1644,1655,11,1600-1659,0,,128,140,597,3,,,,,,
12,13,5,MQ,N250NN,3690,13930,ORD,"Chicago, IL",15096,SYR,"Syracuse, NY",1854,1858,4,0,1800-1859,2152,2152,0,2100-2159,0,,118,114,607,3,,,,,,
12,2,1,9E,N147PQ,5400,12339,IND,"Indianapolis, IN",11433,DTW,"Detroit, MI",0755,0751,0,0,0700-0759,0916,0900,0,0900-0959,0,,81,69,231,1,,,,,,
12,24,2,AA,N898NN,336,13303,MIA,"Miami, FL",13930,ORD,"Chicago, IL",1545,1544,0,0,1500-1559,1812,1753,0,1800-1859,0,,207,189,1197,5,,,,,,
12,15,7,UA,N63820,495,11292,DEN,"Denver, CO",12264,IAD,"Washington, DC",1108,1105,0,0,1100-1159,1620,1555,0,1600-1659,0,,192,170,1452,6,,,,,,
12,24,2,YX,N404YX,4594,13487,MSP,"Minneapolis, MN",11278,DCA,"Washington, DC",0651,0645,0,0,0600-0659,1039,1027,0,1000-1059,0,,168,162,931,4,,,,,,
12,23,1,DL,N3773D,2672,13204,MCO,"Orlando, FL",14492,RDU,"Raleigh/Durham, NC",0705,0658,0,0,0700-0759,0855,0845,0,0800-0859,0,,110,107,534,3,,,,,,
12,7,6,DL,N992AT,1772,12197,HPN,"White Plains, NY",10397,ATL,"Atlanta, GA",1615,1610,0,0,1600-1659,1857,1822,0,1800-1859,0,,162,132,780,4,,,,,,
12,6,5,B6,N627JB,433,11278,DCA,"Washington, DC",14027,PBI,"West Palm Beach/Palm Beach, FL",1555,1600,5,0,1500-1559,1825,1823,0,1800-1859,0,,150,143,857,4,,,,,,
12,12,4,9E,N8839E,5049,12478,JFK,"New York, NY",10785,BTV,"Burlington, VT",1505,1501,0,0,1500-1559,1644,1614,0,1600-1659,0,,99,73,266,2,,,,,,
12,21,6,DL,N309DN,1451,11433,DTW,"Detroit, MI",13303,MIA,"Miami, FL",2010,2008,0,0,2000-2059,2316,2258,0,2300-2359,0,,186,170,1145,5,,,,,,
12,21,6,OO,N718SK,3116,13930,ORD,"Chicago, IL",10990,CHO,"Charlottesville, VA",2057,2048,0,0,2000-2059,2354,2331,0,2300-2359,0,,117,103,566,3,,,,,,
12,22,7,DL,N903DE,3130,10397,ATL,"Atlanta, GA",11042,CLE,"Cleveland, OH",1220,1220,0,0,1200-1259,1405,1354,0,1400-1459,0,,105,94,554,3,,,,,,
12,4,3,UA,N62892,1045,12266,IAH,"Houston, TX",10423,AUS,"Austin, TX",1820,1817,0,0,1800-1859,1924,1909,0,1900-1959,0,,64,52,140,1,,,,,,
12,14,6,OO,N838SK,3792,11433,DTW,"Detroit, MI",11537,ELM,"Elmira/Corning, NY",1559,1629,30,1,1500-1559,1718,1740,22,1700-1759,0,,79,71,332,2,0,22,0,0,0,
12,19,4,OO,N961SW,5676,14698,SBP,"San Luis Obispo, CA",11292,DEN,"Denver, CO",0626,0626,0,0,0600-0659,1008,0956,0,1000-1059,0,,162,150,931,4,,,,,,
12,4,3,DL,N358DN,955,12953,LGA,"New York, NY",11433,DTW,"Detroit, MI",0928,0923,0,0,0900-0959,1140,1110,0,1100-1159,0,,132,107,502,3,,,,,,
12,21,6,B6,N206JB,1300,13495,MSY,"New Orleans, LA",10721,BOS,"Boston, MA",0545,0541,0,0,0001-0559,0952,0938,0,0900-0959,0,,187,177,1368,6,,,,,,
12,18,3,WN,N947WN,12,11259,DAL,"Dallas, TX",10994,CHS,"Charleston, SC",1040,1049,9,0,1000-1059,1400,1405,5,1400-1459,0,,140,136,977,4,,,,,,
12,11,3,AA,N897NN,2198,11298,DFW,"Dallas/Fort Worth, TX",11697,FLL,"Fort Lauderdale, FL",1450,1451,1,0,1400-1459,1830,1827,0,1800-1859,0,,160,156,1119,5,,,,,,
12,11,3,MQ,N263NN,3958,10208,AGS,"Augusta, GA",11298,DFW,"Dallas/Fort Worth, TX",1613,1612,0,0,1600-1659,1805,1751,0,1800-1859,0,,172,159,874,4,,,,,,
12,9,1,OO,N908SW,5527,14771,SFO,"San Francisco, CA",15376,TUS,"Tucson, AZ",1625,1823,118,1,1600-1659,1937,2137,120,1900-1959,0,,132,134,751,4,0,0,2,0,118,
12,16,1,B6,N651JB,1494,13204,MCO,"Orlando, FL",12197,HPN,"White Plains, NY",1110,1108,0,0,1100-1159,1345,1332,0,1300-1359,0,,155,144,972,4,,,,,,
12,20,5,B6,N306JB,1369,10721,BOS,"Boston, MA",11697,FLL,"Fort Lauderdale, FL",1030,1121,51,1,1000-1059,1407,1429,22,1400-1459,0,,217,188,1237,5,10,0,0,0,12,
12,27,5,AA,N809AW,2105,10140,ABQ,"Albuquerque, NM",14107,PHX,"Phoenix, AZ",1908,1902,0,0,1900-1959,2032,2048,16,2000-2059,0,,84,106,328,2,0,0,16,0,0,
12,26,4,B6,N294JB,2018,12478,JFK,"New York, NY",10721,BOS,"Boston, MA",1234,1238,4,0,1200-1259,1344,1344,0,1300-1359,0,,70,66,187,1,,,,,,
12,23,1,MQ,N900AE,3320,15048,SUX,"Sioux City, IA",13930,ORD,"Chicago, IL",1552,1601,9,0,1500-1559,1737,1732,0,1700-1759,0,,105,91,436,2,,,,,,
12,15,7,F9,N206FR,756,14107,PHX,"Phoenix, AZ",11292,DEN,"Denver, CO",1554,1550,0,0,1500-1559,1755,1722,0,1700-1759,0,,121,92,602,3,,,,,,
12,23,1,AA,N150UW,461,13204,MCO,"Orlando, FL",11057,CLT,"Charlotte, NC",0840,0842,2,0,0800-0859,1033,1008,0,1000-1059,0,,113,86,468,2,,,,,,
12,2,1,WN,N8314L,450,12758,KOA,"Kona, HI",12173,HNL,"Honolulu, HI",1440,1441,1,0,1400-1459,1535,1520,0,1500-1559,0,,55,39,163,1,,,,,,
12,9,1,AA,N752AN,5,11298,DFW,"Dallas/Fort Worth, TX",12173,HNL,"Honolulu, HI",1120,1113,0,0,1100-1159,1558,1556,0,1500-1559,0,,518,523,3784,11,,,,,,
12,18,3,OO,N771SK,3191,12339,IND,"Indianapolis, IN",13930,ORD,"Chicago, IL",1605,1558,0,0,1600-1659,1622,1605,0,1600-1659,0,,77,67,177,1,,,,,,
12,3,2,WN,N428WN,2047,14107,PHX,"Phoenix, AZ",13891,ONT,"Ontario, CA",1750,1819,29,1,1700-1759,1805,1819,14,1800-1859,0,,75,60,325,2,,,,,,
12,16,1,MQ,N848AE,3858,13930,ORD,"Chicago, IL",11067,CMI,"Champaign/Urbana, IL",1710,1745,35,1,1700-1759,1804,1903,59,1800-1859,0,,54,78,135,1,0,0,24,0,35,
12,14,6,WN,N727SW,3623,11697,FLL,"Fort Lauderdale, FL",10821,BWI,"Baltimore, MD",2040,2038,0,0,2000-2059,2310,2305,0,2300-2359,0,,150,147,925,4,,,,,,
12,17,2,AA,N883NN,2743,11540,ELP,"El Paso, TX",11298,DFW,"Dallas/Fort Worth, TX",1655,1654,0,0,1600-1659,1944,1922,0,1900-1959,0,,109,88,551,3,,,,,,
12,21,6,WN,N8602F,5326,13204,MCO,"Orlando, FL",10792,BUF,"Buffalo, NY",1125,1125,0,0,1100-1159,1350,1408,18,1300-1359,0,,145,163,1011,5,0,0,18,0,0,
12,19,4,WN,N784SW,267,11481,ECP,"Panama City, FL",10693,BNA,"Nashville, TN",0700,0652,0,0,0700-0759,0820,0807,0,0800-0859,0,,80,75,401,2,,,,,,
12,23,1,AA,N359PX,453,15016,STL,"St. Louis, MO",12892,LAX,"Los Angeles, CA",0729,0737,8,0,0700-0759,0956,0953,0,0900-0959,0,,267,256,1592,7,,,,,,
12,1,7,DL,N911DE,2483,13851,OKC,"Oklahoma City, OK",10397,ATL,"Atlanta, GA",1840,1841,1,0,1800-1859,2144,2127,0,2100-2159,0,,124,106,761,4,,,,,,
12,3,2,9E,N8839E,4864,14576,ROC,"Rochester, NY",12478,JFK,"New York, NY",1024,1133,69,1,1000-1059,1200,1244,44,1200-1259,0,,96,71,264,2,0,0,0,0,44,
12,19,4,OO,N919EV,4223,11433,DTW,"Detroit, MI",12397,ITH,"Ithaca/Cortland, NY",1029,1028,0,0,1000-1059,1201,1135,0,1200-1259,0,,92,67,353,2,,,,,,
12,15,7,G4,271NV,2483,14761,SFB,"Sanford, FL",11986,GRR,"Grand Rapids, MI",0922,0929,7,0,0900-0959,1204,1212,8,1200-1259,0,,162,163,1001,5,,,,,,
12,5,4,WN,N928WN,2342,13232,MDW,"Chicago, IL",10397,ATL,"Atlanta, GA",0700,0710,10,0,0700-0759,1000,0948,0,1000-1059,0,,120,98,591,3,,,,,,
12,13,5,UA,N808UA,414,10994,CHS,"Charleston, SC",13930,ORD,"Chicago, IL",0745,0737,0,0,0700-0759,0910,0845,0,0900-0959,0,,145,128,760,4,,,,,,
12,5,4,AA,N948UW,2124,12953,LGA,"New York, NY",11278,DCA,"Washington, DC",1300,1254,0,0,1300-1359,1430,1415,0,1400-1459,0,,90,81,214,1,,,,,,
12,19,4,UA,N838UA,1709,12953,LGA,"New York, NY",13930,ORD,"Chicago, IL",1800,1848,48,1,1800-1859,1949,2009,20,1900-1959,0,,169,141,733,3,8,0,0,0,12,
12,6,5,WN,N7722B,3337,10800,BUR,"Burbank, CA",14107,PHX,"Phoenix, AZ",0730,0725,0,0,0700-0759,1000,0949,0,1000-1059,0,,90,84,369,2,,,,,,
12,27,5,YX,N111HQ,4641,11057,CLT,"Charlotte, NC",12124,HHH,"Hilton Head, SC",1300,1255,0,0,1300-1359,1412,1356,0,1400-1459,0,,72,61,207,1,,,,,,
12,27,5,UA,N87527,2262,14771,SFO,"San Francisco, CA",11042,CLE,"Cleveland, OH",1040,1034,0,0,1000-1059,1820,1750,0,1800-1859,0,,280,256,2161,9,,,,,,
12,13,5,WN,N7853B,1565,10721,BOS,"Boston, MA",10821,BWI,"Baltimore, MD",0945,0944,0,0,0900-0959,1130,1111,0,1100-1159,0,,105,87,369,2,,,,,,
12,9,1,MQ,N663AR,4005,11267,DAY,"Dayton, OH",13930,ORD,"Chicago, IL",1121,1114,0,0,1100-1159,1136,1122,0,1100-1159,0,,75,68,240,1,,,,,,
12,21,6,AA,N755US,2826,12892,LAX,"Los Angeles, CA",13495,MSY,"New Orleans, LA",1919,1928,9,0,1900-1959,0057,0105,8,0001-0559,0,,218,217,1670,7,,,,,,
12,25,3,YX,N653RW,3738,14576,ROC,"Rochester, NY",13930,ORD,"Chicago, IL",0800,0747,0,0,0800-0859,0915,0909,0,0900-0959,0,,135,142,528,3,,,,,,
12,16,1,DL,N924DZ,520,14869,SLC,"Salt Lake City, UT",14831,SJC,"San Jose, CA",2219,2217,0,0,2200-2259,2324,2322,0,2300-2359,0,,125,125,584,3,,,,,,
12,26,4,UA,N23707,1075,11618,EWR,"Newark, NJ",14908,SNA,"Santa Ana, CA",1845,1845,0,0,1800-1859,2207,2207,0,2200-2259,0,,382,382,2434,10,,,,,,
12,26,4,WN,N957WN,1641,10821,BWI,"Baltimore, MD",12391,ISP,"Islip, NY",1240,1246,6,0,1200-1259,1345,1345,0,1300-1359,0,,65,59,220,1,,,,,,
12,10,2,AA,N859NN,462,14107,PHX,"Phoenix, AZ",10397,ATL,"Atlanta, GA",1317,1315,0,0,1300-1359,1851,1844,0,1800-1859,0,,214,209,1587,7,,,,,,
12,11,3,NK,N691NK,939,12889,LAS,"Las Vegas, NV",13796,OAK,"Oakland, CA",1550,1548,0,0,1500-1559,1724,1716,0,1700-1759,0,,94,88,407,2,,,,,,
12,29,7,OO,N496CA,3526,11898,GFK,"Grand Forks, ND",13487,MSP,"Minneapolis, MN",1520,,,,1500-1559,1649,,,1600-1659,1,B,89,,284,2,,,,,,
12,15,7,WN,N8508W,5606,13232,MDW,"Chicago, IL",10599,BHM,"Birmingham, AL",2140,2149,9,0,2100-2159,2320,2324,4,2300-2359,0,,100,95,570,3,,,,,,
12,6,5,WN,N962WN,4444,10821,BWI,"Baltimore, MD",14307,PVD,"Providence, RI",1420,1421,1,0,1400-1459,1540,1536,0,1500-1559,0,,80,75,327,2,,,,,,
12,1,7,UA,N37408,1481,12266,IAH,"Houston, TX",14683,SAT,"San Antonio, TX",1641,1635,0,0,1600-1659,1748,1758,10,1700-1759,0,,67,83,191,1,,,,,,
12,11,3,UA,N35204,2338,15304,TPA,"Tampa, FL",12264,IAD,"Washington, DC",0900,0857,0,0,0900-0959,1105,1051,0,1100-1159,0,,125,114,811,4,,,,,,
12,16,1,B6,N983JT,264,14747,SEA,"Seattle, WA",12478,JFK,"New York, NY",2228,2224,0,0,2200-2259,0632,0620,0,0600-0659,0,,304,296,2422,10,,,,,,
12,22,7,YV,N930LR,5788,14730,SDF,"Louisville, KY",11298,DFW,"Dallas/Fort Worth, TX",0822,0817,0,0,0800-0859,0954,1212,,0900-0959,0,,152,,733,3,,,,,,
12,8,7,OO,N148SY,5929,11292,DEN,"Denver, CO",13891,ONT,"Ontario, CA",1915,1911,0,0,1900-1959,2040,2048,8,2000-2059,0,,145,157,819,4,,,,,,
12,8,7,EV,N602UX,4170,13487,MSP,"Minneapolis, MN",13930,ORD,"Chicago, IL",1318,1313,0,0,1300-1359,1455,1455,0,1400-1459,0,,97,102,334,2,,,,,,
12,30,1,WN,N8650F,2425,13851,OKC,"Oklahoma City, OK",12191,HOU,"Houston, TX",1455,1508,13,0,1400-1459,1620,1624,4,1600-1659,0,,85,76,419,2,,,,,,
12,30,1,NK,N667NK,216,12266,IAH,"Houston, TX",10821,BWI,"Baltimore, MD",1503,1459,0,0,1500-1559,1856,1851,0,1800-1859,0,,173,172,1235,5,,,,,,
12,2,1,DL,N357DN,2181,13204,MCO,"Orlando, FL",12953,LGA,"New York, NY",1535,1720,105,1,1500-1559,1811,2006,115,1800-1859,0,,156,166,950,4,0,0,77,0,38,
12,26,4,AA,N669AW,1860,11057,CLT,"Charlotte, NC",10257,ALB,"Albany, NY",0940,0944,4,0,0900-0959,1138,1139,1,1100-1159,0,,118,115,646,3,,,,,,
12,1,7,WN,N915WN,3737,11259,DAL,"Dallas, TX",10279,AMA,"Amarillo, TX",1715,1716,1,0,1700-1759,1830,1824,0,1800-1859,0,,75,68,323,2,,,,,,
12,26,4,WN,N202WN,933,14122,PIT,"Pittsburgh, PA",11259,DAL,"Dallas, TX",1640,1639,0,0,1600-1659,1845,1829,0,1800-1859,0,,185,170,1060,5,,,,,,
12,4,3,F9,N213FR,824,14635,RSW,"Fort Myers, FL",15356,TTN,"Trenton, NJ",1808,1802,0,0,1800-1859,2057,2049,0,2000-2059,0,,169,167,1028,5,,,,,,
12,17,2,YX,N126HQ,4383,10792,BUF,"Buffalo, NY",14100,PHL,"Philadelphia, PA",0600,0552,0,0,0600-0659,0729,0731,2,0700-0759,0,,89,99,279,2,,,,,,
12,11,3,UA,N34460,824,12892,LAX,"Los Angeles, CA",10721,BOS,"Boston, MA",0820,0816,0,0,0800-0859,1646,1636,0,1600-1659,0,,326,320,2611,11,,,,,,
12,28,6,9E,N131EV,5516,11618,EWR,"Newark, NJ",11433,DTW,"Detroit, MI",1649,1647,0,0,1600-1659,1859,1834,0,1800-1859,0,,130,107,488,2,,,,,,
12,22,7,DL,N895AT,1630,10397,ATL,"Atlanta, GA",14122,PIT,"Pittsburgh, PA",1611,1616,5,0,1600-1659,1750,1746,0,1700-1759,0,,99,90,526,3,,,,,,
12,31,2,WN,N731SA,5039,14679,SAN,"San Diego, CA",14893,SMF,"Sacramento, CA",1835,1846,11,0,1800-1859,2015,2022,7,2000-2059,0,,100,96,480,2,,,,,,
12,22,7,F9,N701FR,1039,10792,BUF,"Buffalo, NY",13204,MCO,"Orlando, FL",2040,2030,0,0,2000-2059,2343,2336,0,2300-2359,0,,183,186,1011,5,,,,,,
12,1,7,WN,N7726A,5365,12191,HOU,"Houston, TX",13204,MCO,"Orlando, FL",1440,1438,0,0,1400-1459,1755,1739,0,1700-1759,0,,135,121,849,4,,,,,,
12,23,1,DL,N829DN,1403,11637,FAR,"Fargo, ND",13487,MSP,"Minneapolis, MN",0636,0640,4,0,0600-0659,0754,0750,0,0700-0759,0,,78,70,223,1,,,,,,
12,19,4,YV,N87337,6383,11540,ELP,"El Paso, TX",12266,IAH,"Houston, TX",0745,0743,0,0,0700-0759,1045,1029,0,1000-1059,0,,120,106,667,3,,,,,,
12,4,3,AA,N810AW,799,10397,ATL,"Atlanta, GA",11057,CLT,"Charlotte, NC",0848,0843,0,0,0800-0859,1015,1013,0,1000-1059,0,,87,90,226,1,,,,,,
12,25,3,F9,N347FR,2523,13342,MKE,"Milwaukee, WI",15304,TPA,"Tampa, FL",0705,0655,0,0,0700-0759,1107,1043,0,1100-1159,0,,182,168,1075,5,,,,,,
12,18,3,AS,N843VA,1665,12478,JFK,"New York, NY",14831,SJC,"San Jose, CA",0935,0932,0,0,0900-0959,1317,1319,2,1300-1359,0,,402,407,2569,11,,,,,,
12,23,1,DL,N584NW,2995,13487,MSP,"Minneapolis, MN",13204,MCO,"Orlando, FL",0900,0859,0,0,0900-0959,1320,1321,1,1300-1359,0,,200,202,1310,6,,,,,,
12,1,7,YX,N875RW,6116,12339,IND,"Indianapolis, IN",12953,LGA,"New York, NY",1732,1750,18,1,1700-1759,1939,2033,54,1900-1959,0,,127,163,660,3,0,0,49,0,5,
12,17,2,OO,N771SK,3057,13076,LSE,"La Crosse, WI",13930,ORD,"Chicago, IL",0529,0526,0,0,0001-0559,0648,0658,10,0600-0659,0,,79,92,215,1,,,,,,
12,1,7,OH,N253PS,5586,14100,PHL,"Philadelphia, PA",10980,CHA,"Chattanooga, TN",2348,,,,2300-2359,0155,,,0001-0559,1,B,127,,641,3,,,,,,
12,5,4,AA,N561UW,1954,14747,SEA,"Seattle, WA",11057,CLT,"Charlotte, NC",0600,0559,0,0,0600-0659,1357,1400,3,1300-1359,0,,297,301,2279,10,,,,,,
12,26,4,G4,312NV,1915,15624,VPS,"Valparaiso, FL",14783,SGF,"Springfield, MO",1847,1825,0,0,1800-1859,2041,2003,0,2000-2059,0,,114,98,610,3,,,,,,
12,12,4,OH,N591NN,5619,11057,CLT,"Charlotte, NC",13577,MYR,"Myrtle Beach, SC",1759,1753,0,0,1700-1759,1901,1911,10,1900-1959,0,,62,78,157,1,,,,,,
12,3,2,WN,N439WN,211,10397,ATL,"Atlanta, GA",10693,BNA,"Nashville, TN",1010,1009,0,0,1000-1059,1025,1004,0,1000-1059,0,,75,55,214,1,,,,,,
12,25,3,OO,N703SK,3058,12892,LAX,"Los Angeles, CA",13264,MFR,"Medford, OR",0935,0930,0,0,0900-0959,1145,1124,0,1100-1159,0,,130,114,630,3,,,,,,
12,31,2,OO,N754EV,3044,11109,COS,"Colorado Springs, CO",13930,ORD,"Chicago, IL",1225,1224,0,0,1200-1259,1557,1540,0,1500-1559,0,,152,136,911,4,,,,,,
12,16,1,WN,N939WN,636,13851,OKC,"Oklahoma City, OK",11278,DCA,"Washington, DC",1155,1233,38,1,1100-1159,1540,1611,31,1500-1559,0,,165,158,1158,5,2,0,0,0,29,
12,21,6,AA,N979NN,1492,11066,CMH,"Columbus, OH",11298,DFW,"Dallas/Fort Worth, TX",1422,1427,5,0,1400-1459,1618,1603,0,1600-1659,0,,176,156,926,4,,,,,,
12,22,7,WN,N915WN,865,13244,MEM,"Memphis, TN",10821,BWI,"Baltimore, MD",2155,2229,34,1,2100-2159,0050,0119,29,0001-0559,0,,115,110,787,4,0,0,0,0,29,
12,25,3,DL,N327NB,2301,14908,SNA,"Santa Ana, CA",13487,MSP,"Minneapolis, MN",1310,1318,8,0,1300-1359,1847,1840,0,1800-1859,0,,217,202,1522,7,,,,,,
12,5,4,YX,N114HQ,4606,12953,LGA,"New York, NY",15016,STL,"St. Louis, MO",1449,1442,0,0,1400-1459,1644,1633,0,1600-1659,0,,175,171,888,4,,,,,,
12,30,1,DL,N6709,2624,14869,SLC,"Salt Lake City, UT",13204,MCO,"Orlando, FL",0935,0934,0,0,0900-0959,1553,1553,0,1500-1559,0,,258,259,1931,8,,,,,,
12,1,7,OO,N898SK,4082,13487,MSP,"Minneapolis, MN",13485,MSN,"Madison, WI",1550,1842,172,1,1500-1559,1705,1940,155,1700-1759,0,,75,58,228,1,0,95,0,0,60,
12,4,3,MQ,N261NN,3507,13930,ORD,"Chicago, IL",11193,CVG,"Cincinnati, OH",2200,2156,0,0,2200-2259,0016,0003,0,0001-0559,0,,76,67,264,2,,,,,,
12,27,5,9E,N926XJ,5302,10994,CHS,"Charleston, SC",10721,BOS,"Boston, MA",1445,1435,0,0,1400-1459,1702,1644,0,1700-1759,0,,137,129,818,4,,,,,,
12,5,4,DL,N903DE,1474,11042,CLE,"Cleveland, OH",10397,ATL,"Atlanta, GA",1230,1530,180,1,1200-1259,1425,1702,157,1400-1459,0,,115,92,554,3,157,0,0,0,0,
12,9,1,WN,N246LV,1773,14893,SMF,"Sacramento, CA",14679,SAN,"San Diego, CA",1355,1352,0,0,1300-1359,1520,1507,0,1500-1559,0,,85,75,480,2,,,,,,
12,3,2,9E,N8783E,4790,11433,DTW,"Detroit, MI",12884,LAN,"Lansing, MI",0830,0826,0,0,0800-0859,0932,0911,0,0900-0959,0,,62,45,74,1,,,,,,
12,23,1,OO,N789SK,5990,13930,ORD,"Chicago, IL",14576,ROC,"Rochester, NY",1810,1809,0,0,1800-1859,2057,2041,0,2000-2059,0,,107,92,528,3,,,,,,
12,26,4,WN,N8302F,269,12173,HNL,"Honolulu, HI",12982,LIH,"Lihue, HI",1025,1023,0,0,1000-1059,1115,1107,0,1100-1159,0,,50,44,102,1,,,,,,
12,21,6,AS,N448AS,625,14683,SAT,"San Antonio, TX",14747,SEA,"Seattle, WA",0600,0553,0,0,0600-0659,0836,0841,5,0800-0859,0,,276,288,1774,8,,,,,,
12,9,1,MQ,N661JA,3640,13930,ORD,"Chicago, IL",11986,GRR,"Grand Rapids, MI",1826,1819,0,0,1800-1859,2032,2033,1,2000-2059,0,,66,74,137,1,,,,,,
12,24,2,MQ,N233NN,3795,11298,DFW,"Dallas/Fort Worth, TX",14783,SGF,"Springfield, MO",1220,1228,8,0,1200-1259,1340,1338,0,1300-1359,0,,80,70,364,2,,,,,,
12,4,3,B6,N975JT,629,13204,MCO,"Orlando, FL",10732,BQN,"Aguadilla, PR",2158,2212,14,0,2100-2159,0138,0138,0,0001-0559,0,,160,146,1129,5,,,,,,
12,9,1,G4,318NV,2115,11537,ELM,"Elmira/Corning, NY",14761,SFB,"Sanford, FL",1014,1014,0,0,1000-1059,1254,1237,0,1200-1259,0,,160,143,954,4,,,,,,
12,18,3,WN,N939WN,2213,10821,BWI,"Baltimore, MD",13204,MCO,"Orlando, FL",1020,1100,40,1,1000-1059,1250,1339,49,1200-1259,0,,150,159,787,4,40,0,9,0,0,
12,31,2,UA,N77535,1708,13930,ORD,"Chicago, IL",13487,MSP,"Minneapolis, MN",0620,0620,0,0,0600-0659,0751,0755,4,0700-0759,0,,91,95,334,2,,,,,,
12,15,7,OO,N803SK,4128,13342,MKE,"Milwaukee, WI",11433,DTW,"Detroit, MI",0926,0958,32,1,0900-0959,1139,1155,16,1100-1159,0,,73,57,237,1,7,0,0,0,9,
12,29,7,UA,N475UA,1744,12892,LAX,"Los Angeles, CA",11292,DEN,"Denver, CO",1814,1811,0,0,1800-1859,2135,2123,0,2100-2159,0,,141,132,862,4,,,,,,
12,7,6,OO,N969SW,5480,14730,SDF,"Louisville, KY",13930,ORD,"Chicago, IL",1800,1751,0,0,1800-1859,1836,1828,0,1800-1859,0,,96,97,286,2,,,,,,
12,12,4,WN,N736SA,1625,14893,SMF,"Sacramento, CA",12892,LAX,"Los Angeles, CA",1450,1449,0,0,1400-1459,1610,1613,3,1600-1659,0,,80,84,373,2,,,,,,
12,17,2,YX,N872RW,5897,14730,SDF,"Louisville, KY",11433,DTW,"Detroit, MI",0610,0608,0,0,0600-0659,0744,0726,0,0700-0759,0,,94,78,306,2,,,,,,
12,12,4,OO,N125SY,5393,13930,ORD,"Chicago, IL",13851,OKC,"Oklahoma City, OK",1930,2000,30,1,1900-1959,2159,2219,20,2100-2159,0,,149,139,693,3,0,0,0,0,20,
12,29,7,YV,N89349,6257,12264,IAD,"Washington, DC",10423,AUS,"Austin, TX",1230,1245,15,1,1200-1259,1521,1539,18,1500-1559,0,,231,234,1297,6,0,0,18,0,0,
12,31,2,UA,N411UA,420,12892,LAX,"Los Angeles, CA",14771,SFO,"San Francisco, CA",1400,1353,0,0,1400-1459,1536,1503,0,1500-1559,0,,96,70,337,2,,,,,,
12,5,4,WN,N270WN,513,12391,ISP,"Islip, NY",11697,FLL,"Fort Lauderdale, FL",0910,0908,0,0,0900-0959,1220,1204,0,1200-1259,0,,190,176,1092,5,,,,,,
12,24,2,F9,N338FR,222,11292,DEN,"Denver, CO",11697,FLL,"Fort Lauderdale, FL",2319,2315,0,0,2300-2359,0519,0512,0,0001-0559,0,,240,237,1703,7,,,,,,
12,31,2,AA,N808AW,1612,11996,GSP,"Greer, SC",11298,DFW,"Dallas/Fort Worth, TX",1547,1544,0,0,1500-1559,1733,1728,0,1700-1759,0,,166,164,862,4,,,,,,
12,14,6,EV,N11539,4087,12266,IAH,"Houston, TX",11049,CLL,"College Station/Bryan, TX",1155,1145,0,0,1100-1159,1246,1228,0,1200-1259,0,,51,43,74,1,,,,,,
12,5,4,WN,N277WN,1696,12892,LAX,"Los Angeles, CA",10423,AUS,"Austin, TX",2010,2026,16,1,2000-2059,0050,0056,6,0001-0559,0,,160,150,1242,5,,,,,,
12,5,4,UA,N820UA,2267,13930,ORD,"Chicago, IL",14683,SAT,"San Antonio, TX",1252,1245,0,0,1200-1259,1553,1542,0,1500-1559,0,,181,177,1041,5,,,,,,
12,2,1,DL,N853DN,2525,10821,BWI,"Baltimore, MD",10397,ATL,"Atlanta, GA",1116,1112,0,0,1100-1159,1312,1248,0,1300-1359,0,,116,96,577,3,,,,,,
12,5,4,AS,N275AK,169,12889,LAS,"Las Vegas, NV",14747,SEA,"Seattle, WA",0600,0551,0,0,0600-0659,0849,0832,0,0800-0859,0,,169,161,867,4,,,,,,
12,1,7,OH,N253PS,5301,13931,ORF,"Norfolk, VA",14100,PHL,"Philadelphia, PA",1044,1038,0,0,1000-1059,1156,1146,0,1100-1159,0,,72,68,212,1,,,,,,
12,19,4,MQ,N265NN,3542,11298,DFW,"Dallas/Fort Worth, TX",13871,OMA,"Omaha, NE",2042,2038,0,0,2000-2059,2237,2216,0,2200-2259,0,,115,98,583,3,,,,,,
12,11,3,9E,N8986B,5339,11150,CSG,"Columbus, GA",10397,ATL,"Atlanta, GA",0620,0612,0,0,0600-0659,0720,0702,0,0700-0759,0,,60,50,83,1,,,,,,
12,28,6,UA,N16217,2218,12889,LAS,"Las Vegas, NV",12892,LAX,"Los Angeles, CA",1041,1032,0,0,1000-1059,1201,1135,0,1200-1259,0,,80,63,236,1,,,,,,
12,29,7,MQ,N922AE,3856,11298,DFW,"Dallas/Fort Worth, TX",15048,SUX,"Sioux City, IA",1248,1245,0,0,1200-1259,1454,1431,0,1400-1459,0,,126,106,657,3,,,,,,
12,9,1,DL,N930DZ,424,13487,MSP,"Minneapolis, MN",14747,SEA,"Seattle, WA",1810,1854,44,1,1800-1859,2012,2033,21,2000-2059,0,,242,219,1399,6,21,0,0,0,0,
12,14,6,DL,N108DQ,1056,14908,SNA,"Santa Ana, CA",14869,SLC,"Salt Lake City, UT",1653,1723,30,1,1600-1659,1942,2005,23,1900-1959,0,,109,102,588,3,12,0,0,0,11,
12,20,5,WN,N435WN,1980,14057,PDX,"Portland, OR",14893,SMF,"Sacramento, CA",1415,1414,0,0,1400-1459,1545,1540,0,1500-1559,0,,90,86,479,2,,,,,,
12,5,4,F9,N709FR,106,13204,MCO,"Orlando, FL",14843,SJU,"San Juan, PR",1308,1306,0,0,1300-1359,1710,1715,5,1700-1759,0,,182,189,1189,5,,,,,,
12,16,1,UA,N17229,667,13930,ORD,"Chicago, IL",14107,PHX,"Phoenix, AZ",0740,0733,0,0,0700-0759,1029,1038,9,1000-1059,0,,229,245,1440,6,,,,,,
12,11,3,OO,N272SY,3553,15376,TUS,"Tucson, AZ",14869,SLC,"Salt Lake City, UT",1700,1655,0,0,1700-1759,1904,1856,0,1900-1959,0,,124,121,601,3,,,,,,
12,5,4,NK,N532NK,573,10800,BUR,"Burbank, CA",12889,LAS,"Las Vegas, NV",1331,1325,0,0,1300-1359,1441,1423,0,1400-1459,0,,70,58,223,1,,,,,,
12,19,4,WN,N709SW,396,12953,LGA,"New York, NY",15304,TPA,"Tampa, FL",1530,1806,156,1,1500-1559,1840,2105,145,1800-1859,0,,190,179,1010,5,101,0,0,0,44,
12,21,6,OO,N910SW,5568,14262,PSP,"Palm Springs, CA",11292,DEN,"Denver, CO",1621,1744,83,1,1600-1659,1940,2057,77,1900-1959,0,,139,133,776,4,30,0,0,0,47,
12,20,5,WN,N7727A,5867,10800,BUR,"Burbank, CA",14831,SJC,"San Jose, CA",1600,1556,0,0,1600-1659,1705,1703,0,1700-1759,0,,65,67,296,2,,,,,,
12,3,2,DL,N373DA,2810,11292,DEN,"Denver, CO",12953,LGA,"New York, NY",1720,1717,0,0,1700-1759,2257,2247,0,2200-2259,0,,217,210,1620,7,,,,,,
12,7,6,G4,215NV,898,14112,PIE,"St. Petersburg, FL",11537,ELM,"Elmira/Corning, NY",1331,1331,0,0,1300-1359,1609,1605,0,1600-1659,0,,158,154,1035,5,,,,,,
12,3,2,WN,N7887A,2250,12892,LAX,"Los Angeles, CA",12889,LAS,"Las Vegas, NV",1915,1943,28,1,1900-1959,2025,2046,21,2000-2059,0,,70,63,236,1,7,0,0,0,14,
12,31,2,UA,N69888,2118,12266,IAH,"Houston, TX",11292,DEN,"Denver, CO",0810,0800,0,0,0800-0859,0949,0941,0,0900-0959,0,,159,161,862,4,,,,,,
12,4,3,DL,N363DN,2594,11278,DCA,"Washington, DC",10397,ATL,"Atlanta, GA",1109,1105,0,0,1100-1159,1313,1244,0,1300-1359,0,,124,99,547,3,,,,,,
12,22,7,OO,N141SY,5695,13342,MKE,"Milwaukee, WI",11292,DEN,"Denver, CO",1459,1459,0,0,1400-1459,1702,1638,0,1700-1759,0,,183,159,896,4,,,,,,
12,13,5,OO,N448SW,4297,11433,DTW,"Detroit, MI",13076,LSE,"La Crosse, WI",1210,1208,0,0,1200-1259,1256,1237,0,1200-1259,0,,106,89,416,2,,,,,,
12,19,4,WN,N559WN,2219,14869,SLC,"Salt Lake City, UT",14893,SMF,"Sacramento, CA",0745,0743,0,0,0700-0759,0840,0834,0,0800-0859,0,,115,111,532,3,,,,,,
12,14,6,B6,N975JT,839,12478,JFK,"New York, NY",10732,BQN,"Aguadilla, PR",2359,0124,85,1,2300-2359,0442,0633,111,0001-0559,0,,223,249,1576,7,21,0,26,0,64,
12,10,2,EV,N10575,4374,12448,JAN,"Jackson/Vicksburg, MS",12266,IAH,"Houston, TX",1922,1928,6,0,1900-1959,2050,2122,32,2000-2059,0,,88,114,351,2,6,0,26,0,0,
12,27,5,DL,N327NW,1721,14635,RSW,"Fort Myers, FL",12953,LGA,"New York, NY",1840,1856,16,1,1800-1859,2124,2132,8,2100-2159,0,,164,156,1080,5,,,,,,
12,21,6,WN,N754SW,4750,12889,LAS,"Las Vegas, NV",11066,CMH,"Columbus, OH",1255,1330,35,1,1200-1259,1945,2021,36,1900-1959,0,,230,231,1771,8,33,0,1,0,2,
12,3,2,WN,,1749,14321,PWM,"Portland, ME",10821,BWI,"Baltimore, MD",0530,,,,0001-0559,0715,,,0700-0759,1,B,105,,452,2,,,,,,
12,20,5,AS,N285VA,1790,14747,SEA,"Seattle, WA",14771,SFO,"San Francisco, CA",0700,0808,68,1,0700-0759,0920,1038,78,0900-0959,0,,140,150,679,3,0,0,78,0,0,
12,6,5,NK,N663NK,845,11433,DTW,"Detroit, MI",11697,FLL,"Fort Lauderdale, FL",1855,1850,0,0,1800-1859,2205,2136,0,2200-2259,0,,190,166,1127,5,,,,,,
12,28,6,DL,N302DQ,580,13931,ORF,"Norfolk, VA",10397,ATL,"Atlanta, GA",1635,1631,0,0,1600-1659,1836,1826,0,1800-1859,0,,121,115,516,3,,,,,,
12,12,4,DL,N327DN,2964,10721,BOS,"Boston, MA",11433,DTW,"Detroit, MI",1930,1947,17,1,1900-1959,2150,2207,17,2100-2159,0,,140,140,632,3,0,0,0,0,17,
12,26,4,OO,N936EV,3848,13485,MSN,"Madison, WI",11433,DTW,"Detroit, MI",0635,0629,0,0,0600-0659,0859,0832,0,0800-0859,0,,84,63,311,2,,,,,,
12,23,1,DL,N928DU,1980,12451,JAX,"Jacksonville, FL",10397,ATL,"Atlanta, GA",1840,1843,3,0,1800-1859,2001,2028,27,2000-2059,0,,81,105,270,2,0,0,27,0,0,
12,24,2,OO,N448SW,3570,11433,DTW,"Detroit, MI",11042,CLE,"Cleveland, OH",0820,0822,2,0,0800-0859,0932,0902,0,0900-0959,0,,72,40,95,1,,,,,,
12,29,7,OH,N525AE,5234,11267,DAY,"Dayton, OH",11057,CLT,"Charlotte, NC",0645,0637,0,0,0600-0659,0834,0856,22,0800-0859,0,,109,139,370,2,0,0,22,0,0,
12,12,4,WN,N8565Z,2374,14107,PHX,"Phoenix, AZ",13487,MSP,"Minneapolis, MN",1205,1208,3,0,1200-1259,1615,1604,0,1600-1659,0,,190,176,1276,6,,,,,,
12,8,7,UA,N12218,2138,11618,EWR,"Newark, NJ",12889,LAS,"Las Vegas, NV",1016,1007,0,0,1000-1059,1258,1301,3,1200-1259,0,,342,354,2227,9,,,,,,
12,9,1,AA,N349AN,2665,14100,PHL,"Philadelphia, PA",13303,MIA,"Miami, FL",1045,1203,78,1,1000-1059,1349,1440,51,1300-1359,0,,184,157,1013,5,51,0,0,0,0,
12,3,2,AA,N886NN,2375,11298,DFW,"Dallas/Fort Worth, TX",14869,SLC,"Salt Lake City, UT",1901,1938,37,1,1900-1959,2058,2132,34,2000-2059,0,,177,174,989,4,6,0,0,0,28,
12,30,1,YV,N85352,6341,12264,IAD,"Washington, DC",13851,OKC,"Oklahoma City, OK",1730,1730,0,0,1700-1759,1956,1945,0,1900-1959,0,,206,195,1136,5,,,,,,
12,25,3,DL,N390DN,1217,12889,LAS,"Las Vegas, NV",11433,DTW,"Detroit, MI",1240,1234,0,0,1200-1259,1937,1912,0,1900-1959,0,,237,218,1749,7,,,,,,
12,31,2,AA,N808AN,356,11298,DFW,"Dallas/Fort Worth, TX",12892,LAX,"Los Angeles, CA",1900,1856,0,0,1900-1959,2028,2007,0,2000-2059,0,,208,191,1235,5,,,,,,
12,2,1,NK,N653NK,1046,12889,LAS,"Las Vegas, NV",11298,DFW,"Dallas/Fort Worth, TX",0909,0900,0,0,0900-0959,1348,1322,0,1300-1359,0,,159,142,1055,5,,,,,,
12,17,2,DL,N321DH,1772,10397,ATL,"Atlanta, GA",14107,PHX,"Phoenix, AZ",1109,1139,30,1,1100-1159,1332,1346,14,1300-1359,0,,263,247,1587,7,,,,,,
12,3,2,YX,N748YX,3654,12266,IAH,"Houston, TX",11986,GRR,"Grand Rapids, MI",1159,1153,0,0,1100-1159,1552,1529,0,1500-1559,0,,173,156,1042,5,,,,,,
12,16,1,WN,N742SW,2011,13204,MCO,"Orlando, FL",10821,BWI,"Baltimore, MD",2155,2210,15,1,2100-2159,0005,0026,21,0001-0559,0,,130,136,787,4,13,0,6,0,2,
12,14,6,AA,N350AN,2665,14100,PHL,"Philadelphia, PA",13303,MIA,"Miami, FL",1045,1041,0,0,1000-1059,1349,1350,1,1300-1359,0,,184,189,1013,5,,,,,,
12,25,3,DL,N922DZ,2737,14635,RSW,"Fort Myers, FL",13487,MSP,"Minneapolis, MN",0730,0726,0,0,0700-0759,1011,0942,0,1000-1059,0,,221,196,1416,6,,,,,,
12,4,3,OO,N151SY,5435,14107,PHX,"Phoenix, AZ",12892,LAX,"Los Angeles, CA",1122,1110,0,0,1100-1159,1155,1153,0,1100-1159,0,,93,103,370,2,,,,,,
12,18,3,UA,N812UA,2088,13930,ORD,"Chicago, IL",13871,OMA,"Omaha, NE",2113,2108,0,0,2100-2159,2248,2231,0,2200-2259,0,,95,83,416,2,,,,,,
12,8,7,YX,N126HQ,4615,11278,DCA,"Washington, DC",14321,PWM,"Portland, ME",2213,2206,0,0,2200-2259,2347,2334,0,2300-2359,0,,94,88,482,2,,,,,,
12,25,3,WN,N242WN,5205,12889,LAS,"Las Vegas, NV",14570,RNO,"Reno, NV",1935,2003,28,1,1900-1959,2050,2111,21,2000-2059,0,,75,68,345,2,11,0,0,0,10,
12,24,2,EV,N611UX,4130,13930,ORD,"Chicago, IL",14683,SAT,"San Antonio, TX",1010,1017,7,0,1000-1059,1329,1301,0,1300-1359,0,,199,164,1041,5,,,,,,
12,21,6,DL,N995AT,1638,12191,HOU,"Houston, TX",10397,ATL,"Atlanta, GA",1005,1037,32,1,1000-1059,1305,1323,18,1300-1359,0,,120,106,696,3,6,0,0,0,12,
12,16,1,OH,N591NN,5623,15624,VPS,"Valparaiso, FL",11057,CLT,"Charlotte, NC",0602,0555,0,0,0600-0659,0846,0845,0,0800-0859,0,,104,110,460,2,,,,,,
12,9,1,DL,N365NB,1698,10620,BIL,"Billings, MT",14869,SLC,"Salt Lake City, UT",0610,0604,0,0,0600-0659,0735,0723,0,0700-0759,0,,85,79,387,2,,,,,,
12,5,4,EV,N27200,4307,12266,IAH,"Houston, TX",14814,SHV,"Shreveport, LA",1420,1416,0,0,1400-1459,1523,1509,0,1500-1559,0,,63,53,192,1,,,,,,
12,6,5,OO,N952SW,5225,11292,DEN,"Denver, CO",10627,BIS,"Bismarck/Mandan, ND",1728,1726,0,0,1700-1759,2010,2013,3,2000-2059,0,,102,107,516,3,,,,,,
12,28,6,F9,N334FR,154,11292,DEN,"Denver, CO",11423,DSM,"Des Moines, IA",1625,1744,79,1,1600-1659,1915,2045,90,1900-1959,0,,110,121,589,3,0,9,11,0,70,
12,25,3,WN,N291WN,6533,12191,HOU,"Houston, TX",11140,CRP,"Corpus Christi, TX",1930,1925,0,0,1900-1959,2025,2007,0,2000-2059,0,,55,42,187,1,,,,,,
12,21,6,WN,N201LV,1912,13232,MDW,"Chicago, IL",10423,AUS,"Austin, TX",0805,0827,22,1,0800-0859,1100,1059,0,1100-1159,0,,175,152,972,4,,,,,,
12,20,5,NK,N655NK,1012,14635,RSW,"Fort Myers, FL",11618,EWR,"Newark, NJ",1030,1016,0,0,1000-1059,1314,1255,0,1300-1359,0,,164,159,1068,5,,,,,,
12,15,7,UA,N78501,263,14057,PDX,"Portland, OR",12266,IAH,"Houston, TX",1255,1247,0,0,1200-1259,1854,1839,0,1800-1859,0,,239,232,1825,8,,,,,,
12,8,7,DL,N354DN,1298,13485,MSN,"Madison, WI",11433,DTW,"Detroit, MI",0900,0858,0,0,0900-0959,1115,1110,0,1100-1159,0,,75,72,311,2,,,,,,
12,30,1,WN,N201LV,1367,12889,LAS,"Las Vegas, NV",14831,SJC,"San Jose, CA",0530,0540,10,0,0001-0559,0700,0650,0,0700-0759,0,,90,70,386,2,,,,,,
12,13,5,DL,N921AT,2394,13485,MSN,"Madison, WI",10397,ATL,"Atlanta, GA",1105,1103,0,0,1100-1159,1415,1422,7,1400-1459,0,,130,139,707,3,,,,,,
12,14,6,F9,N338FR,2930,14107,PHX,"Phoenix, AZ",11433,DTW,"Detroit, MI",0715,0705,0,0,0700-0759,1301,1243,0,1300-1359,0,,226,218,1671,7,,,,,,
12,9,1,OO,N291SY,3846,13871,OMA,"Omaha, NE",12953,LGA,"New York, NY",0605,0604,0,0,0600-0659,1003,1017,14,1000-1059,0,,178,193,1148,5,,,,,,
12,5,4,YX,N241JQ,6128,13198,MCI,"Kansas City, MO",12953,LGA,"New York, NY",0820,0826,6,0,0800-0859,1210,1202,0,1200-1259,0,,170,156,1107,5,,,,,,
12,7,6,OH,N564NN,5343,11057,CLT,"Charlotte, NC",14685,SAV,"Savannah, GA",0940,0933,0,0,0900-0959,1100,1102,2,1100-1159,0,,80,89,213,1,,,,,,
12,13,5,B6,N190JB,2402,12478,JFK,"New York, NY",10792,BUF,"Buffalo, NY",1436,1427,0,0,1400-1459,1559,1537,0,1500-1559,0,,83,70,301,2,,,,,,
12,25,3,WN,N554WN,4792,11259,DAL,"Dallas, TX",13198,MCI,"Kansas City, MO",1335,1332,0,0,1300-1359,1510,1447,0,1500-1559,0,,95,75,461,2,,,,,,
12,18,3,DL,N342NB,1531,12478,JFK,"New York, NY",10721,BOS,"Boston, MA",0700,0751,51,1,0700-0759,0821,0909,48,0800-0859,0,,81,78,187,1,0,0,48,0,0,
12,15,7,UA,N16234,368,14771,SFO,"San Francisco, CA",14262,PSP,"Palm Springs, CA",1150,1143,0,0,1100-1159,1327,1257,0,1300-1359,0,,97,74,421,2,,,,,,
12,26,4,NK,N693NK,438,11697,FLL,"Fort Lauderdale, FL",15027,STX,"Christiansted, VI",1200,1218,18,1,1200-1259,1540,1556,16,1500-1559,0,,160,158,1140,5,16,0,0,0,0,
12,7,6,B6,N524JB,1631,14869,SLC,"Salt Lake City, UT",12954,LGB,"Long Beach, CA",1518,1556,38,1,1500-1559,1608,1648,40,1600-1659,0,,110,112,588,3,0,0,2,0,38,
12,15,7,AA,N931AN,1282,14683,SAT,"San Antonio, TX",11298,DFW,"Dallas/Fort Worth, TX",1237,1234,0,0,1200-1259,1349,1338,0,1300-1359,0,,72,64,247,1,,,,,,
12,16,1,UA,N69838,633,13204,MCO,"Orlando, FL",13930,ORD,"Chicago, IL",1245,1239,0,0,1200-1259,1435,1448,13,1400-1459,0,,170,189,1005,5,,,,,,
12,9,1,AA,N173AN,1853,11298,DFW,"Dallas/Fort Worth, TX",10721,BOS,"Boston, MA",1020,1142,82,1,1000-1059,1449,1619,90,1400-1459,0,,209,217,1562,7,0,0,90,0,0,
12,27,5,AA,N830AW,1804,12266,IAH,"Houston, TX",11057,CLT,"Charlotte, NC",0853,0852,0,0,0800-0859,1218,1216,0,1200-1259,0,,145,144,912,4,,,,,,
12,12,4,WN,N7752B,757,13232,MDW,"Chicago, IL",10397,ATL,"Atlanta, GA",2050,2048,0,0,2000-2059,2345,2326,0,2300-2359,0,,115,98,591,3,,,,,,
12,7,6,AA,N825AW,2455,11278,DCA,"Washington, DC",15304,TPA,"Tampa, FL",0959,0951,0,0,0900-0959,1233,1200,0,1200-1259,0,,154,129,814,4,,,,,,
12,18,3,OO,N728SK,3178,14107,PHX,"Phoenix, AZ",11921,GJT,"Grand Junction, CO",1625,1624,0,0,1600-1659,1755,1743,0,1700-1759,0,,90,79,438,2,,,,,,
12,4,3,9E,N336PQ,5395,11433,DTW,"Detroit, MI",11423,DSM,"Des Moines, IA",2010,2010,0,0,2000-2059,2117,2114,0,2100-2159,0,,127,124,534,3,,,,,,
12,5,4,AA,N659AW,1857,11057,CLT,"Charlotte, NC",10994,CHS,"Charleston, SC",2028,2041,13,0,2000-2059,2137,2138,1,2100-2159,0,,69,57,168,1,,,,,,
12,30,1,OO,N916SW,5950,11292,DEN,"Denver, CO",10627,BIS,"Bismarck/Mandan, ND",1108,1108,0,0,1100-1159,1400,1408,8,1400-1459,0,,112,120,516,3,,,,,,
12,19,4,DL,N114DU,2956,11618,EWR,"Newark, NJ",13487,MSP,"Minneapolis, MN",0600,0605,5,0,0600-0659,0759,0810,11,0700-0759,0,,179,185,1008,5,,,,,,
12,5,4,DL,N823DN,1625,10397,ATL,"Atlanta, GA",10821,BWI,"Baltimore, MD",1952,1947,0,0,1900-1959,2141,2132,0,2100-2159,0,,109,105,577,3,,,,,,
12,12,4,MQ,N240NN,3759,15919,XNA,"Fayetteville, AR",13930,ORD,"Chicago, IL",0614,0607,0,0,0600-0659,0806,0752,0,0800-0859,0,,112,105,522,3,,,,,,
12,2,1,YX,N107HQ,4545,14307,PVD,"Providence, RI",14100,PHL,"Philadelphia, PA",1444,1512,28,1,1400-1459,1606,1640,34,1600-1659,0,,82,88,237,1,0,0,34,0,0,
12,26,4,DL,N110DU,2862,14869,SLC,"Salt Lake City, UT",14771,SFO,"San Francisco, CA",1110,1117,7,0,1100-1159,1224,1207,0,1200-1259,0,,134,110,599,3,,,,,,
12,16,1,UA,N463UA,393,12953,LGA,"New York, NY",11292,DEN,"Denver, CO",1355,1350,0,0,1300-1359,1625,1631,6,1600-1659,0,,270,281,1620,7,,,,,,
12,18,3,OO,N941SW,5207,11109,COS,"Colorado Springs, CO",12266,IAH,"Houston, TX",0745,0738,0,0,0700-0759,1119,1056,0,1100-1159,0,,154,138,809,4,,,,,,
12,14,6,AS,N361VA,1929,12892,LAX,"Los Angeles, CA",14771,SFO,"San Francisco, CA",1330,1330,0,0,1300-1359,1503,1455,0,1500-1559,0,,93,85,337,2,,,,,,
12,4,3,HA,N395HA,34,13830,OGG,"Kahului, HI",12892,LAX,"Los Angeles, CA",1335,1339,4,0,1300-1359,2050,2034,0,2000-2059,0,,315,295,2486,10,,,,,,
12,8,7,B6,N987JT,498,14747,SEA,"Seattle, WA",10721,BOS,"Boston, MA",2359,2359,0,0,2300-2359,0807,0803,0,0800-0859,0,,308,304,2496,10,,,,,,
12,19,4,YX,N209JQ,6057,10721,BOS,"Boston, MA",12953,LGA,"New York, NY",1100,1136,36,1,1100-1159,1223,1308,45,1200-1259,0,,83,92,184,1,0,0,9,0,36,
12,21,6,YV,N501MJ,6015,12264,IAD,"Washington, DC",14307,PVD,"Providence, RI",0810,0818,8,0,0800-0859,0939,0933,0,0900-0959,0,,89,75,371,2,,,,,,
12,17,2,YV,N932LR,5931,11298,DFW,"Dallas/Fort Worth, TX",11995,GSO,"Greensboro/High Point, NC",1337,1353,16,1,1300-1359,1658,1707,9,1600-1659,0,,141,134,999,4,,,,,,
